00001,7,1641.201904296875,388.4929504394531,277.8323974609375,237.61880493164062,0.9953334927558899,-1,-1,-1
00001,2,1639.5360107421875,389.4303283691406,262.2373046875,234.29226684570312,0.9734176993370056,-1,-1,-1
00002,2,24.72620964050293,18.966943740844727,1834.172227859497,206.6538906097412,0.8004642128944397,-1,-1,-1
00002,2,832.8826904296875,114.46662139892578,149.76416015625,58.77709197998047,0.804786205291748,-1,-1,-1
00002,7,1628.0567626953125,387.14410400390625,299.7701416015625,234.00469970703125,0.993416428565979,-1,-1,-1
00002,2,1624.6536865234375,387.71160888671875,291.381591796875,235.050048828125,0.9919176697731018,-1,-1,-1
00003,2,26.34402084350586,17.880741119384766,1832.4798316955566,208.19750595092773,0.8147728443145752,-1,-1,-1
00003,2,832.933349609375,114.1284408569336,149.86065673828125,59.089988708496094,0.8084803223609924,-1,-1,-1
00003,2,1610.6439208984375,379.8406677246094,313.6624755859375,250.42514038085938,0.9974356293678284,-1,-1,-1
00003,7,1629.3648681640625,381.76947021484375,297.3846435546875,239.764892578125,0.9504584074020386,-1,-1,-1
00004,2,30.42205810546875,16.303640365600586,1823.9816284179688,209.8877658843994,0.8090817928314209,-1,-1,-1
00004,7,1593.6365966796875,376.81414794921875,324.675537109375,245.22796630859375,0.9971815347671509,-1,-1,-1
00005,2,35.96902847290039,16.83873176574707,1811.1449851989746,209.7441692352295,0.8000507950782776,-1,-1,-1
00005,7,1564.1552734375,350.52105712890625,359.9403076171875,314.98126220703125,0.9044920802116394,-1,-1,-1
00005,2,1553.69482421875,381.9676513671875,355.9876708984375,234.24609375,0.9984196424484253,-1,-1,-1
00006,7,1549.1610107421875,360.7608642578125,373.8870849609375,273.4381103515625,0.9970067143440247,-1,-1,-1
00006,2,833.051025390625,114.70712280273438,150.7694091796875,58.70097351074219,0.8296781778335571,-1,-1,-1
00006,2,46.16560745239258,17.47410774230957,1791.29301071167,209.44882011413574,0.8017798662185669,-1,-1,-1
00007,7,1525.134033203125,360.1331787109375,402.5030517578125,275.27703857421875,0.9899779558181763,-1,-1,-1
00008,7,1504.4112548828125,358.2637939453125,423.7724609375,274.4822998046875,0.9919143915176392,-1,-1,-1
00009,7,1473.3424072265625,360.58978271484375,457.594482421875,254.42340087890625,0.9929311275482178,-1,-1,-1
00010,7,1462.2574462890625,359.22821044921875,473.3223876953125,254.2921142578125,0.9941748976707458,-1,-1,-1
00011,7,1437.103759765625,333.9302978515625,489.9886474609375,280.09912109375,0.993407130241394,-1,-1,-1
00011,2,1731.80224609375,158.7079315185547,61.466796875,53.30717468261719,0.8389302492141724,-1,-1,-1
00011,2,829.38720703125,113.1242904663086,152.05126953125,60.70557403564453,0.8362436294555664,-1,-1,-1
00011,2,1763.9952392578125,129.90333557128906,57.1832275390625,42.521270751953125,0.8179563879966736,-1,-1,-1
00012,7,1419.2879638671875,326.9602355957031,495.441650390625,287.5639953613281,0.9906759262084961,-1,-1,-1
00012,2,829.547119140625,113.11551666259766,151.662353515625,60.609779357910156,0.8407487869262695,-1,-1,-1
00012,2,1731.938720703125,158.0088653564453,61.201416015625,54.43006896972656,0.8285262584686279,-1,-1,-1
00012,2,1764.0032958984375,129.6627960205078,57.7054443359375,43.456695556640625,0.8259463310241699,-1,-1,-1
00013,7,1392.173583984375,327.7350769042969,503.247314453125,274.5260925292969,0.9929518103599548,-1,-1,-1
00013,2,829.2904052734375,115.69131469726562,154.987548828125,58.262786865234375,0.8789334893226624,-1,-1,-1
00013,2,1730.802490234375,156.48753356933594,63.498779296875,56.13612365722656,0.8237527012825012,-1,-1,-1
00014,7,1374.7830810546875,328.7779846191406,502.361083984375,276.4185485839844,0.9923875331878662,-1,-1,-1
00014,2,829.9338989257812,115.76318359375,154.72467041015625,58.13169860839844,0.8562440872192383,-1,-1,-1
00014,2,1730.90771484375,156.33660888671875,62.4989013671875,55.730743408203125,0.8354570865631104,-1,-1,-1
00015,7,1358.322265625,329.2082824707031,509.0660400390625,266.4297180175781,0.987217128276825,-1,-1,-1
00015,2,829.971923828125,114.74874877929688,154.1357421875,59.056549072265625,0.8755704164505005,-1,-1,-1
00015,2,1730.970458984375,156.62596130371094,62.54736328125,56.212066650390625,0.8561429977416992,-1,-1,-1
00016,7,1312.172119140625,328.2043762207031,520.876708984375,261.0532531738281,0.9956454038619995,-1,-1,-1
00016,2,829.2135620117188,113.8606185913086,154.19146728515625,59.97466278076172,0.9006421566009521,-1,-1,-1
00016,2,34.33058547973633,18.782819747924805,1813.2504692077637,206.3744068145752,0.8023732900619507,-1,-1,-1
00016,2,1730.739013671875,157.2168426513672,63.2332763671875,55.66322326660156,0.826380729675293,-1,-1,-1
00017,7,1292.0938720703125,326.841796875,510.94482421875,249.1478271484375,0.9960789084434509,-1,-1,-1
00017,2,829.5239868164062,114.10016632080078,153.6124267578125,60.02576446533203,0.915877103805542,-1,-1,-1
00017,2,40.41341781616211,20.263050079345703,1800.642490386963,202.2818260192871,0.8071153163909912,-1,-1,-1
00017,2,1730.9530029296875,157.56768798828125,62.640380859375,55.20161437988281,0.8201532959938049,-1,-1,-1
00018,7,1243.35107421875,323.8771057128906,527.9793701171875,258.2579650878906,0.9979491829872131,-1,-1,-1
00018,2,829.1926879882812,113.86962890625,153.948974609375,59.98954772949219,0.9158837795257568,-1,-1,-1
00018,2,30.68206787109375,21.434818267822266,1818.1884155273438,200.1364860534668,0.8258488178253174,-1,-1,-1
00018,2,1731.1883544921875,158.41148376464844,62.3104248046875,54.42189025878906,0.8054243922233582,-1,-1,-1
00019,7,1237.9788818359375,309.94488525390625,480.6851806640625,252.90771484375,0.9978830218315125,-1,-1,-1
00019,2,829.2946166992188,113.69462585449219,154.0634765625,60.14398193359375,0.9238541722297668,-1,-1,-1
00019,2,29.18031883239746,23.075302124023438,1817.4642124176025,196.11141967773438,0.8175718188285828,-1,-1,-1
00020,7,1210.6822509765625,300.1847229003906,491.2890625,257.0356140136719,0.9979953765869141,-1,-1,-1
00020,2,829.2261962890625,113.54651641845703,154.6214599609375,60.27080535888672,0.9319230914115906,-1,-1,-1
00020,2,24.38408660888672,26.625120162963867,1823.4866409301758,192.0641040802002,0.8141476511955261,-1,-1,-1
00021,7,1165.4068603515625,305.0810546875,484.45263671875,228.8798828125,0.9958879351615906,-1,-1,-1
00021,2,829.1746826171875,113.37580871582031,155.8194580078125,60.447174072265625,0.9423425197601318,-1,-1,-1
00021,2,46.167579650878906,24.008472442626953,1779.6552963256836,193.3736686706543,0.8231058120727539,-1,-1,-1
00022,7,1132.859619140625,291.1634521484375,472.4942626953125,242.8524169921875,0.9979454874992371,-1,-1,-1
00022,2,829.1891479492188,113.16876220703125,156.31402587890625,60.42314147949219,0.9400302171707153,-1,-1,-1
00022,2,46.1360969543457,21.961071014404297,1771.6501579284668,191.31019973754883,0.8094961047172546,-1,-1,-1
00023,7,1099.38037109375,279.44281005859375,465.63232421875,257.21868896484375,0.9970832467079163,-1,-1,-1
00023,2,829.645751953125,112.92472839355469,155.89154052734375,59.717132568359375,0.9244064688682556,-1,-1,-1
00023,2,61.12779235839844,20.21526527404785,1744.682388305664,191.77611351013184,0.8208950161933899,-1,-1,-1
00024,7,1076.9578857421875,273.1162414550781,469.588623046875,251.34512329101562,0.9949536919593811,-1,-1,-1
00024,2,830.2100219726562,111.67796325683594,154.68408203125,61.079193115234375,0.9467994570732117,-1,-1,-1
00024,2,49.50270080566406,19.2851619720459,1773.914047241211,186.35767555236816,0.8338251709938049,-1,-1,-1
00025,7,1020.725341796875,280.07122802734375,484.7183837890625,222.1917724609375,0.9915628433227539,-1,-1,-1
00025,2,831.0365600585938,111.95294189453125,152.37713623046875,60.41194152832031,0.9078799486160278,-1,-1,-1
00025,2,56.79206466674805,17.244943618774414,1760.4810066223145,185.32016563415527,0.8081330060958862,-1,-1,-1
00026,7,1009.7298583984375,273.75335693359375,468.347412109375,228.68362426757812,0.9926667809486389,-1,-1,-1
00026,2,831.330810546875,111.73380279541016,151.33721923828125,60.708900451660156,0.9107787013053894,-1,-1,-1
00027,7,958.95751953125,267.38836669921875,473.5186767578125,222.1087646484375,0.9949854612350464,-1,-1,-1
00027,2,831.0552368164062,112.41288757324219,153.26220703125,60.87928771972656,0.9150304794311523,-1,-1,-1
00028,2,830.5296630859375,112.39900970458984,154.34246826171875,60.999717712402344,0.8898378014564514,-1,-1,-1
00028,7,950.7695922851562,251.11619567871094,462.53472900390625,236.7820281982422,0.9954777359962463,-1,-1,-1
00029,7,891.1185302734375,256.87353515625,467.2086181640625,212.70440673828125,0.9998109936714172,-1,-1,-1
00029,2,830.825927734375,112.20999145507812,153.569091796875,61.55522155761719,0.8839570879936218,-1,-1,-1
00030,2,830.2793579101562,111.37735748291016,155.13275146484375,62.36334991455078,0.9190802574157715,-1,-1,-1
00030,7,870.71826171875,248.111572265625,468.5489501953125,216.36395263671875,0.9394828081130981,-1,-1,-1
00031,2,830.5776977539062,111.9444808959961,155.808837890625,63.56841278076172,0.9437941908836365,-1,-1,-1
00031,7,822.4834594726562,242.764892578125,452.80218505859375,213.99130249023438,0.9994760155677795,-1,-1,-1
00032,2,831.3126220703125,111.25495147705078,155.34722900390625,64.4540786743164,0.9666103720664978,-1,-1,-1
00032,7,808.6082763671875,228.0712432861328,451.122802734375,230.3428497314453,0.994572103023529,-1,-1,-1
00033,2,831.4290771484375,111.40489196777344,155.480224609375,64.39019775390625,0.9729985594749451,-1,-1,-1
00033,2,357.7054748535156,125.34322357177734,136.53598022460938,64.28673553466797,0.8029466867446899,-1,-1,-1
00033,7,768.4993896484375,222.77322387695312,438.1414794921875,215.20333862304688,0.9997561573982239,-1,-1,-1
00034,2,831.5140991210938,108.31491088867188,155.68609619140625,68.39936828613281,0.9759543538093567,-1,-1,-1
00034,7,728.2559814453125,230.93980407714844,460.76318359375,192.94578552246094,0.9993795156478882,-1,-1,-1
00034,2,356.7500915527344,124.28907012939453,140.4049072265625,65.6087417602539,0.8022983074188232,-1,-1,-1
00035,2,832.7304077148438,109.28892517089844,153.35699462890625,67.58119201660156,0.9844557046890259,-1,-1,-1
00035,7,708.2268676757812,224.70709228515625,443.26971435546875,190.5709228515625,0.9993355870246887,-1,-1,-1
00035,2,356.24420166015625,124.25892639160156,141.58843994140625,65.67147827148438,0.8165459632873535,-1,-1,-1
00036,2,833.7001342773438,109.31062316894531,151.36700439453125,68.06007385253906,0.9845558404922485,-1,-1,-1
00036,7,670.52685546875,224.76161193847656,438.310791015625,192.60691833496094,0.9995330572128296,-1,-1,-1
00036,2,356.7608337402344,124.5196762084961,140.528564453125,65.20903778076172,0.8457015752792358,-1,-1,-1
00037,2,833.6358032226562,110.3944320678711,151.2288818359375,67.88152313232422,0.9870452284812927,-1,-1,-1
00037,2,356.9606628417969,124.99754333496094,140.4615478515625,65.197021484375,0.8425403237342834,-1,-1,-1
00037,7,646.2802734375,229.01817321777344,433.94970703125,179.7172088623047,0.9996248483657837,-1,-1,-1
00038,2,832.9089965820312,110.96712493896484,152.31451416015625,66.0694808959961,0.9839582443237305,-1,-1,-1
00038,2,357.9350280761719,126.00184631347656,137.49081420898438,64.43632507324219,0.8395293951034546,-1,-1,-1
00038,7,630.0770263671875,232.9535369873047,400.600830078125,167.89833068847656,0.9971480965614319,-1,-1,-1
00038,2,622.5278930664062,225.96334838867188,371.19683837890625,167.3402099609375,0.959349513053894,-1,-1,-1
00039,2,834.32177734375,111.05921173095703,149.187255859375,64.0624771118164,0.979156494140625,-1,-1,-1
00039,2,357.2977600097656,125.26093292236328,136.22796630859375,63.81177520751953,0.8231412172317505,-1,-1,-1
00039,7,611.289794921875,234.4092254638672,396.67559814453125,158.1411895751953,0.9962390661239624,-1,-1,-1
00039,2,610.5374145507812,224.33969116210938,386.7291259765625,168.9288330078125,0.9997937083244324,-1,-1,-1
00040,2,833.9258422851562,111.59989166259766,149.14801025390625,63.08557891845703,0.9799399971961975,-1,-1,-1
00040,7,578.4247436523438,215.3983154296875,383.48150634765625,171.75933837890625,0.9996535778045654,-1,-1,-1
00040,2,357.6044006347656,125.64183044433594,135.30319213867188,63.57347106933594,0.8472571969032288,-1,-1,-1
00041,2,833.7530517578125,113.53648376464844,150.89947509765625,63.24272155761719,0.9816111326217651,-1,-1,-1
00041,7,561.2453002929688,219.33169555664062,357.76031494140625,160.92318725585938,0.9974296689033508,-1,-1,-1
00041,2,358.2442321777344,124.783203125,135.29672241210938,65.03472900390625,0.8449127674102783,-1,-1,-1
00042,2,833.9688110351562,113.69673156738281,150.987548828125,62.791900634765625,0.9775855541229248,-1,-1,-1
00042,7,527.6551513671875,219.4615478515625,376.09368896484375,153.16854858398438,0.9977593421936035,-1,-1,-1
00042,2,358.2186279296875,124.88673400878906,135.43618774414062,65.22663879394531,0.8344888091087341,-1,-1,-1
00043,2,834.5023193359375,113.6729736328125,149.43505859375,61.95161437988281,0.9768913388252258,-1,-1,-1
00043,2,357.7601318359375,125.61763763427734,136.49658203125,64.88504791259766,0.8405879735946655,-1,-1,-1
00043,7,501.13763427734375,219.46649169921875,333.856201171875,144.6668701171875,0.9987671375274658,-1,-1,-1
00044,2,832.1172485351562,115.22908020019531,151.30010986328125,58.46070861816406,0.9348084330558777,-1,-1,-1
00044,2,357.3417053222656,125.64176177978516,138.17745971679688,65.52713775634766,0.8256424069404602,-1,-1,-1
00044,2,493.2021789550781,217.01512145996094,328.1094665527344,144.4674835205078,0.9974198341369629,-1,-1,-1
00044,7,500.3673400878906,217.01377868652344,339.4626770019531,139.92979431152344,0.9618715643882751,-1,-1,-1
00045,2,831.0271606445312,115.13957214355469,153.21832275390625,58.72108459472656,0.9042279124259949,-1,-1,-1
00045,7,466.4705505371094,216.7461700439453,318.5669860839844,137.8268280029297,0.9983215928077698,-1,-1,-1
00045,2,356.46063232421875,125.62972259521484,141.26416015625,66.29491424560547,0.8320879340171814,-1,-1,-1
00045,2,13.88735294342041,17.62957000732422,1860.864966392517,195.8531265258789,0.8227189183235168,-1,-1,-1
00046,2,831.0711669921875,114.30974578857422,153.80487060546875,59.385047912597656,0.9222781658172607,-1,-1,-1
00046,7,439.5682067871094,208.89869689941406,310.6152038574219,138.17466735839844,0.9958642721176147,-1,-1,-1
00046,2,355.09686279296875,124.77690887451172,142.99093627929688,66.22339630126953,0.8020347952842712,-1,-1,-1
00047,2,831.2979736328125,114.77832794189453,152.478515625,58.84160614013672,0.8990122675895691,-1,-1,-1
00047,7,419.3408203125,205.91590881347656,312.20782470703125,131.9016876220703,0.9896861910820007,-1,-1,-1
00047,2,355.3773193359375,125.16051483154297,141.03146362304688,63.89527130126953,0.8182535767555237,-1,-1,-1
00048,7,407.0426940917969,198.76780700683594,284.0229797363281,133.55641174316406,0.9914214015007019,-1,-1,-1
00048,2,355.39215087890625,126.94536590576172,139.86163330078125,62.17797088623047,0.8276293873786926,-1,-1,-1
00048,2,830.6954345703125,115.96562194824219,152.8406982421875,57.67439270019531,0.8559070229530334,-1,-1,-1
00048,2,401.80755615234375,207.32102966308594,284.8607177734375,115.55613708496094,0.8511736989021301,-1,-1,-1
00049,7,384.711181640625,199.18670654296875,270.1138916015625,125.09881591796875,0.9818965196609497,-1,-1,-1
00049,2,356.7712707519531,128.34661865234375,136.56021118164062,61.24151611328125,0.8410733342170715,-1,-1,-1
00049,2,831.1231689453125,115.39303588867188,152.72314453125,58.232757568359375,0.8751495480537415,-1,-1,-1
00050,2,830.3358154296875,114.29348754882812,152.47332763671875,59.59849548339844,0.9162870645523071,-1,-1,-1
00050,2,356.358642578125,129.14834594726562,135.87149047851562,61.21876525878906,0.867273211479187,-1,-1,-1
00050,7,362.83062744140625,196.45730590820312,262.05126953125,124.00616455078125,0.98116135597229,-1,-1,-1
00050,2,380.9396667480469,202.46922302246094,233.47750854492188,114.38371276855469,0.9886842370033264,-1,-1,-1
00051,2,359.6134033203125,129.72879028320312,131.9154052734375,60.3109130859375,0.866068422794342,-1,-1,-1
00051,7,350.5858154296875,201.68814086914062,255.294921875,113.20590209960938,0.9477736353874207,-1,-1,-1
00051,2,831.8367309570312,115.78804016113281,152.244873046875,57.509552001953125,0.856292188167572,-1,-1,-1
00052,2,359.27935791015625,129.19369506835938,133.62042236328125,60.08148193359375,0.8497016429901123,-1,-1,-1
00052,2,22.649442672729492,14.451141357421875,1839.985689163208,215.35427856445312,0.8165253400802612,-1,-1,-1
00052,2,831.9213256835938,115.84371948242188,152.07086181640625,57.416351318359375,0.8508236408233643,-1,-1,-1
00052,2,328.8122253417969,201.23699951171875,239.47030639648438,112.275634765625,0.906955361366272,-1,-1,-1
00053,2,832.0911254882812,115.8768539428711,151.39190673828125,57.39946746826172,0.8547950387001038,-1,-1,-1
00053,2,319.3148193359375,201.82553100585938,222.45880126953125,107.35922241210938,0.9976892471313477,-1,-1,-1
00054,2,832.3124389648438,116.0785140991211,150.83819580078125,57.22675323486328,0.8679141402244568,-1,-1,-1
00054,2,295.97601318359375,195.61587524414062,219.79620361328125,113.00271606445312,0.9925554394721985,-1,-1,-1
00055,2,277.9352722167969,194.34010314941406,215.1968994140625,105.08567810058594,0.8621595501899719,-1,-1,-1
00055,2,832.5082397460938,116.70699310302734,150.87322998046875,56.819480895996094,0.8586639761924744,-1,-1,-1
00056,2,-3.060326337814331,25.591876983642578,1883.5309073925018,202.4971580505371,0.8080559372901917,-1,-1,-1
00056,2,261.0167236328125,186.5462188720703,214.16390991210938,108.94047546386719,0.9332957863807678,-1,-1,-1
00056,7,257.02813720703125,193.188232421875,224.78890991210938,111.18963623046875,0.9857946634292603,-1,-1,-1
00057,2,244.2469940185547,191.60910034179688,218.44398498535156,106.171142578125,0.9960824251174927,-1,-1,-1
00057,2,20.5714054107666,23.576519012451172,1838.064214706421,203.87776565551758,0.8119643330574036,-1,-1,-1
00058,2,234.35972595214844,188.8557586669922,195.47889709472656,110.21070861816406,0.9769973754882812,-1,-1,-1
00058,2,34.48312759399414,24.270065307617188,1810.3001976013184,203.80494689941406,0.809079110622406,-1,-1,-1
00058,2,832.241455078125,117.29733276367188,148.505126953125,56.06040954589844,0.8033152222633362,-1,-1,-1
00059,2,217.06201171875,189.66268920898438,198.95883178710938,107.352783203125,0.9929071664810181,-1,-1,-1
00059,2,23.17706871032715,24.142208099365234,1831.2463932037354,204.30035781860352,0.8121381998062134,-1,-1,-1
00060,2,203.41844177246094,189.4899444580078,188.65040588378906,104.90495300292969,0.9962897300720215,-1,-1,-1
00060,2,9.434650421142578,22.017200469970703,1853.65531539917,206.40105819702148,0.8038250207901001,-1,-1,-1
00060,2,831.9693603515625,116.42543029785156,149.90765380859375,57.09907531738281,0.8422200083732605,-1,-1,-1
00061,2,193.05075073242188,193.51902770996094,179.7139892578125,95.97666931152344,0.9978019595146179,-1,-1,-1
00061,2,830.6473999023438,116.11316680908203,151.75567626953125,58.32538604736328,0.8349617719650269,-1,-1,-1
00062,2,174.36166381835938,191.56930541992188,178.0255126953125,99.167724609375,0.9891237020492554,-1,-1,-1
00062,2,830.9171142578125,116.40161895751953,151.1214599609375,58.08849334716797,0.8176475167274475,-1,-1,-1
00063,2,171.5063934326172,187.6543731689453,165.83653259277344,92.79127502441406,0.9924896359443665,-1,-1,-1
00063,2,830.8423461914062,116.30200958251953,150.88153076171875,58.12084197998047,0.8374632596969604,-1,-1,-1
00064,2,158.50328063964844,178.75698852539062,162.4881134033203,97.28265380859375,0.9935118556022644,-1,-1,-1
00064,2,830.8707275390625,116.33528900146484,151.103759765625,58.15081024169922,0.8244882225990295,-1,-1,-1
00065,2,146.12521362304688,178.2386016845703,152.69577026367188,95.68952941894531,0.9860935211181641,-1,-1,-1
00065,2,830.9751586914062,115.81705474853516,150.41363525390625,58.65052032470703,0.8401705622673035,-1,-1,-1
00066,2,132.94395446777344,186.07762145996094,148.6187286376953,84.56764221191406,0.9912860989570618,-1,-1,-1
00066,2,830.8131103515625,115.82801055908203,150.4327392578125,58.50110626220703,0.8659968376159668,-1,-1,-1
00067,2,117.2883071899414,191.77952575683594,140.0215072631836,77.76084899902344,0.9846838116645813,-1,-1,-1
00067,2,830.6812133789062,115.41535186767578,150.98382568359375,58.36951446533203,0.8667805790901184,-1,-1,-1
00068,2,114.74629211425781,190.73399353027344,138.19970703125,76.12065124511719,0.9826640486717224,-1,-1,-1
00068,2,830.755859375,115.61113739013672,151.1234130859375,58.18303680419922,0.8597819805145264,-1,-1,-1
00069,2,105.30232238769531,191.68565368652344,127.04739379882812,72.30281066894531,0.9892470240592957,-1,-1,-1
00069,2,830.8148803710938,115.09545135498047,151.09197998046875,59.06859588623047,0.8888759016990662,-1,-1,-1
00069,2,359.9512939453125,125.60880279541016,130.77166748046875,65.31108856201172,0.8121128082275391,-1,-1,-1
00070,2,83.80777740478516,198.27223205566406,131.34241485595703,66.70118713378906,0.9627912044525146,-1,-1,-1
00070,2,830.8245239257812,115.02688598632812,151.4827880859375,59.64372253417969,0.9115257263183594,-1,-1,-1
00070,2,63.431251525878906,17.615591049194336,1749.328269958496,206.11312294006348,0.8054777979850769,-1,-1,-1
00071,2,81.75161743164062,193.67642211914062,122.08709716796875,69.4794921875,0.9771429300308228,-1,-1,-1
00071,2,833.1495361328125,116.23172760009766,148.8472900390625,58.851646423339844,0.8567685484886169,-1,-1,-1
00072,2,71.92964935302734,191.6507110595703,121.02080535888672,67.82060241699219,0.9312945604324341,-1,-1,-1
00072,2,833.0285034179688,116.23908996582031,149.27996826171875,58.938720703125,0.8534801602363586,-1,-1,-1
00073,2,60.34071350097656,190.03628540039062,115.02606201171875,68.13577270507812,0.8888086676597595,-1,-1,-1
00073,2,17.244169235229492,22.91160011291504,1837.0622272491455,204.5120449066162,0.8065254092216492,-1,-1,-1
00073,2,359.7088623046875,129.31007385253906,130.47909545898438,61.02337646484375,0.806257963180542,-1,-1,-1
00073,2,832.8364868164062,116.75160217285156,149.67657470703125,58.640228271484375,0.8191975951194763,-1,-1,-1
00074,2,359.56353759765625,128.61782836914062,130.836181640625,62.008026123046875,0.8284083604812622,-1,-1,-1
00074,2,50.6906623840332,193.8665771484375,112.24509811401367,65.32608032226562,0.8560560345649719,-1,-1,-1
00074,2,25.30975341796875,21.240550994873047,1823.2168579101562,205.10031509399414,0.807043731212616,-1,-1,-1
00074,2,832.62548828125,116.4463119506836,149.58441162109375,59.053611755371094,0.8204836249351501,-1,-1,-1
00075,2,360.09320068359375,128.4385528564453,129.83554077148438,62.27330017089844,0.8350641131401062,-1,-1,-1
00075,2,23.020864486694336,21.40981674194336,1829.0482273101807,205.09076309204102,0.8236676454544067,-1,-1,-1
00075,2,1763.1219482421875,133.38226318359375,57.4056396484375,35.492034912109375,0.8028305768966675,-1,-1,-1
00076,2,359.7998352050781,128.63369750976562,130.67816162109375,62.057159423828125,0.8268890380859375,-1,-1,-1
00076,2,24.602825164794922,20.961210250854492,1826.1275215148926,206.38250923156738,0.8148443102836609,-1,-1,-1
00076,2,1763.1903076171875,132.5592041015625,57.6702880859375,36.29266357421875,0.8086743354797363,-1,-1,-1
00077,2,359.8295593261719,128.79124450683594,131.25433349609375,62.42146301269531,0.8303241729736328,-1,-1,-1
00077,2,16.219270706176758,20.82363510131836,1842.1978435516357,205.44369888305664,0.8168706297874451,-1,-1,-1
00078,2,359.79864501953125,128.94322204589844,131.56903076171875,62.12750244140625,0.837157666683197,-1,-1,-1
00078,2,11.34366512298584,21.32703399658203,1851.0642938613892,205.41764068603516,0.8252770900726318,-1,-1,-1
00079,2,360.0414123535156,129.17633056640625,131.18801879882812,61.89482116699219,0.8443104028701782,-1,-1,-1
00079,2,21.75419807434082,195.4752960205078,82.12125205993652,57.50028991699219,0.8414573669433594,-1,-1,-1
00079,2,14.807034492492676,20.917932510375977,1844.1209440231323,204.65219688415527,0.8220089673995972,-1,-1,-1
00080,2,359.9276123046875,128.8196258544922,131.69805908203125,62.2958984375,0.8445007801055908,-1,-1,-1
00080,2,12.18595027923584,20.865922927856445,1849.7962274551392,204.01171684265137,0.8212578892707825,-1,-1,-1
00081,2,357.7746276855469,125.76486206054688,136.14901733398438,65.96173095703125,0.8280788064002991,-1,-1,-1
00081,2,1765.607421875,131.40162658691406,56.10986328125,35.90553283691406,0.8201626539230347,-1,-1,-1
00082,2,357.47943115234375,125.62249755859375,136.6903076171875,65.87429809570312,0.821331799030304,-1,-1,-1
00082,2,1765.3663330078125,131.51617431640625,56.351318359375,35.91694641113281,0.82308030128479,-1,-1,-1
00082,2,1731.7947998046875,163.691650390625,56.334716796875,50.14225769042969,0.8099972009658813,-1,-1,-1
00083,2,357.5626525878906,125.63268280029297,136.64559936523438,65.7636947631836,0.8207277059555054,-1,-1,-1
00083,2,832.1463623046875,112.67341613769531,152.50146484375,62.560028076171875,0.804810106754303,-1,-1,-1
00083,2,1765.39208984375,131.7156219482422,55.7354736328125,35.750518798828125,0.8223559260368347,-1,-1,-1
00083,2,1731.9140625,163.83641052246094,56.5599365234375,49.83967590332031,0.8110776543617249,-1,-1,-1
00084,2,357.5864562988281,125.72795867919922,136.40957641601562,65.72383880615234,0.8211624622344971,-1,-1,-1
00084,2,832.2110595703125,112.69159698486328,152.345703125,62.539939880371094,0.8063499927520752,-1,-1,-1
00084,2,1764.734130859375,131.9207000732422,56.5697021484375,36.321746826171875,0.8374512195587158,-1,-1,-1
00084,2,1731.7535400390625,164.01971435546875,57.5936279296875,49.74989318847656,0.8230360150337219,-1,-1,-1
00085,2,356.15704345703125,124.1453628540039,139.39462280273438,66.76107025146484,0.8170345425605774,-1,-1,-1
00085,2,831.6936645507812,112.26301574707031,155.01202392578125,63.32713317871094,0.8638153672218323,-1,-1,-1
00085,2,1731.6689453125,163.01235961914062,58.8623046875,50.32850646972656,0.8267433643341064,-1,-1,-1
00085,2,1765.0369873046875,131.1485595703125,55.282470703125,36.17254638671875,0.8235875964164734,-1,-1,-1
00086,2,355.8826599121094,123.70228576660156,140.16970825195312,67.25907897949219,0.819974958896637,-1,-1,-1
00086,2,831.5199584960938,112.10804748535156,155.17681884765625,63.52632141113281,0.8693450093269348,-1,-1,-1
00086,2,1731.902099609375,162.930419921875,58.1314697265625,50.34761047363281,0.8171536922454834,-1,-1,-1
00086,2,1765.2412109375,130.89132690429688,54.919189453125,35.794342041015625,0.8127582669258118,-1,-1,-1
00087,2,831.5263671875,112.16561889648438,155.033203125,63.52784729003906,0.8687553405761719,-1,-1,-1
00087,2,355.6038818359375,123.14131927490234,141.00958251953125,68.13288116455078,0.8082679510116577,-1,-1,-1
00087,2,1731.775146484375,163.2071075439453,58.097412109375,50.198822021484375,0.8191033601760864,-1,-1,-1
00087,2,1765.268798828125,130.4205322265625,55.4345703125,36.142730712890625,0.8153517842292786,-1,-1,-1
00088,2,831.5537109375,112.0551528930664,155.04364013671875,63.663169860839844,0.8778707385063171,-1,-1,-1
00088,2,355.9985656738281,123.37738037109375,139.98370361328125,67.66342163085938,0.8180415630340576,-1,-1,-1
00088,2,1765.5015869140625,130.55645751953125,55.2684326171875,36.42167663574219,0.8328946232795715,-1,-1,-1
00088,2,1731.700927734375,163.6141815185547,58.209716796875,49.91619873046875,0.8238627314567566,-1,-1,-1
00089,2,356.1452941894531,123.55570220947266,139.66107177734375,67.2322006225586,0.8210345506668091,-1,-1,-1
00089,2,831.5775756835938,112.133544921875,155.10614013671875,63.60511779785156,0.8756635189056396,-1,-1,-1
00089,2,1731.8402099609375,163.75570678710938,57.9835205078125,49.719390869140625,0.8297581672668457,-1,-1,-1
00089,2,1765.29345703125,130.94143676757812,55.667724609375,36.86973571777344,0.8146783113479614,-1,-1,-1
00090,2,831.9166870117188,112.2640380859375,154.12445068359375,63.4501953125,0.8774176239967346,-1,-1,-1
00090,2,355.95953369140625,124.10596466064453,140.08657836914062,66.58060455322266,0.8114857077598572,-1,-1,-1
00090,2,1765.9100341796875,131.63145446777344,54.3670654296875,35.637847900390625,0.8017719388008118,-1,-1,-1
00090,2,1731.720703125,163.94374084472656,58.348876953125,49.19557189941406,0.8221589922904968,-1,-1,-1
00091,2,43.45261764526367,16.788448333740234,1787.8257026672363,209.68494033813477,0.8065091967582703,-1,-1,-1
00091,2,1766.927978515625,130.71853637695312,54.0294189453125,35.45143127441406,0.8380575180053711,-1,-1,-1
00091,2,1732.31494140625,167.06459045410156,55.285888671875,47.92584228515625,0.811194896697998,-1,-1,-1
00092,2,40.78047561645508,16.887537002563477,1791.3778495788574,210.73082542419434,0.8030644655227661,-1,-1,-1
00092,2,1766.76708984375,130.9068145751953,52.9002685546875,35.01466369628906,0.8092693090438843,-1,-1,-1
00092,2,1732.691650390625,166.77890014648438,55.15478515625,48.15081787109375,0.811771035194397,-1,-1,-1
00093,2,1767.3271484375,130.61448669433594,52.3369140625,34.973907470703125,0.8235126733779907,-1,-1,-1
00093,2,1732.9771728515625,167.11672973632812,54.9891357421875,47.99067687988281,0.8008230924606323,-1,-1,-1
00094,2,43.115211486816406,15.643404006958008,1788.7051010131836,211.9446086883545,0.8063685297966003,-1,-1,-1
00094,2,1767.1002197265625,130.27423095703125,52.7449951171875,35.06172180175781,0.8274584412574768,-1,-1,-1
00095,2,831.4407348632812,112.09801483154297,153.82940673828125,62.192222595214844,0.8133683800697327,-1,-1,-1
00095,2,1767.8094482421875,130.87657165527344,51.62548828125,34.749786376953125,0.8120730519294739,-1,-1,-1
00095,2,1732.853271484375,166.7305908203125,54.6397705078125,48.1219482421875,0.8014209270477295,-1,-1,-1
00096,2,43.455787658691406,16.99771499633789,1786.639549255371,211.68308639526367,0.8006493449211121,-1,-1,-1
00096,2,1767.96826171875,130.8401641845703,51.7342529296875,34.77992248535156,0.8173922896385193,-1,-1,-1
00096,2,1732.510009765625,166.35191345214844,55.8076171875,48.55682373046875,0.803532063961029,-1,-1,-1
00097,2,1768.109375,130.85389709472656,51.799072265625,35.61964416503906,0.8332648277282715,-1,-1,-1
00098,2,1768.5943603515625,130.80233764648438,51.4246826171875,35.93110656738281,0.8422489166259766,-1,-1,-1
00099,2,1768.677001953125,130.81439208984375,49.9429931640625,36.4276123046875,0.8226127028465271,-1,-1,-1
00100,2,1768.517578125,131.5016326904297,48.869873046875,36.42436218261719,0.8036743998527527,-1,-1,-1
00101,2,832.8490600585938,113.50877380371094,153.34979248046875,60.74610900878906,0.8239337801933289,-1,-1,-1
00102,2,357.23046875,125.34949493408203,136.61065673828125,66.0182876586914,0.8291687965393066,-1,-1,-1
00102,2,832.93408203125,113.59310913085938,153.548583984375,60.82417297363281,0.849144697189331,-1,-1,-1
00103,2,357.7828674316406,125.45858001708984,135.8226318359375,65.63277435302734,0.8189144134521484,-1,-1,-1
00103,2,833.1414794921875,113.42524719238281,152.64471435546875,60.86674499511719,0.8215146660804749,-1,-1,-1
00104,2,357.6414489746094,125.87578582763672,136.26040649414062,65.2423324584961,0.8216396570205688,-1,-1,-1
00104,2,832.8243408203125,113.30023956298828,153.0281982421875,61.06464385986328,0.8192921876907349,-1,-1,-1
00105,2,357.6351318359375,125.58404541015625,136.33547973632812,65.54316711425781,0.8241869211196899,-1,-1,-1
00105,2,833.6315307617188,113.20047760009766,152.16839599609375,61.243629455566406,0.8082732558250427,-1,-1,-1
00106,2,357.6781921386719,125.64130401611328,136.76495361328125,65.58061981201172,0.8031250238418579,-1,-1,-1
00106,2,832.9674072265625,112.72782135009766,152.43402099609375,61.741233825683594,0.8171684741973877,-1,-1,-1
00107,2,357.64434814453125,125.53971862792969,136.61746215820312,65.56840515136719,0.8102662563323975,-1,-1,-1
00107,2,1704.35107421875,91.771728515625,42.2374267578125,23.491294860839844,0.808829128742218,-1,-1,-1
00107,2,833.0533447265625,112.95336151123047,152.1591796875,61.492881774902344,0.8190751671791077,-1,-1,-1
00108,2,1702.8203125,93.11920166015625,44.2010498046875,24.214881896972656,0.8542834520339966,-1,-1,-1
00108,2,834.0457763671875,112.70000457763672,150.72808837890625,61.86432647705078,0.8048461675643921,-1,-1,-1
00109,2,1703.6473388671875,94.55348205566406,41.0889892578125,25.49626922607422,0.846430778503418,-1,-1,-1
00110,2,1700.8209228515625,97.06909942626953,42.734619140625,27.271408081054688,0.908990204334259,-1,-1,-1
00110,2,0.4196636378765106,17.015464782714844,1870.4729144871235,203.62799835205078,0.8028690814971924,-1,-1,-1
00111,2,1700.288330078125,97.67676544189453,39.384033203125,26.07678985595703,0.9274871349334717,-1,-1,-1
00111,2,18.185964584350586,16.0931396484375,1842.199655532837,210.86119079589844,0.8013744354248047,-1,-1,-1
00112,2,1700.035400390625,99.0881576538086,39.106201171875,25.87023162841797,0.9255408644676208,-1,-1,-1
00113,2,1697.2833251953125,98.47845458984375,41.1328125,27.593246459960938,0.9583625793457031,-1,-1,-1
00114,2,1695.948974609375,99.13706970214844,41.3282470703125,26.865760803222656,0.9522330164909363,-1,-1,-1
00115,2,1693.9578857421875,102.56240844726562,41.9432373046875,25.49529266357422,0.919567346572876,-1,-1,-1
00116,2,1686.8094482421875,100.96160888671875,47.8485107421875,27.865585327148438,0.9342447519302368,-1,-1,-1
00117,2,1679.4263916015625,98.25038146972656,55.6224365234375,31.289443969726562,0.9383591413497925,-1,-1,-1
00118,2,355.8337097167969,127.228759765625,142.33453369140625,64.00303649902344,0.8118758201599121,-1,-1,-1
00118,2,3.5329630374908447,208.98052978515625,75.51465201377869,88.56893920898438,0.804790198802948,-1,-1,-1
00119,2,355.985595703125,127.001708984375,141.88665771484375,64.00346374511719,0.8403980731964111,-1,-1,-1
00119,2,1668.223876953125,103.44469451904297,46.3338623046875,23.6881103515625,0.8398249745368958,-1,-1,-1
00119,2,4.253725051879883,208.06268310546875,82.08051872253418,94.83758544921875,0.8478118181228638,-1,-1,-1
00120,2,1667.51171875,105.8155288696289,48.72802734375,25.94121551513672,0.8744110465049744,-1,-1,-1
00120,2,6.495697498321533,208.03379821777344,87.09385633468628,97.90971374511719,0.8819526433944702,-1,-1,-1
00120,2,356.83203125,126.0580062866211,141.2066650390625,65.31688690185547,0.8179913759231567,-1,-1,-1
00121,2,1662.9920654296875,105.43783569335938,50.949951171875,27.158660888671875,0.9486735463142395,-1,-1,-1
00121,2,-24.27485466003418,17.724857330322266,1920.9688243865967,206.1225242614746,0.8796629905700684,-1,-1,-1
00121,2,4.639038562774658,207.56954956054688,96.45244550704956,98.59429931640625,0.9080097079277039,-1,-1,-1
00121,2,357.572021484375,126.1955795288086,136.06802368164062,64.10956573486328,0.8468003273010254,-1,-1,-1
00121,2,832.2137451171875,112.85293579101562,152.269775390625,62.22868347167969,0.8812825679779053,-1,-1,-1
00122,2,1659.191650390625,106.52044677734375,51.6632080078125,31.433319091796875,0.9610005021095276,-1,-1,-1
00122,2,-17.292621612548828,18.141490936279297,1907.6344184875488,205.24460220336914,0.8752962350845337,-1,-1,-1
00122,2,1.847151279449463,205.33743286132812,113.24163961410522,105.05685424804688,0.9005296230316162,-1,-1,-1
00122,2,357.5258483886719,126.07550811767578,136.28884887695312,64.32723236083984,0.8496589660644531,-1,-1,-1
00122,2,832.3092041015625,112.8775863647461,152.10986328125,62.104087829589844,0.8796378970146179,-1,-1,-1
00123,2,1656.9468994140625,106.92183685302734,49.9384765625,31.51354217529297,0.9737452864646912,-1,-1,-1
00123,2,6.108429431915283,206.73268127441406,116.282874584198,105.62944030761719,0.9632138013839722,-1,-1,-1
00123,2,-11.507967948913574,17.914264678955078,1897.7894620895386,206.01855087280273,0.8811773061752319,-1,-1,-1
00123,2,357.35369873046875,125.24653625488281,136.61358642578125,64.99873352050781,0.8534849882125854,-1,-1,-1
00123,2,832.2015380859375,112.98322296142578,152.483642578125,61.97521209716797,0.8792449831962585,-1,-1,-1
00124,2,1654.1043701171875,110.86701202392578,48.3609619140625,27.124778747558594,0.9580936431884766,-1,-1,-1
00124,2,11.377363204956055,212.59051513671875,122.73739814758301,99.26473999023438,0.9544748067855835,-1,-1,-1
00124,2,-16.75837516784668,18.199098587036133,1909.0128917694092,207.20236015319824,0.8701799511909485,-1,-1,-1
00124,2,356.7637634277344,126.05984497070312,137.92434692382812,64.47367858886719,0.8316737413406372,-1,-1,-1
00124,2,832.6903076171875,112.84642028808594,151.44439697265625,61.80975341796875,0.8640565276145935,-1,-1,-1
00125,2,13.011272430419922,213.68218994140625,125.11879348754883,97.79434204101562,0.9618240594863892,-1,-1,-1
00125,2,1651.0211181640625,110.91722869873047,50.732666015625,29.11675262451172,0.9482776522636414,-1,-1,-1
00125,2,-18.376041412353516,20.591758728027344,1910.166202545166,204.10213470458984,0.8649037480354309,-1,-1,-1
00125,2,356.74237060546875,126.11604309082031,137.92959594726562,64.21269226074219,0.8307832479476929,-1,-1,-1
00125,2,832.4921875,112.98995208740234,152.0025634765625,61.657066345214844,0.8442190289497375,-1,-1,-1
00126,2,18.285791397094727,214.9815216064453,137.56915855407715,96.95133972167969,0.9762464165687561,-1,-1,-1
00126,2,1647.9539794921875,111.60845184326172,48.6468505859375,31.178611755371094,0.9171028733253479,-1,-1,-1
00126,2,-12.107707977294922,22.639230728149414,1894.8160820007324,201.9607753753662,0.8477557301521301,-1,-1,-1
00126,2,833.0169067382812,114.20612335205078,151.6744384765625,60.79766082763672,0.8484449982643127,-1,-1,-1
00127,2,22.94183921813965,213.0458984375,144.12619972229004,108.69137573242188,0.9885730743408203,-1,-1,-1
00127,2,1641.03173828125,112.13477325439453,55.5079345703125,30.839988708496094,0.9228042364120483,-1,-1,-1
00127,2,-23.511655807495117,24.29721450805664,1918.0802593231201,198.98359298706055,0.8560331463813782,-1,-1,-1
00127,2,833.09130859375,113.73821258544922,151.3009033203125,61.33148956298828,0.8793860077857971,-1,-1,-1
00128,2,34.18514633178711,213.85507202148438,145.47522354125977,111.45025634765625,0.9917757511138916,-1,-1,-1
00128,2,-34.77081298828125,24.089075088500977,1939.5383911132812,198.98277854919434,0.8585757613182068,-1,-1,-1
00128,2,355.8190002441406,127.53690338134766,137.49496459960938,63.44312286376953,0.8233532905578613,-1,-1,-1
00128,2,833.3605346679688,113.18671417236328,151.10101318359375,62.05701446533203,0.8603850603103638,-1,-1,-1
00129,2,28.797597885131836,213.964599609375,161.2268772125244,112.42050170898438,0.9895636439323425,-1,-1,-1
00129,2,-25.167001724243164,22.198509216308594,1920.7624607086182,202.14156341552734,0.8512535095214844,-1,-1,-1
00129,2,355.9300537109375,127.72430419921875,137.45486450195312,63.000640869140625,0.8307213187217712,-1,-1,-1
00129,2,833.4769287109375,113.07410430908203,150.6221923828125,61.946372985839844,0.8512787222862244,-1,-1,-1
00129,2,1730.6224365234375,161.7145538330078,63.404052734375,50.19956970214844,0.8036369681358337,-1,-1,-1
00130,2,31.237503051757812,215.7905731201172,163.1595001220703,113.74107360839844,0.988766610622406,-1,-1,-1
00130,2,-25.72758674621582,21.6618709564209,1924.2604236602783,203.20379066467285,0.8537091016769409,-1,-1,-1
00130,2,356.8989562988281,127.50162506103516,136.24197387695312,62.85942840576172,0.8468414545059204,-1,-1,-1
00130,2,1630.148193359375,121.91338348388672,50.9642333984375,31.948692321777344,0.8417052030563354,-1,-1,-1
00130,2,832.8905639648438,113.82117462158203,151.8223876953125,61.067054748535156,0.82127445936203,-1,-1,-1
00131,2,25.50130271911621,219.74777221679688,179.84556007385254,115.75747680664062,0.9957287907600403,-1,-1,-1
00131,2,1625.949951171875,122.73414611816406,53.278076171875,32.16777038574219,0.8713240027427673,-1,-1,-1
00131,2,358.31097412109375,126.67870330810547,132.41708374023438,62.14659881591797,0.8423585891723633,-1,-1,-1
00131,2,831.2515869140625,116.57078552246094,152.01092529296875,57.126678466796875,0.8216506838798523,-1,-1,-1
00132,2,26.410167694091797,223.8671417236328,197.20883560180664,112.22276306152344,0.9941630959510803,-1,-1,-1
00132,2,357.8052673339844,126.54932403564453,133.60159301757812,62.22533416748047,0.8268982172012329,-1,-1,-1
00132,2,1620.0931396484375,123.08901977539062,51.70849609375,32.56654357910156,0.8267657160758972,-1,-1,-1
00132,2,831.1295166015625,116.47341918945312,152.15875244140625,57.24778747558594,0.8299717903137207,-1,-1,-1
00133,2,42.794166564941406,221.57325744628906,192.55956268310547,113.77458190917969,0.9960301518440247,-1,-1,-1
00133,2,1617.6910400390625,124.7448959350586,53.2298583984375,36.588951110839844,0.9245955944061279,-1,-1,-1
00133,2,357.6656188964844,126.79920196533203,133.32730102539062,62.26538848876953,0.815754234790802,-1,-1,-1
00133,2,832.4367065429688,116.57793426513672,151.02166748046875,57.47962188720703,0.8112005591392517,-1,-1,-1
00134,2,54.037757873535156,220.40475463867188,186.16519927978516,120.47216796875,0.9957887530326843,-1,-1,-1
00134,2,1610.6719970703125,123.52013397216797,54.122314453125,38.85906219482422,0.9480718374252319,-1,-1,-1
00134,2,357.2352600097656,126.6863021850586,133.80886840820312,62.177513122558594,0.8055022358894348,-1,-1,-1
00134,2,832.4354858398438,116.68875122070312,150.89410400390625,57.34562683105469,0.8001176714897156,-1,-1,-1
00135,2,1600.2371826171875,123.69601440429688,65.4364013671875,40.11590576171875,0.9654048085212708,-1,-1,-1
00135,2,357.5079040527344,126.2345962524414,133.76620483398438,62.477882385253906,0.8128278851509094,-1,-1,-1
00135,2,49.58607864379883,218.22509765625,198.32844161987305,123.54360961914062,0.9828877449035645,-1,-1,-1
00135,7,48.319252014160156,221.47979736328125,192.09322357177734,126.78570556640625,0.9712079763412476,-1,-1,-1
00136,2,1595.4827880859375,124.94349670410156,65.6014404296875,37.5789794921875,0.9157090187072754,-1,-1,-1
00136,2,48.865535736083984,217.6956329345703,204.25716018676758,125.30476379394531,0.9921267032623291,-1,-1,-1
00136,7,53.45584487915039,221.1354217529297,185.3816795349121,128.8509979248047,0.881388247013092,-1,-1,-1
00137,2,46.34072494506836,220.594482421875,222.21612930297852,123.67730712890625,0.978538453578949,-1,-1,-1
00137,2,1591.2078857421875,120.99440002441406,60.4368896484375,40.73326110839844,0.8702490925788879,-1,-1,-1
00137,2,356.8663635253906,125.81680297851562,138.03237915039062,62.9163818359375,0.8018898367881775,-1,-1,-1
00138,2,62.37746810913086,222.2285614013672,212.78131484985352,121.55839538574219,0.9450913071632385,-1,-1,-1
00138,2,1588.6092529296875,124.45763397216797,59.7611083984375,44.30225372314453,0.9174968600273132,-1,-1,-1
00139,2,1586.3040771484375,126.64824676513672,57.2342529296875,45.258934020996094,0.9634350538253784,-1,-1,-1
00139,2,82.55547332763672,226.2056884765625,195.17804718017578,118.78521728515625,0.9319611191749573,-1,-1,-1
00139,2,358.0110168457031,125.17339324951172,137.25863647460938,64.80693817138672,0.8044363856315613,-1,-1,-1
00140,2,1575.9349365234375,131.30862426757812,61.820068359375,44.074188232421875,0.9663307666778564,-1,-1,-1
00140,2,82.97525787353516,224.8321075439453,203.9421615600586,127.95539855957031,0.9870253205299377,-1,-1,-1
00140,2,357.3879699707031,126.1723403930664,138.48471069335938,63.418556213378906,0.8171999454498291,-1,-1,-1
00140,2,1731.6728515625,162.90499877929688,62.226318359375,49.989288330078125,0.8045896291732788,-1,-1,-1
00141,2,1569.725830078125,133.10560607910156,62.82861328125,44.519195556640625,0.9800986051559448,-1,-1,-1
00141,2,19.572776794433594,26.566631317138672,1845.0495376586914,201.53992080688477,0.8001735210418701,-1,-1,-1
00141,2,77.7146224975586,221.67359924316406,215.5855484008789,133.7730255126953,0.9948548078536987,-1,-1,-1
00142,2,1560.776123046875,135.46856689453125,67.1256103515625,44.744781494140625,0.9734339714050293,-1,-1,-1
00142,2,8.172066688537598,26.61582374572754,1869.5654821395874,200.96092796325684,0.8091992139816284,-1,-1,-1
00142,2,79.37357330322266,218.83885192871094,218.95702362060547,136.12794494628906,0.9968240261077881,-1,-1,-1
00142,2,1763.4208984375,131.29222106933594,57.8427734375,39.198974609375,0.8089620471000671,-1,-1,-1
00143,2,89.74639892578125,224.59274291992188,223.99346923828125,135.35015869140625,0.9985544085502625,-1,-1,-1
00143,2,1553.023681640625,134.5030059814453,69.960205078125,45.26068115234375,0.9149875044822693,-1,-1,-1
00143,2,357.6368713378906,128.17466735839844,134.59780883789062,61.06922912597656,0.8564146161079407,-1,-1,-1
00143,2,32.45608139038086,25.1861572265625,1833.0553932189941,200.94320678710938,0.8133456707000732,-1,-1,-1
00143,2,1763.38232421875,131.0375213623047,57.862060546875,39.59246826171875,0.8114539384841919,-1,-1,-1
00143,2,1730.0531005859375,161.98654174804688,61.4395751953125,51.797515869140625,0.80986487865448,-1,-1,-1
00144,2,1546.2620849609375,135.71656799316406,75.683349609375,51.20893859863281,0.9774067401885986,-1,-1,-1
00144,2,356.9808044433594,126.75888061523438,138.53665161132812,62.51271057128906,0.867041289806366,-1,-1,-1
00144,2,111.0144271850586,227.83067321777344,210.79935455322266,132.44798278808594,0.9554994702339172,-1,-1,-1
00144,2,45.17324447631836,22.8662109375,1806.1468238830566,204.8687744140625,0.8082407712936401,-1,-1,-1
00144,2,1763.1572265625,130.95950317382812,58.3865966796875,39.72080993652344,0.8159356713294983,-1,-1,-1
00144,2,1729.453857421875,161.76272583007812,62.81982421875,52.2344970703125,0.8282319903373718,-1,-1,-1
00145,2,1541.7904052734375,137.28663635253906,71.209716796875,50.35411071777344,0.9749814867973328,-1,-1,-1
00145,2,358.1228942871094,128.11692810058594,135.09323120117188,62.04103088378906,0.879223108291626,-1,-1,-1
00145,2,833.8558349609375,112.80624389648438,146.815673828125,61.158843994140625,0.8373634219169617,-1,-1,-1
00145,2,110.34868621826172,225.51023864746094,223.32953643798828,132.31202697753906,0.8988088369369507,-1,-1,-1
00145,7,112.25199890136719,228.63436889648438,206.81040954589844,128.34182739257812,0.996658444404602,-1,-1,-1
00146,2,1531.708251953125,140.44134521484375,75.8494873046875,49.36968994140625,0.9815092086791992,-1,-1,-1
00146,2,357.8299865722656,127.0477294921875,135.16867065429688,63.20001220703125,0.8783078789710999,-1,-1,-1
00146,2,113.69878387451172,228.93556213378906,217.42212677001953,133.94520568847656,0.9888700246810913,-1,-1,-1
00146,2,833.3624267578125,112.63018035888672,148.4345703125,61.63097381591797,0.8484976291656494,-1,-1,-1
00147,2,1525.5975341796875,142.01148986816406,75.6859130859375,48.2291259765625,0.9768317341804504,-1,-1,-1
00147,2,357.5722351074219,126.18301391601562,136.2078857421875,63.56013488769531,0.8351525664329529,-1,-1,-1
00147,2,1762.927978515625,130.40187072753906,58.3203125,39.271087646484375,0.8016637563705444,-1,-1,-1
00147,2,119.1910171508789,230.91070556640625,225.97856903076172,134.13619995117188,0.9833498001098633,-1,-1,-1
00147,2,833.516845703125,112.09680938720703,147.7308349609375,61.955116271972656,0.8297217488288879,-1,-1,-1
00147,2,1730.29931640625,163.0175323486328,60.5799560546875,50.685455322265625,0.8006299734115601,-1,-1,-1
00147,7,122.641357421875,229.45651245117188,191.37698364257812,134.17849731445312,0.9021061062812805,-1,-1,-1
00148,2,1517.88134765625,144.22415161132812,77.1507568359375,46.92665100097656,0.96332186460495,-1,-1,-1
00148,2,122.45856475830078,230.83859252929688,233.06404876708984,137.24807739257812,0.9964882135391235,-1,-1,-1
00148,2,833.0355834960938,113.1268539428711,149.39208984375,60.71808624267578,0.8109692335128784,-1,-1,-1
00149,2,126.70327758789062,227.54608154296875,231.76699829101562,139.66168212890625,0.9970117807388306,-1,-1,-1
00149,2,833.671630859375,112.99952697753906,148.96435546875,60.843170166015625,0.8120406270027161,-1,-1,-1
00150,2,1508.473388671875,146.20672607421875,73.99755859375,48.47941589355469,0.9291669130325317,-1,-1,-1
00150,2,356.33172607421875,124.05029296875,140.10333251953125,65.43475341796875,0.8201125860214233,-1,-1,-1
00150,2,25.36292266845703,19.131423950195312,1846.5544357299805,205.9347381591797,0.8000785708427429,-1,-1,-1
00150,2,1730.3817138671875,163.10752868652344,60.4034423828125,50.8284912109375,0.8160258531570435,-1,-1,-1
00150,2,148.03050231933594,228.01905822753906,217.64552307128906,142.5727996826172,0.9946946501731873,-1,-1,-1
00150,2,833.5616455078125,113.31231689453125,148.4093017578125,60.37493896484375,0.8012908101081848,-1,-1,-1
00151,2,1498.658447265625,147.25291442871094,75.0445556640625,47.576416015625,0.9633356332778931,-1,-1,-1
00151,2,357.16650390625,125.60964965820312,139.09780883789062,63.9228515625,0.8522950410842896,-1,-1,-1
00151,2,147.682373046875,230.74478149414062,224.8363037109375,144.81878662109375,0.9597127437591553,-1,-1,-1
00151,2,1730.708984375,162.33941650390625,63.0621337890625,51.85992431640625,0.8154551386833191,-1,-1,-1
00152,2,1487.7332763671875,150.1365203857422,82.1400146484375,49.992645263671875,0.9833006858825684,-1,-1,-1
00152,2,356.5716857910156,125.6917953491211,139.79302978515625,64.06880950927734,0.8551063537597656,-1,-1,-1
00152,2,155.25534057617188,236.1631622314453,231.53274536132812,141.8707733154297,0.9300537705421448,-1,-1,-1
00152,2,1730.629638671875,162.505126953125,63.312255859375,51.54850769042969,0.8105908632278442,-1,-1,-1
00153,2,1471.8507080078125,151.673583984375,94.0908203125,51.622467041015625,0.9891617298126221,-1,-1,-1
00153,2,355.94818115234375,125.26248931884766,141.12860107421875,64.74658966064453,0.8528828024864197,-1,-1,-1
00153,2,163.87814331054688,235.09637451171875,230.91302490234375,143.79458618164062,0.9338685870170593,-1,-1,-1
00153,2,1729.8944091796875,161.86814880371094,64.2054443359375,52.75239562988281,0.8576764464378357,-1,-1,-1
00153,2,1762.5201416015625,131.38211059570312,58.9791259765625,39.48677062988281,0.8385406732559204,-1,-1,-1
00154,2,1469.2733154296875,152.20574951171875,91.018310546875,53.21263122558594,0.8670560717582703,-1,-1,-1
00154,2,355.1593017578125,125.07557678222656,142.5736083984375,65.34562683105469,0.8134611248970032,-1,-1,-1
00154,2,1729.9237060546875,164.1889190673828,65.658203125,51.14990234375,0.8543955683708191,-1,-1,-1
00154,2,170.02340698242188,235.3711700439453,239.12945556640625,142.29185485839844,0.9476526379585266,-1,-1,-1
00154,7,152.2663116455078,254.41342163085938,262.39869689941406,132.450927734375,0.8024314045906067,-1,-1,-1
00155,2,1457.523193359375,156.3723907470703,97.0810546875,53.769195556640625,0.9876123070716858,-1,-1,-1
00155,2,354.8103942871094,126.97698974609375,141.6898193359375,62.6217041015625,0.8624256253242493,-1,-1,-1
00155,2,1730.6265869140625,165.39572143554688,64.162353515625,50.44566345214844,0.8690364360809326,-1,-1,-1
00155,2,174.5297393798828,242.76446533203125,249.3539276123047,139.39132690429688,0.9972309470176697,-1,-1,-1
00155,2,1764.9053955078125,131.87220764160156,53.8419189453125,37.70039367675781,0.8119206428527832,-1,-1,-1
00156,2,1447.618896484375,156.95785522460938,95.063232421875,52.814483642578125,0.987022340297699,-1,-1,-1
00156,2,355.58319091796875,126.1059341430664,141.68035888671875,64.1474380493164,0.8787883520126343,-1,-1,-1
00156,2,1730.8876953125,165.0504913330078,63.54736328125,50.736236572265625,0.8519206643104553,-1,-1,-1
00156,2,179.2168426513672,232.20321655273438,258.3560028076172,155.41622924804688,0.9985116124153137,-1,-1,-1
00156,7,156.47964477539062,242.22142028808594,287.697509765625,146.26698303222656,0.9562000036239624,-1,-1,-1
00157,2,1434.805908203125,153.827880859375,102.57958984375,58.46427917480469,0.980160653591156,-1,-1,-1
00157,2,356.825927734375,126.6258544921875,138.05947875976562,63.58384704589844,0.894644558429718,-1,-1,-1
00157,2,1729.6282958984375,164.44387817382812,65.4425048828125,51.177978515625,0.8808631896972656,-1,-1,-1
00157,2,1763.2764892578125,131.09527587890625,56.065185546875,39.96498107910156,0.832044780254364,-1,-1,-1
00157,2,185.72662353515625,241.0504608154297,266.350830078125,151.55418395996094,0.9993166923522949,-1,-1,-1
00158,2,1431.66162109375,155.08505249023438,99.1685791015625,60.358428955078125,0.9441207051277161,-1,-1,-1
00158,2,357.3233337402344,125.95138549804688,135.443359375,64.27909851074219,0.9025837779045105,-1,-1,-1
00158,7,191.33367919921875,240.4372100830078,279.036865234375,154.70436096191406,0.996657133102417,-1,-1,-1
00158,2,1730.0347900390625,165.1624755859375,64.3990478515625,50.65144348144531,0.8750912547111511,-1,-1,-1
00158,2,1763.8917236328125,131.4263458251953,54.72509765625,39.681488037109375,0.808160662651062,-1,-1,-1
00159,2,1418.5736083984375,163.23025512695312,105.9664306640625,56.596771240234375,0.97286057472229,-1,-1,-1
00159,2,357.9352111816406,125.24118041992188,136.78369140625,65.41030883789062,0.906656801700592,-1,-1,-1
00159,7,198.08944702148438,239.1592559814453,290.3024597167969,158.0991973876953,0.9981959462165833,-1,-1,-1
00159,2,1729.904541015625,163.99168395996094,64.4652099609375,50.8172607421875,0.877470850944519,-1,-1,-1
00159,2,1763.0853271484375,131.98291015625,56.2381591796875,38.764068603515625,0.8242697715759277,-1,-1,-1
00160,2,1412.260498046875,165.54856872558594,97.858642578125,54.537261962890625,0.9781896471977234,-1,-1,-1
00160,7,215.9222869873047,239.7450714111328,301.9932403564453,157.7914581298828,0.9985358715057373,-1,-1,-1
00160,2,357.64068603515625,124.92648315429688,138.64254760742188,66.60911560058594,0.8978787064552307,-1,-1,-1
00161,2,1395.0321044921875,171.60890197753906,115.966552734375,52.19404602050781,0.9807140231132507,-1,-1,-1
00161,2,356.4611511230469,124.61369323730469,140.04409790039062,65.52081298828125,0.8674346804618835,-1,-1,-1
00161,7,214.90570068359375,237.40687561035156,314.13726806640625,165.4127960205078,0.9940817952156067,-1,-1,-1
00161,2,1730.9229736328125,161.36778259277344,62.5040283203125,52.89445495605469,0.8055818676948547,-1,-1,-1
00162,2,1384.8616943359375,163.2967071533203,122.0440673828125,58.65638732910156,0.9631018042564392,-1,-1,-1
00162,7,221.64813232421875,237.8824462890625,321.05999755859375,170.05502319335938,0.9994639754295349,-1,-1,-1
00162,2,356.1883239746094,125.302734375,141.10537719726562,64.64753723144531,0.8615337610244751,-1,-1,-1
00162,2,1730.977294921875,161.3443603515625,62.785888671875,52.4150390625,0.8168532848358154,-1,-1,-1
00163,2,1377.451171875,164.70005798339844,114.375244140625,62.74696350097656,0.9597730040550232,-1,-1,-1
00163,2,356.7789306640625,126.26410675048828,140.11834716796875,63.88214874267578,0.8769605159759521,-1,-1,-1
00163,7,247.4888153076172,230.9283905029297,325.7633819580078,184.5769500732422,0.9987536668777466,-1,-1,-1
00163,2,1730.9290771484375,161.17474365234375,63.3004150390625,52.82826232910156,0.8066832423210144,-1,-1,-1
00164,2,1366.9937744140625,168.82984924316406,116.381591796875,59.39488220214844,0.9617338180541992,-1,-1,-1
00164,7,267.7059326171875,242.25303649902344,348.17498779296875,188.95509338378906,0.9980760812759399,-1,-1,-1
00164,2,356.79132080078125,126.75018310546875,139.51458740234375,63.186981201171875,0.8732028007507324,-1,-1,-1
00164,2,1731.0057373046875,160.65353393554688,63.3065185546875,53.498138427734375,0.8065707087516785,-1,-1,-1
00165,2,1362.468505859375,167.02032470703125,109.430419921875,61.3431396484375,0.978327214717865,-1,-1,-1
00165,7,279.433837890625,244.16029357910156,346.90283203125,196.56532287597656,0.9987725615501404,-1,-1,-1
00165,2,357.8360900878906,126.368408203125,137.38088989257812,63.886383056640625,0.8978939056396484,-1,-1,-1
00166,2,1361.26123046875,172.4564666748047,95.958740234375,54.988800048828125,0.9838003516197205,-1,-1,-1
00166,7,299.1167907714844,242.9580078125,361.4396057128906,204.41424560546875,0.9990139007568359,-1,-1,-1
00166,2,357.0231018066406,126.63081359863281,138.4810791015625,64.1920166015625,0.8216190934181213,-1,-1,-1
00167,2,1345.4854736328125,165.49713134765625,115.97314453125,67.90814208984375,0.9797418117523193,-1,-1,-1
00167,7,319.7833251953125,249.60247802734375,386.943359375,204.63348388671875,0.9995244741439819,-1,-1,-1
00167,2,1731.3843994140625,162.2011260986328,60.2322998046875,52.372528076171875,0.8245631456375122,-1,-1,-1
00168,2,1342.6207275390625,170.5595703125,111.0582275390625,64.86325073242188,0.991946280002594,-1,-1,-1
00168,7,319.75146484375,249.74359130859375,408.4217529296875,211.45193481445312,0.9997202754020691,-1,-1,-1
00168,2,1730.630615234375,161.4458465576172,61.3782958984375,53.13774108886719,0.8581169247627258,-1,-1,-1
00169,2,1324.9346923828125,173.426025390625,121.485107421875,66.38435363769531,0.9884922504425049,-1,-1,-1
00169,7,376.31732177734375,243.0010986328125,408.71075439453125,240.48257446289062,0.9997373223304749,-1,-1,-1
00169,2,357.3784484863281,125.6302490234375,136.58233642578125,63.9364013671875,0.8175517916679382,-1,-1,-1
00170,2,1312.2811279296875,173.9065399169922,119.2943115234375,66.68408203125,0.9850045442581177,-1,-1,-1
00170,7,369.68951416015625,247.91122436523438,450.4521484375,238.42459106445312,0.9952314496040344,-1,-1,-1
00170,2,357.2021484375,125.52119445800781,136.95306396484375,63.73052978515625,0.8377787470817566,-1,-1,-1
00170,2,834.0084228515625,116.52405548095703,147.2542724609375,56.855445861816406,0.8185746669769287,-1,-1,-1
00171,2,1307.2373046875,172.98121643066406,117.8204345703125,70.52719116210938,0.9768624305725098,-1,-1,-1
00171,7,419.0574951171875,264.57879638671875,459.14495849609375,238.6383056640625,0.9950093030929565,-1,-1,-1
00171,2,358.1484680175781,126.7169418334961,134.00900268554688,63.00733184814453,0.8548295497894287,-1,-1,-1
00171,2,834.2049560546875,112.93889617919922,148.355712890625,61.678184509277344,0.8145535588264465,-1,-1,-1
00172,2,1297.49462890625,174.14794921875,123.4271240234375,69.5908203125,0.9860972762107849,-1,-1,-1
00172,7,443.3708801269531,263.368896484375,477.4570617675781,253.1873779296875,0.9933585524559021,-1,-1,-1
00172,2,834.7671508789062,113.46527862548828,147.46783447265625,61.47547149658203,0.8883880972862244,-1,-1,-1
00172,2,359.42919921875,127.1101303100586,131.51278686523438,62.15764617919922,0.8440554738044739,-1,-1,-1
00173,2,1283.247802734375,172.37083435058594,131.840087890625,74.05874633789062,0.994080126285553,-1,-1,-1
00173,7,511.947509765625,260.1434326171875,453.879638671875,276.73065185546875,0.9899976849555969,-1,-1,-1
00173,2,834.5919799804688,113.31591033935547,148.77667236328125,61.66944122314453,0.8621281981468201,-1,-1,-1
00173,2,359.01788330078125,126.6265869140625,132.03173828125,62.286956787109375,0.8175302147865295,-1,-1,-1
00174,2,1267.8843994140625,181.14962768554688,135.07177734375,65.96975708007812,0.9943411350250244,-1,-1,-1
00174,7,527.53369140625,272.41412353515625,491.80462646484375,277.55767822265625,0.9988754391670227,-1,-1,-1
00174,2,834.1362915039062,113.08174133300781,149.91070556640625,61.806121826171875,0.8820902705192566,-1,-1,-1
00175,2,1263.8839111328125,181.15553283691406,131.5042724609375,74.79685974121094,0.9924281239509583,-1,-1,-1
00175,7,567.0020141601562,271.0356750488281,543.5154418945312,294.5578918457031,0.9911365509033203,-1,-1,-1
00175,2,833.85595703125,112.44640350341797,150.10101318359375,62.55681610107422,0.8764050006866455,-1,-1,-1
00175,2,357.882568359375,124.68148040771484,134.71505737304688,64.88545989990234,0.8085721135139465,-1,-1,-1
00176,2,1260.2369384765625,178.9215087890625,134.095458984375,79.37850952148438,0.9971202611923218,-1,-1,-1
00176,7,613.6702880859375,272.399169921875,553.888671875,324.3607177734375,0.9991468191146851,-1,-1,-1
00176,2,834.32421875,112.73197937011719,148.6102294921875,62.07701110839844,0.8738611340522766,-1,-1,-1
00176,2,357.71319580078125,125.17730712890625,135.34344482421875,64.32681274414062,0.8020606637001038,-1,-1,-1
00177,2,1242.5013427734375,179.82809448242188,143.299072265625,80.64187622070312,0.9980053305625916,-1,-1,-1
00177,7,653.5939331054688,312.9526672363281,634.2708129882812,293.3931579589844,0.9988033771514893,-1,-1,-1
00177,2,358.7042541503906,126.19270324707031,132.63845825195312,63.84742736816406,0.8542245626449585,-1,-1,-1
00177,2,834.00732421875,113.64708709716797,150.04327392578125,61.451011657714844,0.8242111206054688,-1,-1,-1
00178,2,1230.9119873046875,183.23948669433594,146.412841796875,80.08451843261719,0.9977027773857117,-1,-1,-1
00178,7,716.2890625,311.68670654296875,635.699951171875,302.74566650390625,0.9980035424232483,-1,-1,-1
00178,2,832.5846557617188,113.68927001953125,151.93511962890625,62.53204345703125,0.8389996290206909,-1,-1,-1
00178,2,357.2579650878906,127.7049789428711,134.6126708984375,62.089149475097656,0.8072487115859985,-1,-1,-1
00179,2,1221.5714111328125,180.61065673828125,144.0504150390625,88.40069580078125,0.9943674206733704,-1,-1,-1
00179,7,772.1996459960938,302.4705810546875,680.4207153320312,336.24481201171875,0.9991039633750916,-1,-1,-1
00179,2,1830.79296875,474.3177185058594,96.4678955078125,166.93923950195312,0.9730556011199951,-1,-1,-1
00179,2,832.8474731445312,112.68543243408203,153.227783203125,63.03260040283203,0.8482397794723511,-1,-1,-1
00179,2,1730.842041015625,162.26739501953125,63.5718994140625,52.61943054199219,0.8045309782028198,-1,-1,-1
00180,2,1217.025634765625,184.45693969726562,145.6580810546875,84.24282836914062,0.9982941746711731,-1,-1,-1
00180,7,845.6044921875,321.3924865722656,682.713134765625,326.7034606933594,0.9985359907150269,-1,-1,-1
00180,2,1815.9677734375,486.6638488769531,109.3148193359375,139.66311645507812,0.9679029583930969,-1,-1,-1
00180,2,833.035888671875,113.5841293334961,151.2620849609375,61.870521545410156,0.8444348573684692,-1,-1,-1
00180,2,357.4981994628906,127.18142700195312,135.8140869140625,63.45689392089844,0.8220076560974121,-1,-1,-1
00180,2,1730.1260986328125,162.48292541503906,64.794677734375,53.015625,0.8384526371955872,-1,-1,-1
00181,7,907.6702880859375,328.1261901855469,740.8184814453125,374.1564025878906,0.9991092085838318,-1,-1,-1
00181,2,1205.0985107421875,187.7587432861328,149.60498046875,81.09651184082031,0.9980645775794983,-1,-1,-1
00181,2,1799.6607666015625,484.6425476074219,123.9599609375,133.34585571289062,0.9318649172782898,-1,-1,-1
00181,2,833.3793334960938,113.90681457519531,151.60748291015625,61.5228271484375,0.8367069363594055,-1,-1,-1
00181,2,1729.2816162109375,162.4278564453125,64.033935546875,53.86846923828125,0.8973955512046814,-1,-1,-1
00182,7,987.6627807617188,335.88360595703125,708.5137329101562,386.39111328125,0.9981822967529297,-1,-1,-1
00182,2,1190.827392578125,187.43881225585938,154.2327880859375,86.01275634765625,0.9982295632362366,-1,-1,-1
00182,2,1791.4517822265625,458.3649597167969,131.3873291015625,157.98214721679688,0.9538462162017822,-1,-1,-1
00182,2,1728.9105224609375,161.84783935546875,65.4263916015625,54.185943603515625,0.910815417766571,-1,-1,-1
00182,2,833.108154296875,114.63290405273438,151.8763427734375,60.78654479980469,0.831103503704071,-1,-1,-1
00182,2,1764.4825439453125,128.2177734375,55.4647216796875,42.519866943359375,0.8122162222862244,-1,-1,-1
00183,7,1096.7255859375,363.36322021484375,755.53857421875,404.21783447265625,0.9982960820198059,-1,-1,-1
00183,2,1179.8680419921875,185.3309783935547,156.2869873046875,90.03370666503906,0.9968582391738892,-1,-1,-1
00183,2,1789.9971923828125,455.3957824707031,130.4454345703125,161.16641235351562,0.9467108845710754,-1,-1,-1
00183,2,1727.9075927734375,160.11148071289062,68.113525390625,55.80912780761719,0.9229543805122375,-1,-1,-1
00183,2,833.6166381835938,114.51775360107422,151.30560302734375,61.222679138183594,0.8393161296844482,-1,-1,-1
00183,2,1763.4658203125,127.95730590820312,56.8314208984375,43.02960205078125,0.818999171257019,-1,-1,-1
00184,7,1191.3572998046875,365.7717590332031,712.80615234375,418.5563659667969,0.9961962699890137,-1,-1,-1
00184,2,1174.6539306640625,188.18557739257812,161.6424560546875,91.96136474609375,0.9984139204025269,-1,-1,-1
00184,2,834.3807983398438,114.30767059326172,149.04571533203125,61.950660705566406,0.8326494097709656,-1,-1,-1
00184,2,1730.16455078125,159.85777282714844,64.7191162109375,54.360870361328125,0.8351077437400818,-1,-1,-1
00185,2,1170.015380859375,194.89865112304688,159.798828125,90.22976684570312,0.9996839761734009,-1,-1,-1
00185,7,1298.1549072265625,414.17047119140625,631.1658935546875,373.70806884765625,0.9860693216323853,-1,-1,-1
00185,2,834.5664672851562,114.45401763916016,148.82342529296875,61.58460235595703,0.8035116791725159,-1,-1,-1
00185,2,1729.91943359375,160.10621643066406,65.919921875,53.97918701171875,0.8197159171104431,-1,-1,-1
00186,2,1152.136962890625,198.41928100585938,170.57861328125,87.46817016601562,0.9997158646583557,-1,-1,-1
00186,7,1365.8538818359375,440.58984375,561.8226318359375,339.32305908203125,0.985879123210907,-1,-1,-1
00186,2,357.373046875,123.44966888427734,139.21066284179688,66.48856353759766,0.8296682238578796,-1,-1,-1
00186,2,1729.8214111328125,160.7981414794922,65.771240234375,53.517333984375,0.8138816356658936,-1,-1,-1
00187,2,1148.9610595703125,198.29527282714844,170.304931640625,89.74586486816406,0.9994408488273621,-1,-1,-1
00187,7,1510.8543701171875,417.1222229003906,416.4423828125,391.6672668457031,0.970033586025238,-1,-1,-1
00187,2,833.3245849609375,115.85801696777344,150.40478515625,59.583251953125,0.8201807141304016,-1,-1,-1
00188,2,1138.909912109375,197.23606872558594,167.10400390625,92.02299499511719,0.9990079998970032,-1,-1,-1
00188,7,1624.0626220703125,456.07635498046875,297.938720703125,373.634033203125,0.9397773742675781,-1,-1,-1
00188,2,357.0286560058594,124.03018951416016,138.654052734375,65.81133270263672,0.8302736878395081,-1,-1,-1
00188,2,833.1207885742188,115.48592376708984,150.81829833984375,59.894004821777344,0.8266649842262268,-1,-1,-1
00188,2,1731.3271484375,161.4271240234375,62.957275390625,52.66108703613281,0.811948299407959,-1,-1,-1
00189,2,1133.439697265625,195.36007690429688,170.74951171875,98.09820556640625,0.9982706308364868,-1,-1,-1
00189,7,1745.06298828125,533.0948486328125,175.7728271484375,296.45025634765625,0.9334260821342468,-1,-1,-1
00189,2,356.8139343261719,124.44470977783203,138.59115600585938,65.4078140258789,0.8162297606468201,-1,-1,-1
00189,2,833.50830078125,115.62828826904297,149.5816650390625,59.73516082763672,0.8251815438270569,-1,-1,-1
00189,2,1730.633544921875,161.57460021972656,64.599365234375,52.83447265625,0.8320610523223877,-1,-1,-1
00190,2,1132.2010498046875,196.3332977294922,168.1055908203125,97.54646301269531,0.9966688752174377,-1,-1,-1
00190,2,1723.82470703125,443.5329284667969,191.043212890625,163.25540161132812,0.9866132140159607,-1,-1,-1
00190,2,357.0614929199219,124.59266662597656,138.35794067382812,65.45295715332031,0.8259057998657227,-1,-1,-1
00190,2,832.867919921875,115.63508605957031,151.14398193359375,59.868927001953125,0.8179183006286621,-1,-1,-1
00190,2,1730.318359375,162.7333221435547,64.1494140625,52.15513610839844,0.8495637774467468,-1,-1,-1
00191,2,1112.0301513671875,197.703125,175.4713134765625,95.76193237304688,0.9983950257301331,-1,-1,-1
00191,2,1715.4134521484375,442.4049377441406,204.0604248046875,176.54177856445312,0.9957333207130432,-1,-1,-1
00191,2,832.1676025390625,112.2470703125,153.53802490234375,63.21476745605469,0.8351441025733948,-1,-1,-1
00191,2,1764.3724365234375,129.54811096191406,57.145751953125,38.97715759277344,0.8370256423950195,-1,-1,-1
00191,2,1732.19287109375,165.28909301757812,56.155029296875,48.75433349609375,0.8301345705986023,-1,-1,-1
00192,2,1109.65576171875,202.31858825683594,171.34716796875,89.26026916503906,0.9990959167480469,-1,-1,-1
00192,2,1711.48486328125,447.9358215332031,210.00146484375,156.76181030273438,0.9923741221427917,-1,-1,-1
00192,2,832.410400390625,112.46485900878906,153.5982666015625,63.160491943359375,0.8536384701728821,-1,-1,-1
00192,2,1764.6624755859375,129.54898071289062,56.84619140625,38.92097473144531,0.8198362588882446,-1,-1,-1
00192,2,1732.2750244140625,166.3209686279297,54.83642578125,48.07472229003906,0.8146905899047852,-1,-1,-1
00193,2,1092.9107666015625,199.39833068847656,186.771728515625,98.38197326660156,0.9990647435188293,-1,-1,-1
00193,2,1705.4986572265625,446.814453125,222.2322998046875,161.92962646484375,0.991235613822937,-1,-1,-1
00193,2,357.6524658203125,123.75553131103516,136.87530517578125,66.7303237915039,0.8523648977279663,-1,-1,-1
00193,2,834.007568359375,111.14033508300781,152.5648193359375,64.57122802734375,0.8664563894271851,-1,-1,-1
00193,2,1765.392822265625,129.03811645507812,55.682861328125,39.91105651855469,0.8222924470901489,-1,-1,-1
00193,2,1731.77490234375,165.34410095214844,55.6417236328125,49.71238708496094,0.8155468702316284,-1,-1,-1
00194,2,1093.603271484375,196.90435791015625,181.760009765625,102.28872680664062,0.9989468455314636,-1,-1,-1
00194,2,1697.9451904296875,448.0520935058594,226.1605224609375,169.89529418945312,0.9929913282394409,-1,-1,-1
00194,2,357.971435546875,123.30033111572266,135.95169067382812,67.08362579345703,0.8377571105957031,-1,-1,-1
00194,2,834.8897705078125,111.59556579589844,150.95452880859375,64.2677001953125,0.8400351405143738,-1,-1,-1
00194,2,1765.4361572265625,129.1670379638672,55.531005859375,39.92900085449219,0.8129228949546814,-1,-1,-1
00194,2,1731.62353515625,164.95062255859375,56.1473388671875,50.05693054199219,0.8135742545127869,-1,-1,-1
00195,2,1089.54248046875,197.99905395507812,184.6170654296875,107.57470703125,0.9988548755645752,-1,-1,-1
00195,2,1678.7064208984375,441.5994567871094,244.0147705078125,189.54879760742188,0.99510657787323,-1,-1,-1
00195,2,357.7467041015625,123.65827178955078,135.8712158203125,66.61382293701172,0.8133566379547119,-1,-1,-1
00195,2,835.2973022460938,110.6676025390625,149.2525634765625,65.62123107910156,0.8640062212944031,-1,-1,-1
00195,2,1765.2001953125,128.89410400390625,55.724365234375,40.63212585449219,0.8127225637435913,-1,-1,-1
00195,2,1731.7457275390625,163.93984985351562,57.0574951171875,50.904449462890625,0.8070987462997437,-1,-1,-1
00196,2,1087.84521484375,198.78245544433594,185.802978515625,107.47535705566406,0.9993293285369873,-1,-1,-1
00196,2,1659.888916015625,436.0627746582031,262.8995361328125,177.93539428710938,0.9968246221542358,-1,-1,-1
00196,2,833.7642822265625,111.17780303955078,151.9434814453125,65.57512664794922,0.8987487554550171,-1,-1,-1
00196,2,358.21685791015625,124.08930206298828,135.56951904296875,66.25365447998047,0.8124030828475952,-1,-1,-1
00196,2,1765.348876953125,128.94699096679688,55.6329345703125,40.53099060058594,0.8133569359779358,-1,-1,-1
00196,2,1731.537109375,163.9508514404297,57.066650390625,50.99359130859375,0.8185986280441284,-1,-1,-1
00197,2,1083.285888671875,200.08877563476562,186.859619140625,99.15097045898438,0.9995311498641968,-1,-1,-1
00197,2,1652.7996826171875,436.137939453125,268.506591796875,175.88653564453125,0.9967325925827026,-1,-1,-1
00197,2,833.85888671875,110.98096466064453,151.10345458984375,65.02935028076172,0.8818826675415039,-1,-1,-1
00197,2,358.0584411621094,123.75257110595703,135.3062744140625,67.0140609741211,0.809015154838562,-1,-1,-1
00198,2,1082.501708984375,199.91159057617188,182.15283203125,99.44439697265625,0.9996583461761475,-1,-1,-1
00198,2,1638.377197265625,436.7943420410156,275.0252685546875,172.15762329101562,0.9964175224304199,-1,-1,-1
00198,2,833.6124877929688,111.44862365722656,150.58489990234375,65.00346374511719,0.9073402881622314,-1,-1,-1
00198,2,358.098876953125,124.48023986816406,135.28533935546875,65.78729248046875,0.8154945373535156,-1,-1,-1
00199,2,1083.1480712890625,201.8953857421875,184.1737060546875,102.18670654296875,0.9997895359992981,-1,-1,-1
00199,2,1623.434814453125,435.4759826660156,301.004150390625,175.69619750976562,0.9960216879844666,-1,-1,-1
00199,2,834.40234375,112.42630004882812,148.94989013671875,64.16923522949219,0.8812905550003052,-1,-1,-1
00199,2,357.94525146484375,124.0781478881836,135.360595703125,66.3536148071289,0.8308658003807068,-1,-1,-1
00200,2,1070.2052001953125,204.26028442382812,182.7723388671875,97.73080444335938,0.9996970891952515,-1,-1,-1
00200,2,1618.636962890625,436.6747741699219,306.453369140625,170.88449096679688,0.996845543384552,-1,-1,-1
00200,2,834.6047973632812,113.64300537109375,148.99359130859375,63.002685546875,0.8897917866706848,-1,-1,-1
00200,2,358.0419921875,123.9424057006836,135.31951904296875,66.30147552490234,0.8348029255867004,-1,-1,-1
00200,2,1730.12646484375,163.17352294921875,60.417236328125,51.56950378417969,0.8140280842781067,-1,-1,-1
00201,2,1064.5133056640625,204.2361297607422,193.49755859375,97.30107116699219,0.999545156955719,-1,-1,-1
00201,2,1611.851806640625,432.0447998046875,317.0606689453125,177.22662353515625,0.9955399632453918,-1,-1,-1
00201,2,359.6222229003906,121.92179870605469,131.54208374023438,67.40252685546875,0.8247532248497009,-1,-1,-1
00202,2,1065.1627197265625,206.05950927734375,187.79638671875,95.08535766601562,0.9996391534805298,-1,-1,-1
00202,2,1587.6202392578125,427.2528076171875,332.250732421875,174.07196044921875,0.9958571791648865,-1,-1,-1
00202,2,360.1415710449219,121.31290435791016,132.1444091796875,68.43474578857422,0.8268749117851257,-1,-1,-1
00203,2,1562.828369140625,426.74652099609375,359.303955078125,173.03955078125,0.9976646900177002,-1,-1,-1
00203,2,1058.9957275390625,205.04185485839844,181.7218017578125,98.02357482910156,0.9996070265769958,-1,-1,-1
00203,2,360.38348388671875,121.50005340576172,131.10891723632812,68.07865142822266,0.8214713931083679,-1,-1,-1
00204,2,1545.404541015625,419.07073974609375,364.8226318359375,182.26904296875,0.9990386962890625,-1,-1,-1
00204,2,1057.5645751953125,204.93544006347656,182.7379150390625,98.44929504394531,0.9995793700218201,-1,-1,-1
00204,2,360.53076171875,121.40674591064453,131.07791137695312,68.43872833251953,0.8207163214683533,-1,-1,-1
00205,2,1493.0545654296875,402.1773681640625,418.1094970703125,190.632568359375,0.9995844960212708,-1,-1,-1
00205,2,1056.2535400390625,204.6564178466797,185.2994384765625,98.21302795410156,0.9996547698974609,-1,-1,-1
00205,2,1729.671630859375,159.52024841308594,68.059814453125,54.8515625,0.8406770825386047,-1,-1,-1
00206,2,1486.0765380859375,403.35162353515625,421.9345703125,187.44964599609375,0.9995079040527344,-1,-1,-1
00206,2,1056.01708984375,204.7445831298828,185.3883056640625,98.24388122558594,0.9995871186256409,-1,-1,-1
00206,2,832.4786987304688,114.19308471679688,153.52056884765625,60.478790283203125,0.8231372237205505,-1,-1,-1
00206,2,1729.6199951171875,160.04527282714844,68.018310546875,54.313934326171875,0.8254299759864807,-1,-1,-1
00207,2,1458.896728515625,391.03729248046875,417.0272216796875,198.6029052734375,0.9995021820068359,-1,-1,-1
00207,2,1055.4476318359375,204.7067108154297,185.882568359375,98.43339538574219,0.999589741230011,-1,-1,-1
00207,2,1729.468017578125,158.5175018310547,69.0877685546875,56.02769470214844,0.8471440076828003,-1,-1,-1
00207,2,832.8994750976562,113.68029022216797,153.46441650390625,61.201377868652344,0.8061375617980957,-1,-1,-1
00208,2,1411.7257080078125,390.9537658691406,431.7303466796875,191.30398559570312,0.9990334510803223,-1,-1,-1
00208,2,1056.0843505859375,204.0582275390625,185.1075439453125,99.63616943359375,0.9996531009674072,-1,-1,-1
00208,2,1729.9561767578125,158.92684936523438,68.03125,55.81703186035156,0.8329074382781982,-1,-1,-1
00209,2,1387.98779296875,375.02581787109375,418.3895263671875,192.03106689453125,0.9996769428253174,-1,-1,-1
00209,2,1055.217041015625,203.80828857421875,186.5772705078125,99.95660400390625,0.9996297359466553,-1,-1,-1
00209,2,358.2112121582031,124.32284545898438,134.25967407226562,63.981231689453125,0.8093992471694946,-1,-1,-1
00209,2,1730.5089111328125,158.9851531982422,66.596435546875,55.55519104003906,0.8116031289100647,-1,-1,-1
00210,2,1054.8509521484375,203.67327880859375,187.2305908203125,100.49703979492188,0.9996283054351807,-1,-1,-1
00210,2,1347.1876220703125,376.95391845703125,411.697265625,180.4893798828125,0.9996127486228943,-1,-1,-1
00210,2,358.1631774902344,124.31998443603516,133.578125,64.02001190185547,0.8138483166694641,-1,-1,-1
00210,2,834.39599609375,114.95587158203125,150.40716552734375,59.94685363769531,0.8140305280685425,-1,-1,-1
00210,2,1730.9339599609375,158.8167724609375,64.614013671875,56.080902099609375,0.8215433359146118,-1,-1,-1
00211,2,1055.167724609375,203.17156982421875,187.27001953125,100.67721557617188,0.9996246099472046,-1,-1,-1
00211,2,1308.1279296875,371.89691162109375,418.4697265625,184.82537841796875,0.9998233914375305,-1,-1,-1
00211,2,834.2069091796875,111.38580322265625,152.319580078125,63.73249816894531,0.9007381796836853,-1,-1,-1
00211,2,358.5625,125.5676040649414,134.58236694335938,64.15772247314453,0.8444127440452576,-1,-1,-1
00212,2,1055.715576171875,203.34432983398438,186.643310546875,100.39456176757812,0.9996423721313477,-1,-1,-1
00212,2,1267.0216064453125,373.52630615234375,414.6634521484375,166.935546875,0.9995818734169006,-1,-1,-1
00212,2,835.2987060546875,111.71820831298828,150.61474609375,63.17078399658203,0.8601916432380676,-1,-1,-1
00212,2,358.2710266113281,125.35611724853516,135.2071533203125,64.08728790283203,0.8065659999847412,-1,-1,-1
00213,2,1220.0677490234375,364.52996826171875,391.2679443359375,159.7618408203125,0.999931812286377,-1,-1,-1
00213,2,1056.57958984375,203.4639129638672,185.651611328125,100.79246520996094,0.9995878338813782,-1,-1,-1
00213,2,835.425537109375,111.6981430053711,149.63751220703125,63.13465118408203,0.851210355758667,-1,-1,-1
00213,2,358.3450012207031,125.42436218261719,134.65597534179688,63.87010192871094,0.808759868144989,-1,-1,-1
00214,2,1198.690185546875,352.3189392089844,406.6019287109375,169.67276000976562,0.9998564720153809,-1,-1,-1
00214,2,1055.4383544921875,203.23516845703125,187.9771728515625,101.08642578125,0.9994207620620728,-1,-1,-1
00214,2,836.330078125,110.82595825195312,148.189453125,64.07846069335938,0.8251457214355469,-1,-1,-1
00215,2,1135.0428466796875,341.9263000488281,399.0137939453125,167.59005737304688,0.9997982382774353,-1,-1,-1
00215,2,1056.1966552734375,203.54025268554688,187.0667724609375,101.59292602539062,0.9994254112243652,-1,-1,-1
00215,2,835.928955078125,110.56070709228516,147.085693359375,64.05426788330078,0.8105959892272949,-1,-1,-1
00216,2,1109.9222412109375,329.615966796875,392.5419921875,175.03839111328125,0.9996916055679321,-1,-1,-1
00216,2,1055.136962890625,203.4746856689453,188.0220947265625,102.40049743652344,0.9992693066596985,-1,-1,-1
00216,2,836.0743408203125,110.94937896728516,147.8289794921875,63.824256896972656,0.854878306388855,-1,-1,-1
00216,2,1419.0927734375,69.33038330078125,78.5721435546875,37.174957275390625,0.8209548592567444,-1,-1,-1
00217,2,1049.8956298828125,321.6542053222656,415.2601318359375,177.64154052734375,0.9996292591094971,-1,-1,-1
00217,2,1054.7965087890625,204.4778289794922,188.78466796875,101.20698547363281,0.9986141920089722,-1,-1,-1
00217,2,834.7815551757812,112.47834014892578,151.868896484375,62.365089416503906,0.8691009879112244,-1,-1,-1
00217,2,1732.4039306640625,162.26852416992188,61.838623046875,51.21783447265625,0.8073936104774475,-1,-1,-1
00218,2,1016.052001953125,311.9995422363281,398.769287109375,165.8668212890625,0.9998005032539368,-1,-1,-1
00218,2,1061.619140625,208.18373107910156,189.204345703125,94.29548645019531,0.9982609152793884,-1,-1,-1
00218,2,833.9024658203125,111.01543426513672,151.7418212890625,64.0951919555664,0.8956665992736816,-1,-1,-1
00218,2,1422.686767578125,69.58184051513672,76.103759765625,36.5133056640625,0.8434121012687683,-1,-1,-1
00218,2,357.02294921875,123.1405029296875,136.5086669921875,67.02392578125,0.8138794302940369,-1,-1,-1
00218,2,1732.017822265625,162.7841796875,61.6141357421875,51.51812744140625,0.819225013256073,-1,-1,-1
00219,2,1059.660888671875,206.5155792236328,193.090087890625,96.88963317871094,0.9969948530197144,-1,-1,-1
00219,2,975.146728515625,317.3760070800781,380.130859375,149.00723266601562,0.9978076815605164,-1,-1,-1
00219,2,1422.8197021484375,69.57775115966797,76.265625,35.748802185058594,0.8232231736183167,-1,-1,-1
00219,2,358.15045166015625,123.94866943359375,133.01150512695312,66.62739562988281,0.8051034808158875,-1,-1,-1
00219,2,835.021728515625,111.18495178222656,150.6531982421875,63.83306884765625,0.8234429955482483,-1,-1,-1
00219,2,1731.398681640625,164.08517456054688,61.9725341796875,50.45762634277344,0.8204894661903381,-1,-1,-1
00220,2,1053.686767578125,204.73789978027344,191.0235595703125,102.73600769042969,0.9979045391082764,-1,-1,-1
00220,2,927.5534057617188,310.17425537109375,371.61126708984375,152.43280029296875,0.9989436268806458,-1,-1,-1
00220,2,358.4411315917969,124.01441192626953,132.50131225585938,66.61101531982422,0.8398832678794861,-1,-1,-1
00220,2,1423.220703125,70.39025115966797,74.954833984375,34.53541564941406,0.8330678939819336,-1,-1,-1
00220,2,834.3416748046875,111.62373352050781,150.725341796875,63.099761962890625,0.8423016667366028,-1,-1,-1
00220,2,1731.556396484375,164.08665466308594,61.736083984375,50.64820861816406,0.8146587610244751,-1,-1,-1
00221,2,899.858642578125,303.10955810546875,353.3719482421875,145.1087646484375,0.9992019534111023,-1,-1,-1
00221,2,1054.4937744140625,206.802001953125,188.0706787109375,99.96920776367188,0.9974098801612854,-1,-1,-1
00221,2,357.8185119628906,124.75940704345703,135.48135375976562,65.56938934326172,0.8689266443252563,-1,-1,-1
00221,2,1423.4112548828125,70.75173950195312,73.885009765625,33.014862060546875,0.8004066944122314,-1,-1,-1
00222,2,859.998779296875,298.6755676269531,347.1790771484375,143.12844848632812,0.9993239641189575,-1,-1,-1
00222,2,1053.1910400390625,204.9250946044922,189.0142822265625,103.29212951660156,0.9985678195953369,-1,-1,-1
00222,2,358.1694030761719,123.5165786743164,134.68002319335938,66.97307586669922,0.8937055468559265,-1,-1,-1
00222,2,1423.0103759765625,70.20069885253906,75.5672607421875,34.07054138183594,0.8339757323265076,-1,-1,-1
00222,2,832.764892578125,112.12653350830078,151.34185791015625,63.473899841308594,0.8300052285194397,-1,-1,-1
00222,2,1764.0079345703125,131.92022705078125,54.7347412109375,37.24031066894531,0.8077132701873779,-1,-1,-1
00223,2,816.9607543945312,288.9642333984375,330.10601806640625,148.35525512695312,0.9994020462036133,-1,-1,-1
00223,2,1056.8529052734375,204.2680206298828,182.8507080078125,100.80369567871094,0.9993451237678528,-1,-1,-1
00223,2,358.2824401855469,122.87010192871094,134.81802368164062,67.60736083984375,0.890593409538269,-1,-1,-1
00223,2,833.216796875,110.79989624023438,150.96124267578125,65.23048400878906,0.8796372413635254,-1,-1,-1
00224,2,780.7951049804688,286.60943603515625,350.67510986328125,139.11587524414062,0.998969554901123,-1,-1,-1
00224,2,1057.865966796875,204.78866577148438,180.9051513671875,100.07272338867188,0.9994353652000427,-1,-1,-1
00224,2,834.6038818359375,109.58921813964844,148.1778564453125,65.6488037109375,0.8962701559066772,-1,-1,-1
00224,2,356.99554443359375,122.26705932617188,138.44552612304688,68.50703430175781,0.8001083731651306,-1,-1,-1
00225,2,726.482421875,281.3000183105469,330.9798583984375,139.86187744140625,0.9989894032478333,-1,-1,-1
00225,2,1056.145751953125,204.7284698486328,182.9029541015625,99.91838073730469,0.9995742440223694,-1,-1,-1
00225,2,835.5337524414062,109.85176086425781,146.74755859375,65.58555603027344,0.9272527694702148,-1,-1,-1
00225,2,357.9133605957031,121.86295318603516,137.7054443359375,69.04340362548828,0.8387815952301025,-1,-1,-1
00226,2,702.436279296875,274.6956481933594,313.252197265625,135.98226928710938,0.998744010925293,-1,-1,-1
00226,2,1053.66748046875,203.66221618652344,186.772216796875,101.11222839355469,0.9996139407157898,-1,-1,-1
00226,2,836.1025390625,109.55594635009766,143.8504638671875,66.30640411376953,0.9300903081893921,-1,-1,-1
00226,2,358.3206787109375,122.9541244506836,136.53256225585938,67.9435043334961,0.8694965839385986,-1,-1,-1
00227,2,661.411865234375,273.7451171875,310.07940673828125,123.65408325195312,0.9973824620246887,-1,-1,-1
00227,2,1051.845947265625,203.43038940429688,188.8927001953125,102.52288818359375,0.9997155070304871,-1,-1,-1
00227,2,835.6719360351562,110.30030822753906,144.23138427734375,65.17095947265625,0.9373437762260437,-1,-1,-1
00227,2,358.62237548828125,122.61492156982422,136.05227661132812,68.69251251220703,0.8753478527069092,-1,-1,-1
00228,2,1049.3250732421875,204.10731506347656,192.3134765625,100.58268737792969,0.9996342658996582,-1,-1,-1
00228,2,627.4884033203125,263.0559387207031,295.16278076171875,119.71728515625,0.996258020401001,-1,-1,-1
00228,2,359.1453552246094,122.92859649658203,134.58255004882812,67.9378890991211,0.8791363835334778,-1,-1,-1
00228,2,833.9176635742188,111.10212707519531,148.1845703125,63.404815673828125,0.8899626135826111,-1,-1,-1
00229,2,1047.359375,203.9940643310547,194.6729736328125,102.04020690917969,0.9995788931846619,-1,-1,-1
00229,2,592.2207641601562,262.4631652832031,289.55291748046875,116.63400268554688,0.9551697969436646,-1,-1,-1
00229,2,357.9523010253906,125.36438751220703,135.55511474609375,64.42960357666016,0.8552867770195007,-1,-1,-1
00229,2,834.0152587890625,111.38542175292969,147.9154052734375,63.69773864746094,0.8895262479782104,-1,-1,-1
00230,2,1044.200927734375,201.83421325683594,199.3648681640625,107.38758850097656,0.9997467398643494,-1,-1,-1
00230,2,561.3357543945312,253.33816528320312,279.015380859375,114.80078125,0.9884268641471863,-1,-1,-1
00230,2,358.8757019042969,125.47925567626953,133.80899047851562,64.34699249267578,0.8748129606246948,-1,-1,-1
00230,2,834.2865600585938,111.44605255126953,147.12469482421875,63.473289489746094,0.9029160141944885,-1,-1,-1
00231,2,1045.9739990234375,203.21726989746094,190.236572265625,106.93235778808594,0.9998520612716675,-1,-1,-1
00231,2,532.1179809570312,246.04177856445312,262.37109375,117.41558837890625,0.9966245889663696,-1,-1,-1
00231,2,359.0226135253906,124.12677764892578,133.4117431640625,65.04056549072266,0.8423853516578674,-1,-1,-1
00232,2,1044.579345703125,208.64071655273438,184.9556884765625,101.14031982421875,0.9998459815979004,-1,-1,-1
00232,2,499.9549560546875,236.07667541503906,257.98614501953125,120.31364440917969,0.9900972843170166,-1,-1,-1
00232,2,359.5837097167969,124.44696044921875,132.3702392578125,64.75947570800781,0.8732640147209167,-1,-1,-1
00233,2,1024.367919921875,211.02511596679688,197.8760986328125,98.00308227539062,0.9998363256454468,-1,-1,-1
00233,2,468.2744445800781,242.41087341308594,246.04678344726562,108.79154968261719,0.993933379650116,-1,-1,-1
00233,2,359.3743591308594,125.10895538330078,132.27294921875,64.49018096923828,0.8599109649658203,-1,-1,-1
00234,2,1011.7699584960938,212.2221221923828,195.15960693359375,102.12443542480469,0.9997727274894714,-1,-1,-1
00234,2,443.2388916015625,239.3230743408203,228.53564453125,104.07121276855469,0.9949356317520142,-1,-1,-1
00234,2,358.2866516113281,125.83251190185547,134.9735107421875,63.26435089111328,0.8297341465950012,-1,-1,-1
00235,2,999.8580322265625,217.6566925048828,213.9947509765625,99.94752502441406,0.9998928308486938,-1,-1,-1
00235,2,415.656494140625,232.78952026367188,227.88525390625,101.08905029296875,0.9965956807136536,-1,-1,-1
00236,2,997.9227294921875,217.89671325683594,211.6673583984375,101.68122863769531,0.9999127388000488,-1,-1,-1
00236,2,392.8917541503906,235.40011596679688,214.65005493164062,95.40093994140625,0.9990053772926331,-1,-1,-1
00236,2,835.0914916992188,115.2740478515625,147.68878173828125,59.868682861328125,0.8629438281059265,-1,-1,-1
00237,2,973.4845581054688,225.45008850097656,216.06719970703125,98.33314514160156,0.9999442100524902,-1,-1,-1
00237,2,370.4395446777344,228.21011352539062,216.15603637695312,105.1370849609375,0.9948983788490295,-1,-1,-1
00237,2,834.5337524414062,115.36243438720703,149.16400146484375,59.93848419189453,0.8629381656646729,-1,-1,-1
00238,2,965.5216674804688,225.74114990234375,220.04425048828125,103.85891723632812,0.9998169541358948,-1,-1,-1
00238,2,342.7937927246094,224.39096069335938,203.04837036132812,94.80130004882812,0.9983229041099548,-1,-1,-1
00238,2,834.6903076171875,114.5543441772461,149.34814453125,61.064186096191406,0.8937057256698608,-1,-1,-1
00239,2,955.8588256835938,228.5907745361328,227.76654052734375,104.54655456542969,0.9998376369476318,-1,-1,-1
00239,2,324.3178405761719,217.53578186035156,192.28286743164062,93.93531799316406,0.9977217316627502,-1,-1,-1
00239,2,834.8642578125,114.86396026611328,149.1229248046875,60.36792755126953,0.8736711144447327,-1,-1,-1
00240,2,934.3194580078125,231.0089569091797,234.3504638671875,101.93519592285156,0.9991372227668762,-1,-1,-1
00240,2,310.86883544921875,219.29747009277344,185.96218872070312,90.61421203613281,0.9971885085105896,-1,-1,-1
00240,2,834.8928833007812,114.81180572509766,149.49676513671875,60.44530487060547,0.8649899959564209,-1,-1,-1
00241,2,923.5724487304688,231.79595947265625,222.39068603515625,102.4239501953125,0.999496340751648,-1,-1,-1
00241,2,289.032958984375,218.3002471923828,164.45376586914062,87.65287780761719,0.9955215454101562,-1,-1,-1
00241,2,832.760009765625,113.34950256347656,155.7593994140625,59.62358093261719,0.8803865909576416,-1,-1,-1
00242,2,919.05615234375,232.28428649902344,220.1065673828125,105.46049499511719,0.9997816681861877,-1,-1,-1
00242,2,267.6131591796875,217.6285858154297,164.98947143554688,83.69972229003906,0.9976884126663208,-1,-1,-1
00242,2,831.7877197265625,112.94125366210938,157.77801513671875,60.385986328125,0.8843615651130676,-1,-1,-1
00243,2,889.0587768554688,235.4153289794922,225.57342529296875,108.25727844238281,0.9996402263641357,-1,-1,-1
00243,2,257.0332336425781,216.78990173339844,150.46307373046875,85.82466125488281,0.9948462247848511,-1,-1,-1
00243,2,831.3643188476562,113.1603012084961,158.69036865234375,60.85358428955078,0.8980504274368286,-1,-1,-1
00243,2,1732.4439697265625,165.2412872314453,57.1575927734375,49.39617919921875,0.8200439214706421,-1,-1,-1
00244,2,868.9348754882812,235.0574951171875,246.95806884765625,113.8831787109375,0.9996125102043152,-1,-1,-1
00244,2,235.03944396972656,213.62330627441406,148.6903839111328,81.96333312988281,0.9981085062026978,-1,-1,-1
00244,2,831.7144775390625,113.75980377197266,158.371826171875,60.096046447753906,0.8963159322738647,-1,-1,-1
00245,2,841.7263793945312,240.85693359375,246.64569091796875,115.50601196289062,0.9992949962615967,-1,-1,-1
00245,2,227.07215881347656,213.218994140625,135.7606658935547,80.80209350585938,0.9978961944580078,-1,-1,-1
00245,2,832.686279296875,113.39887237548828,156.84808349609375,59.83562469482422,0.8788806200027466,-1,-1,-1
00246,2,832.696044921875,242.32614135742188,246.874755859375,118.41159057617188,0.9996341466903687,-1,-1,-1
00246,2,202.68006896972656,214.41348266601562,138.6657257080078,77.10623168945312,0.9975402355194092,-1,-1,-1
00246,2,832.1826782226562,113.6324691772461,158.289306640625,59.39905548095703,0.8961350321769714,-1,-1,-1
00247,2,801.0367431640625,248.5286407470703,254.2877197265625,116.75016784667969,0.999444305896759,-1,-1,-1
00247,2,193.55642700195312,212.1396484375,128.99713134765625,78.18338012695312,0.9971522092819214,-1,-1,-1
00247,2,832.325927734375,113.59444427490234,157.0589599609375,61.08037567138672,0.9074596762657166,-1,-1,-1
00248,2,768.0386352539062,256.3205261230469,277.54974365234375,118.06625366210938,0.997423529624939,-1,-1,-1
00248,2,173.25442504882812,208.91030883789062,123.9700927734375,73.848876953125,0.9941297769546509,-1,-1,-1
00248,2,832.79052734375,113.24675750732422,156.60467529296875,61.61054229736328,0.9214288592338562,-1,-1,-1
00249,2,163.9838409423828,208.94454956054688,114.93873596191406,72.71923828125,0.9912810921669006,-1,-1,-1
00249,2,740.799072265625,259.0072021484375,288.0562744140625,117.005615234375,0.9887401461601257,-1,-1,-1
00249,2,831.8742065429688,113.9092788696289,158.12554931640625,61.515357971191406,0.9172161221504211,-1,-1,-1
00250,2,722.085693359375,254.71949768066406,282.51812744140625,130.8723602294922,0.9981650710105896,-1,-1,-1
00250,2,144.42286682128906,209.6350555419922,116.50309753417969,69.87477111816406,0.9881725907325745,-1,-1,-1
00250,2,832.8283081054688,113.71082305908203,154.58453369140625,60.70745086669922,0.8632100820541382,-1,-1,-1
00251,2,671.4442138671875,264.9476318359375,313.9671630859375,134.17584228515625,0.9994766116142273,-1,-1,-1
00251,2,134.2490692138672,207.0129852294922,103.12063598632812,67.47377014160156,0.9871276617050171,-1,-1,-1
00252,2,649.2992553710938,270.9812927246094,322.71136474609375,135.31427001953125,0.9990370273590088,-1,-1,-1
00252,2,116.9842529296875,207.7344970703125,114.18804931640625,64.85565185546875,0.9809827208518982,-1,-1,-1
00252,2,358.2203674316406,126.14956665039062,134.8760986328125,63.915985107421875,0.850807249546051,-1,-1,-1
00252,2,834.4549560546875,114.98097229003906,149.9974365234375,58.68910217285156,0.8057737946510315,-1,-1,-1
00253,2,612.8812255859375,277.8224792480469,312.106201171875,143.0823974609375,0.9993558526039124,-1,-1,-1
00253,2,109.12857818603516,204.53387451171875,102.29534149169922,66.35330200195312,0.9587849378585815,-1,-1,-1
00253,2,359.2530517578125,125.23428344726562,133.05422973632812,64.5640869140625,0.8183265924453735,-1,-1,-1
00254,2,576.29833984375,278.8301086425781,325.1939697265625,154.03610229492188,0.9969889521598816,-1,-1,-1
00254,2,89.3149642944336,204.39239501953125,105.4385757446289,65.51968383789062,0.8713138699531555,-1,-1,-1
00254,2,358.73516845703125,124.49337768554688,133.85580444335938,65.2171630859375,0.805674135684967,-1,-1,-1
00255,2,539.2410888671875,281.1563415527344,317.01776123046875,160.53372192382812,0.9993302822113037,-1,-1,-1
00255,2,84.48336791992188,202.73184204101562,96.55177307128906,65.95187377929688,0.9440056681632996,-1,-1,-1
00255,2,357.85211181640625,124.1431884765625,134.8582763671875,65.62269592285156,0.8047311902046204,-1,-1,-1
00256,2,499.4875793457031,292.4815368652344,330.2303771972656,160.345947265625,0.999160647392273,-1,-1,-1
00256,2,74.83937072753906,203.78160095214844,90.16522216796875,66.42497253417969,0.9043018817901611,-1,-1,-1
00256,2,357.70941162109375,125.3638687133789,135.42721557617188,64.02025604248047,0.8186438679695129,-1,-1,-1
00257,2,442.09423828125,303.443359375,347.04296875,170.01651000976562,0.9997830986976624,-1,-1,-1
00257,2,53.47966384887695,205.78623962402344,98.57188034057617,57.74861145019531,0.9300765991210938,-1,-1,-1
00257,2,357.8702392578125,124.84522247314453,134.43731689453125,65.03165435791016,0.8401409387588501,-1,-1,-1
00258,2,401.3284912109375,305.4029235839844,364.764404296875,179.15093994140625,0.9994126558303833,-1,-1,-1
00258,2,54.48160934448242,204.63339233398438,79.44501113891602,55.834869384765625,0.9449031352996826,-1,-1,-1
00258,2,357.9950256347656,124.82144927978516,133.73886108398438,65.11394500732422,0.8315604329109192,-1,-1,-1
00259,2,332.25927734375,313.43121337890625,379.87347412109375,193.58932495117188,0.9998784065246582,-1,-1,-1
00259,2,44.05363845825195,201.0474090576172,80.03762435913086,59.81797790527344,0.9103286862373352,-1,-1,-1
00260,2,291.3965148925781,321.36016845703125,374.7948303222656,198.80670166015625,0.9995397329330444,-1,-1,-1
00260,2,32.2487907409668,203.3131866455078,72.90625381469727,57.20085144042969,0.8594880700111389,-1,-1,-1
