00001,2,139.41030883789062,459.6888427734375,180.72708129882812,111.008544921875,0.999248206615448,-1,-1,-1
00001,2,38.77354049682617,372.054931640625,73.31552505493164,53.839630126953125,0.9425157904624939,-1,-1,-1
00001,2,1749.3211669921875,512.1265258789062,814.6934814453125,474.3975830078125,0.9962704181671143,-1,-1,-1
00002,2,136.34190368652344,457.71875,174.01185607910156,111.13232421875,0.9993724226951599,-1,-1,-1
00002,2,1752.9295654296875,512.0086059570312,810.3428955078125,471.28253173828125,0.9966633915901184,-1,-1,-1
00002,2,42.36644744873047,370.1254577636719,66.37210845947266,51.0662841796875,0.8525599241256714,-1,-1,-1
00003,2,125.5061264038086,449.1630554199219,177.6009292602539,109.35598754882812,0.9992177486419678,-1,-1,-1
00003,2,1753.2977294921875,511.7364196777344,810.2926025390625,471.7705383300781,0.9966195821762085,-1,-1,-1
00003,2,39.37760543823242,367.12823486328125,67.65731430053711,51.692230224609375,0.8625597357749939,-1,-1,-1
00004,2,115.86640167236328,445.0994873046875,167.09276580810547,105.20904541015625,0.9989336133003235,-1,-1,-1
00004,2,1753.484130859375,511.07647705078125,810.335205078125,472.38323974609375,0.9967220425605774,-1,-1,-1
00004,2,37.42292785644531,367.3255310058594,66.42228698730469,51.427154541015625,0.865104079246521,-1,-1,-1
00005,2,118.11692810058594,445.19970703125,160.77330017089844,99.91986083984375,0.9982032775878906,-1,-1,-1
00005,2,33.89745330810547,365.81243896484375,72.24933624267578,51.319580078125,0.8959859013557434,-1,-1,-1
00005,2,1753.7183837890625,511.3977355957031,809.7608642578125,472.1858215332031,0.9966374635696411,-1,-1,-1
00006,2,122.71063232421875,436.1075744628906,148.19863891601562,104.85153198242188,0.9961444139480591,-1,-1,-1
00006,2,34.5341796875,363.927978515625,70.97355651855469,53.058502197265625,0.9344358444213867,-1,-1,-1
00006,2,1754.0562744140625,511.4876708984375,809.0179443359375,472.1292724609375,0.9966332316398621,-1,-1,-1
00007,2,117.83525085449219,429.37567138671875,145.4052276611328,110.41058349609375,0.9969094395637512,-1,-1,-1
00007,2,1754.048095703125,511.52435302734375,809.046142578125,472.22332763671875,0.9964757561683655,-1,-1,-1
00007,2,32.19514465332031,362.2600402832031,67.27204895019531,52.039520263671875,0.8761081695556641,-1,-1,-1
00008,2,110.74995422363281,425.0245666503906,138.0048370361328,108.70077514648438,0.9960072636604309,-1,-1,-1
00008,2,1754.6741943359375,511.6044006347656,808.1822509765625,472.3791198730469,0.9965198040008545,-1,-1,-1
00008,2,35.193199157714844,362.82965087890625,63.514671325683594,49.57440185546875,0.8170792460441589,-1,-1,-1
00009,2,103.22074127197266,423.4485778808594,138.81978607177734,108.19485473632812,0.9947338104248047,-1,-1,-1
00009,2,1754.1685791015625,511.3917236328125,808.9556884765625,472.33258056640625,0.9963834285736084,-1,-1,-1
00009,2,34.493133544921875,363.438720703125,61.962303161621094,48.035858154296875,0.8509844541549683,-1,-1,-1
00010,2,99.99562072753906,418.3558044433594,130.36402893066406,102.41244506835938,0.9882832169532776,-1,-1,-1
00010,2,1753.752685546875,511.4211730957031,810.166748046875,472.5552673339844,0.9963705539703369,-1,-1,-1
00010,2,36.50049591064453,364.7504577636719,59.05510711669922,46.453125,0.8127675652503967,-1,-1,-1
00011,2,95.81747436523438,418.0586242675781,129.39219665527344,101.40890502929688,0.9907779693603516,-1,-1,-1
00011,2,1755.7799072265625,510.5426330566406,808.6236572265625,476.6239318847656,0.9978138208389282,-1,-1,-1
00012,2,90.13579559326172,419.73779296875,129.7499771118164,95.6964111328125,0.9911530613899231,-1,-1,-1
00012,2,1755.8118896484375,509.8565368652344,809.0181884765625,477.2184753417969,0.9978164434432983,-1,-1,-1
00013,2,84.37886047363281,419.7204284667969,129.30467224121094,90.02740478515625,0.9798266887664795,-1,-1,-1
00013,2,1752.65380859375,508.62188720703125,812.969970703125,478.5885009765625,0.9979208111763,-1,-1,-1
00014,2,82.97479248046875,412.7567138671875,129.06646728515625,96.5294189453125,0.995540201663971,-1,-1,-1
00014,2,1752.9139404296875,508.5109558105469,812.4940185546875,478.8000183105469,0.9979348182678223,-1,-1,-1
00015,2,74.62091064453125,412.3883056640625,130.61439514160156,90.7344970703125,0.9958502054214478,-1,-1,-1
00015,2,2.815730333328247,567.2581176757812,123.98140406608582,363.71539306640625,0.9658884406089783,-1,-1,-1
00015,2,1752.815185546875,508.2653503417969,811.709228515625,478.9732971191406,0.9978721141815186,-1,-1,-1
00016,2,73.06401062011719,411.2139892578125,129.52198791503906,85.86163330078125,0.9909071922302246,-1,-1,-1
00016,2,-1.016903042793274,568.7992553710938,198.93450558185577,381.71527099609375,0.9823415875434875,-1,-1,-1
00016,2,1753.15673828125,508.6192626953125,810.667724609375,478.48114013671875,0.9978755712509155,-1,-1,-1
00017,2,-4.296422004699707,569.7761840820312,276.34222888946533,408.42510986328125,0.994236946105957,-1,-1,-1
00017,2,62.842098236083984,404.1732482910156,131.34547805786133,90.7999267578125,0.9876165986061096,-1,-1,-1
00017,2,1753.1138916015625,508.297119140625,810.7493896484375,478.93524169921875,0.997870683670044,-1,-1,-1
00018,2,-7.2699127197265625,555.8978271484375,387.64405822753906,465.54345703125,0.9954043626785278,-1,-1,-1
00018,2,63.21097946166992,401.72393798828125,121.6435432434082,87.29202270507812,0.9851030707359314,-1,-1,-1
00018,2,1752.652099609375,508.3982238769531,811.7802734375,478.7365417480469,0.9978189468383789,-1,-1,-1
00019,2,-13.56476879119873,615.6690063476562,480.82700634002686,439.09844970703125,0.9923980832099915,-1,-1,-1
00019,2,66.7522964477539,408.8875427246094,109.31145477294922,71.9478759765625,0.9908788800239563,-1,-1,-1
00019,2,1752.9114990234375,508.33831787109375,811.3306884765625,479.14459228515625,0.9978354573249817,-1,-1,-1
00020,2,1.9276714324951172,631.241455078125,592.6074237823486,458.4954833984375,0.9992623925209045,-1,-1,-1
00020,2,61.148624420166016,401.2557678222656,111.98766708374023,77.086669921875,0.9892390966415405,-1,-1,-1
00020,2,1752.339599609375,508.84454345703125,813.064208984375,478.48931884765625,0.9978702068328857,-1,-1,-1
00021,2,13.097953796386719,616.6187744140625,761.600715637207,514.6785888671875,0.9995986819267273,-1,-1,-1
00021,2,56.704551696777344,403.6683654785156,115.4575424194336,72.12081909179688,0.9915117621421814,-1,-1,-1
00021,2,1753.01171875,509.27490234375,812.690185546875,478.4827880859375,0.997574508190155,-1,-1,-1
00022,2,15.163527488708496,627.8904418945312,916.8515481948853,585.7948608398438,0.9998041987419128,-1,-1,-1
00022,2,55.31086349487305,400.4940185546875,111.21940994262695,73.10638427734375,0.9920302629470825,-1,-1,-1
00022,2,1753.416259765625,508.9444580078125,811.792724609375,479.324951171875,0.9974276423454285,-1,-1,-1
00023,2,49.855323791503906,629.90966796875,1082.750389099121,652.4620361328125,0.9993577599525452,-1,-1,-1
00023,2,47.78593063354492,395.81072998046875,117.25783157348633,76.42922973632812,0.9846236109733582,-1,-1,-1
00023,2,1754.7486572265625,509.00494384765625,808.6656494140625,479.6243896484375,0.9973515272140503,-1,-1,-1
00024,2,143.36927795410156,679.6317138671875,1263.2266693115234,665.6361083984375,0.999747097492218,-1,-1,-1
00024,2,49.514278411865234,389.9265441894531,110.13721084594727,79.10043334960938,0.9798092842102051,-1,-1,-1
00024,2,1758.161865234375,510.3043518066406,803.597412109375,477.9657897949219,0.9976688027381897,-1,-1,-1
00025,2,237.4534454345703,725.50732421875,1460.7123260498047,664.5318603515625,0.9999575614929199,-1,-1,-1
00025,2,44.521263122558594,389.1692199707031,108.6272201538086,80.11380004882812,0.9631522297859192,-1,-1,-1
00025,2,1758.9215087890625,512.4174194335938,800.8013916015625,470.96539306640625,0.997787594795227,-1,-1,-1
00026,2,346.6931457519531,688.1944580078125,1673.2991638183594,762.152099609375,0.9999845027923584,-1,-1,-1
00026,2,49.69721984863281,392.906982421875,96.69309997558594,72.77243041992188,0.9466162919998169,-1,-1,-1
00026,2,1758.7755126953125,513.0712890625,794.6461181640625,461.6671142578125,0.9992239475250244,-1,-1,-1
00027,2,490.7170104980469,700.21484375,1898.8464660644531,839.001708984375,0.9999862909317017,-1,-1,-1
00027,2,45.15919494628906,393.7048034667969,94.47283935546875,65.75592041015625,0.9781076312065125,-1,-1,-1
00027,2,1749.866455078125,507.4698791503906,821.28369140625,459.4750671386719,0.9995287656784058,-1,-1,-1
00028,2,701.31591796875,768.5803833007812,1863.206787109375,869.0292358398438,0.9999716281890869,-1,-1,-1
00028,2,44.275596618652344,392.6680603027344,89.4959487915039,67.55197143554688,0.9659193754196167,-1,-1,-1
00028,2,1747.6739501953125,515.9994506835938,833.9571533203125,471.68359375,0.9975346326828003,-1,-1,-1
00029,2,1002.8521118164062,800.2913208007812,1546.7872924804688,885.6109008789062,0.9997938275337219,-1,-1,-1
00029,2,1761.7833251953125,509.66558837890625,814.3270263671875,447.36834716796875,0.9900386333465576,-1,-1,-1
00029,2,46.059410095214844,385.8185729980469,78.50126647949219,62.655426025390625,0.9342256188392639,-1,-1,-1
00030,2,1318.724853515625,850.8840942382812,1240.091552734375,746.3244018554688,0.9995357990264893,-1,-1,-1
00030,2,1770.3599853515625,514.06982421875,784.8079833984375,415.1279296875,0.9891436696052551,-1,-1,-1
00030,2,44.674930572509766,385.45281982421875,76.06412887573242,61.63348388671875,0.9332754015922546,-1,-1,-1
00031,2,1644.6033935546875,887.3541259765625,921.0452880859375,729.9517822265625,0.9986044764518738,-1,-1,-1
00031,2,1753.548095703125,520.4239501953125,812.94775390625,422.9833984375,0.9985740184783936,-1,-1,-1
00031,2,42.11333465576172,385.30303955078125,77.58167266845703,60.579437255859375,0.9014694690704346,-1,-1,-1
00032,2,1950.109619140625,785.3700561523438,604.143310546875,926.0425415039062,0.9981750249862671,-1,-1,-1
00032,2,1752.2596435546875,505.40655517578125,824.6263427734375,476.10308837890625,0.9910189509391785,-1,-1,-1
00032,2,42.82963562011719,381.5531921386719,69.01752471923828,47.912353515625,0.8411217331886292,-1,-1,-1
00032,2,39.5587272644043,397.26959228515625,81.23178482055664,53.019378662109375,0.8387293815612793,-1,-1,-1
00033,2,2337.402587890625,903.0579833984375,222.889404296875,622.8944091796875,0.9467247724533081,-1,-1,-1
00033,2,34.264320373535156,381.8059387207031,76.06912994384766,52.064453125,0.9127759337425232,-1,-1,-1
00033,2,1750.23681640625,508.3479919433594,816.1845703125,482.3998107910156,0.9971336126327515,-1,-1,-1
00034,2,32.7988395690918,383.3627014160156,76.67954635620117,51.960968017578125,0.9440041780471802,-1,-1,-1
00034,2,1750.8421630859375,509.3291931152344,813.8758544921875,481.8923645019531,0.9972442388534546,-1,-1,-1
00035,2,35.27363967895508,384.60931396484375,70.89424514770508,47.784637451171875,0.9299947023391724,-1,-1,-1
00035,2,1751.485107421875,508.5989990234375,813.263427734375,480.07818603515625,0.9972545504570007,-1,-1,-1
00036,2,34.970916748046875,386.7674560546875,69.86662292480469,43.4998779296875,0.9257435202598572,-1,-1,-1
00036,2,1751.4495849609375,507.8193359375,813.6834716796875,481.58465576171875,0.93204665184021,-1,-1,-1
00037,2,32.81171417236328,384.75439453125,71.0632553100586,46.962982177734375,0.8930693864822388,-1,-1,-1
00037,2,1749.9012451171875,507.81488037109375,815.2862548828125,482.09014892578125,0.9143686294555664,-1,-1,-1
00038,2,28.454477310180664,381.9837951660156,75.78090476989746,47.215728759765625,0.9180681109428406,-1,-1,-1
00038,2,1750.192138671875,508.1408386230469,814.626708984375,481.8429260253906,0.9176601767539978,-1,-1,-1
00039,2,29.796730041503906,375.9969482421875,73.01439666748047,47.94549560546875,0.9354897737503052,-1,-1,-1
00039,2,1750.4608154296875,508.92315673828125,814.4832763671875,481.12811279296875,0.9233205318450928,-1,-1,-1
00040,2,28.764408111572266,374.71429443359375,73.61421585083008,49.878387451171875,0.9357505440711975,-1,-1,-1
00040,2,1750.65283203125,509.9875793457031,814.27685546875,477.7812805175781,0.9974454641342163,-1,-1,-1
00041,2,1754.9512939453125,507.9827575683594,804.5408935546875,477.9287414550781,0.9973464012145996,-1,-1,-1
00041,2,29.256250381469727,374.048095703125,70.61861228942871,49.815155029296875,0.8954362273216248,-1,-1,-1
00042,2,1752.8624267578125,508.0630187988281,807.4859619140625,476.7541809082031,0.9980315566062927,-1,-1,-1
00042,2,33.58135223388672,374.92236328125,60.26482391357422,46.7359619140625,0.8430660367012024,-1,-1,-1
00043,2,1754.77880859375,510.6666259765625,807.739990234375,475.35369873046875,0.9967318773269653,-1,-1,-1
00044,2,1756.16845703125,511.7507629394531,801.753662109375,477.4695739746094,0.9966757297515869,-1,-1,-1
00045,2,1743.196044921875,512.3939819335938,821.718017578125,474.55322265625,0.998008668422699,-1,-1,-1
00046,2,1734.6640625,511.719482421875,830.140869140625,472.80291748046875,0.9989898800849915,-1,-1,-1
00047,2,1670.12353515625,504.82440185546875,879.88720703125,495.54931640625,0.999415397644043,-1,-1,-1
00047,2,13.169175148010254,376.153564453125,42.747225761413574,37.872161865234375,0.8056833148002625,-1,-1,-1
00048,2,1662.615478515625,506.51385498046875,882.2294921875,494.740966796875,0.9995342493057251,-1,-1,-1
00048,2,12.751749992370605,373.8872375488281,47.43226718902588,39.169952392578125,0.8657864332199097,-1,-1,-1
00049,2,1640.55517578125,495.6109313964844,927.6240234375,505.1864929199219,0.9995343685150146,-1,-1,-1
00049,2,12.683587074279785,370.7359313964844,49.50720500946045,41.4744873046875,0.8961319923400879,-1,-1,-1
00050,2,1607.8026123046875,493.79058837890625,950.1849365234375,506.0301513671875,0.9993374943733215,-1,-1,-1
00050,2,11.67300033569336,370.3160705566406,52.62900161743164,42.380401611328125,0.9057570099830627,-1,-1,-1
00051,2,1575.2235107421875,491.53375244140625,986.4273681640625,508.06280517578125,0.9995597004890442,-1,-1,-1
00051,2,12.382989883422852,371.10931396484375,47.82980155944824,39.83294677734375,0.8632601499557495,-1,-1,-1
00052,2,1544.106201171875,488.135498046875,1008.099609375,512.5698852539062,0.9994713664054871,-1,-1,-1
00052,2,12.752462387084961,371.7493591308594,45.01791572570801,37.3055419921875,0.8512287139892578,-1,-1,-1
00053,2,12.142263412475586,371.08709716796875,44.176340103149414,38.2037353515625,0.871243417263031,-1,-1,-1
00053,2,1459.0618896484375,504.50390625,1054.3179931640625,491.15557861328125,0.9995686411857605,-1,-1,-1
00054,2,11.841289520263672,370.6935119628906,44.58119201660156,38.910888671875,0.8704509735107422,-1,-1,-1
00054,7,1470.327880859375,501.6832275390625,1056.471435546875,515.0399780273438,0.9997416138648987,-1,-1,-1
00054,2,1406.748046875,507.1070556640625,1098.9072265625,491.27447509765625,0.9886052012443542,-1,-1,-1
00055,2,12.21525764465332,370.921630859375,43.330698013305664,37.78472900390625,0.8552740216255188,-1,-1,-1
00055,7,1415.702880859375,504.87493896484375,1143.3095703125,512.2670288085938,0.9994088411331177,-1,-1,-1
00055,2,1364.065185546875,500.3307189941406,1175.159423828125,511.6458435058594,0.9993622899055481,-1,-1,-1
00056,2,11.359129905700684,369.5531311035156,44.357659339904785,37.558013916015625,0.8691698908805847,-1,-1,-1
00056,7,1418.2191162109375,506.9656982421875,1136.8599853515625,506.35040283203125,0.9943060278892517,-1,-1,-1
00056,2,1329.0673828125,501.78106689453125,1214.864990234375,512.0453491210938,0.999821126461029,-1,-1,-1
00057,7,1257.2591552734375,443.10931396484375,1275.7535400390625,602.4961547851562,0.9997662901878357,-1,-1,-1
00057,2,11.654058456420898,369.13470458984375,44.55500602722168,38.176116943359375,0.8680952787399292,-1,-1,-1
00058,2,12.492940902709961,370.1419677734375,44.04626274108887,38.312225341796875,0.8617757558822632,-1,-1,-1
00058,7,1186.278564453125,454.6833801269531,1310.545166015625,594.6569519042969,0.9998651742935181,-1,-1,-1
00059,7,1073.08154296875,464.7453308105469,1399.32080078125,577.8207092285156,0.9996718168258667,-1,-1,-1
00059,2,13.14073657989502,370.7298278808594,42.916476249694824,36.973114013671875,0.8685264587402344,-1,-1,-1
00060,7,981.2303466796875,501.68994140625,1457.9522705078125,523.912353515625,0.9998087286949158,-1,-1,-1
00060,2,13.116838455200195,371.0971374511719,41.41289710998535,35.607879638671875,0.8422673344612122,-1,-1,-1
00061,7,896.7750244140625,492.44769287109375,1383.0086669921875,541.6198120117188,0.9994001388549805,-1,-1,-1
00062,7,844.7503051757812,477.6040344238281,1391.2250366210938,574.1514587402344,0.9998317956924438,-1,-1,-1
00063,7,676.9031982421875,484.2212219238281,1429.8250732421875,560.6679382324219,0.9991029500961304,-1,-1,-1
00064,7,599.2052001953125,479.13641357421875,1392.5794677734375,575.3838500976562,0.9998593330383301,-1,-1,-1
00065,7,464.30902099609375,474.1848449707031,1430.9065551757812,582.0815124511719,0.998289167881012,-1,-1,-1
00066,7,379.6610107421875,454.5231628417969,1388.8065185546875,603.6371154785156,0.9998019337654114,-1,-1,-1
00067,7,261.7095031738281,483.357421875,1404.1977233886719,569.41259765625,0.9997290968894958,-1,-1,-1
00068,7,142.64349365234375,470.92828369140625,1328.8355102539062,578.3215942382812,0.9995600581169128,-1,-1,-1
00069,7,35.348793029785156,445.4468688964844,1342.2863388061523,620.3309631347656,0.999450147151947,-1,-1,-1
00070,7,-18.776777267456055,482.45538330078125,1250.741865158081,583.7323608398438,0.9991104006767273,-1,-1,-1
00071,7,9.429285049438477,506.0521240234375,1151.5021114349365,529.7003173828125,0.9996501207351685,-1,-1,-1
00072,7,-8.093966484069824,496.55157470703125,1038.6342496871948,535.7645874023438,0.9978241920471191,-1,-1,-1
00073,7,12.73526668548584,487.9329833984375,898.7982416152954,547.714599609375,0.9940127730369568,-1,-1,-1
00073,2,2426.7646484375,582.4993286132812,134.327880859375,349.72552490234375,0.9844595193862915,-1,-1,-1
00074,7,15.389806747436523,471.6538391113281,757.210412979126,559.4585876464844,0.9930170774459839,-1,-1,-1
00074,2,2329.79150390625,596.4801635742188,236.935546875,344.4635009765625,0.9930859804153442,-1,-1,-1
00075,7,-18.216388702392578,489.35113525390625,701.6469306945801,531.0521850585938,0.9912841320037842,-1,-1,-1
00075,2,2229.1435546875,536.8643798828125,336.482666015625,433.432373046875,0.9744265079498291,-1,-1,-1
00076,7,-0.9278282523155212,553.5477294921875,570.0266441702843,476.1324462890625,0.9825074076652527,-1,-1,-1
00076,2,2134.212890625,524.8585815429688,435.6376953125,453.49822998046875,0.9375362992286682,-1,-1,-1
00077,7,-3.288902997970581,616.8322143554688,447.2420279979706,376.29583740234375,0.8373486399650574,-1,-1,-1
00077,7,2027.6734619140625,508.4840087890625,531.4388427734375,490.82177734375,0.9932635426521301,-1,-1,-1
00078,7,-7.678785800933838,387.2477722167969,329.47544717788696,629.8863220214844,0.8893234133720398,-1,-1,-1
00078,2,1909.97216796875,511.5294494628906,646.31298828125,485.5368347167969,0.9955037236213684,-1,-1,-1
00079,7,5.72798490524292,451.9493713378906,165.20316743850708,513.8720397949219,0.9304563999176025,-1,-1,-1
00079,2,1812.578857421875,496.7873840332031,744.242431640625,489.1058044433594,0.9976392984390259,-1,-1,-1
00079,7,1766.7431640625,502.8067626953125,783.636962890625,476.31201171875,0.9926457405090332,-1,-1,-1
00080,2,1670.07666015625,513.8768310546875,886.611083984375,487.83251953125,0.9990307092666626,-1,-1,-1
00081,7,1532.0543212890625,491.1214294433594,1007.0489501953125,524.3576965332031,0.9986973404884338,-1,-1,-1
00082,2,1363.35791015625,498.4344177246094,1184.93115234375,495.2463684082031,0.9988659620285034,-1,-1,-1
00082,7,1409.148193359375,500.93450927734375,1156.081298828125,503.47052001953125,0.9996439218521118,-1,-1,-1
00083,7,1344.4500732421875,498.87066650390625,1206.0887451171875,505.7078857421875,0.9997727274894714,-1,-1,-1
00084,2,-2.5666615962982178,749.3743286132812,487.1633107662201,817.3511352539062,0.9868747591972351,-1,-1,-1
00084,7,1123.301513671875,479.0589294433594,1342.46923828125,552.9156799316406,0.9998788833618164,-1,-1,-1
00085,2,-3.154352903366089,651.4817504882812,794.9560496807098,882.1932983398438,0.9993927478790283,-1,-1,-1
00085,7,992.313720703125,464.9903259277344,1379.27001953125,580.3009338378906,0.9998635053634644,-1,-1,-1
00086,2,40.877166748046875,699.4325561523438,1096.7461242675781,799.4175415039062,0.9997959733009338,-1,-1,-1
00086,7,868.2723388671875,461.0936279296875,1362.3868408203125,568.23876953125,0.9999655485153198,-1,-1,-1
00087,2,-11.922637939453125,633.0231323242188,1592.2916564941406,902.7466430664062,0.9997811913490295,-1,-1,-1
00087,7,714.008544921875,511.1367492675781,1343.840576171875,482.7048034667969,0.9999080896377563,-1,-1,-1
00088,2,-53.89476013183594,732.7305297851562,2070.4341888427734,829.1132202148438,0.9997339844703674,-1,-1,-1
00088,7,790.3272094726562,516.8169555664062,1165.1823120117188,472.87701416015625,0.99714595079422,-1,-1,-1
00089,2,158.9129180908203,723.0767822265625,2263.6749725341797,809.6126708984375,0.9996905326843262,-1,-1,-1
00089,2,404.0863342285156,509.7774658203125,1392.4309997558594,273.03387451171875,0.8727977275848389,-1,-1,-1
00089,7,374.4131164550781,563.853759765625,1385.6520690917969,289.22772216796875,0.9710977077484131,-1,-1,-1
00090,2,586.5349731445312,621.8138427734375,2002.8995971679688,942.853515625,0.9999097585678101,-1,-1,-1
00090,7,269.82965087890625,512.342041015625,1026.6554565429688,506.42303466796875,0.9871411323547363,-1,-1,-1
00091,2,1018.6839599609375,681.1074829101562,1573.4044189453125,845.2531127929688,0.999123752117157,-1,-1,-1
00091,7,99.33777618408203,466.78192138671875,1342.0334396362305,575.2808227539062,0.9998830556869507,-1,-1,-1
00091,2,2447.365234375,606.4662475585938,118.07861328125,224.254638671875,0.8906552791595459,-1,-1,-1
00092,7,22.781667709350586,459.9141845703125,1203.917428970337,595.5809326171875,0.9998449087142944,-1,-1,-1
00092,2,1413.8782958984375,607.635498046875,1125.1036376953125,907.2890625,0.9993433356285095,-1,-1,-1
00093,2,1807.5018310546875,605.8112182617188,744.0643310546875,907.7195434570312,0.997323215007782,-1,-1,-1
00093,7,14.51131820678711,460.809326171875,1126.2859230041504,589.2564697265625,0.999843955039978,-1,-1,-1
00094,2,2199.41064453125,652.307861328125,358.3359375,786.3253173828125,0.9991839528083801,-1,-1,-1
00094,7,-0.45851486921310425,501.86468505859375,997.4579045176506,530.6715698242188,0.999715268611908,-1,-1,-1
00094,2,2141.501220703125,521.298828125,422.8486328125,303.55523681640625,0.9917817711830139,-1,-1,-1
00095,2,2004.88134765625,523.1002807617188,546.469970703125,311.47491455078125,0.9992269277572632,-1,-1,-1
00095,7,-0.6196463108062744,475.62896728515625,808.3568289279938,546.7706298828125,0.9990856647491455,-1,-1,-1
00096,2,1883.1236572265625,513.9266357421875,660.6304931640625,318.4495849609375,0.9982637763023376,-1,-1,-1
00096,7,8.712416648864746,509.93890380859375,684.575852394104,528.4088745117188,0.9961973428726196,-1,-1,-1
00097,2,1793.6243896484375,525.8706665039062,759.7559814453125,307.76312255859375,0.9997372031211853,-1,-1,-1
00097,7,1.4180344343185425,561.0379638671875,551.9735671281815,463.92144775390625,0.9954850673675537,-1,-1,-1
00098,2,1676.918701171875,509.05267333984375,873.765869140625,317.76708984375,0.9998050332069397,-1,-1,-1
00098,7,-17.288606643676758,505.5462951660156,455.9003620147705,516.3616638183594,0.8966094255447388,-1,-1,-1
00099,2,1596.9171142578125,513.1519165039062,868.7281494140625,311.390869140625,0.9998811483383179,-1,-1,-1
00100,2,1496.3934326171875,517.3143920898438,897.7115478515625,313.1141357421875,0.9999275207519531,-1,-1,-1
00101,2,1378.6082763671875,518.5006103515625,853.0006103515625,303.7034912109375,0.9998486042022705,-1,-1,-1
00102,2,1299.6715087890625,514.4190063476562,873.3892822265625,311.10552978515625,0.9998112320899963,-1,-1,-1
00103,2,1175.5904541015625,508.386962890625,844.794921875,321.8726806640625,0.9998804330825806,-1,-1,-1
00104,2,1091.2784423828125,519.7022705078125,850.982421875,298.5250244140625,0.9999431371688843,-1,-1,-1
00105,2,993.0029907226562,523.842041015625,836.5028686523438,302.20977783203125,0.9999325275421143,-1,-1,-1
00106,2,935.6255493164062,525.5230712890625,817.8713989257812,297.3201904296875,0.9999649524688721,-1,-1,-1
00107,2,826.3394165039062,530.0213623046875,835.3650512695312,283.04669189453125,0.9997592568397522,-1,-1,-1
00107,2,-0.9611746072769165,874.2118530273438,225.65215361118317,511.23309326171875,0.9615060091018677,-1,-1,-1
00108,2,775.6548461914062,532.490478515625,790.2933959960938,286.40045166015625,0.9998894929885864,-1,-1,-1
00108,2,-16.216337203979492,739.154541015625,610.980131149292,655.49658203125,0.9964231848716736,-1,-1,-1
00109,2,19.286426544189453,720.6873168945312,945.6707878112793,699.2570190429688,0.9997397065162659,-1,-1,-1
00109,2,676.5067138671875,535.837890625,800.55908203125,272.5648193359375,0.999850869178772,-1,-1,-1
00110,2,-24.606956481933594,795.4939575195312,1401.881248474121,641.5718383789062,0.9995720982551575,-1,-1,-1
00110,2,630.5700073242188,532.8364868164062,738.5536499023438,277.25604248046875,0.9995889067649841,-1,-1,-1
00111,2,70.5808334350586,777.4202880859375,1795.408302307129,648.0640869140625,0.9999792575836182,-1,-1,-1
00111,2,582.86181640625,517.3895874023438,711.1201171875,300.75958251953125,0.9989633560180664,-1,-1,-1
00112,2,481.9231872558594,758.2626342773438,1808.9024963378906,649.5429077148438,0.9999650716781616,-1,-1,-1
00112,2,526.17822265625,520.457763671875,689.9560546875,293.77410888671875,0.9996951818466187,-1,-1,-1
00113,2,945.5980224609375,758.6937255859375,1657.8240966796875,646.5430908203125,0.9999362230300903,-1,-1,-1
00113,2,465.92755126953125,527.7703247070312,660.5098266601562,284.1832275390625,0.9992733597755432,-1,-1,-1
00114,2,1388.8221435546875,762.1485595703125,1168.4891357421875,663.607666015625,0.9996016621589661,-1,-1,-1
00114,2,439.0838623046875,528.49609375,641.756103515625,282.658447265625,0.9998761415481567,-1,-1,-1
00115,2,383.7582702636719,532.0718383789062,613.9426574707031,260.05596923828125,0.9996127486228943,-1,-1,-1
00115,2,1789.4586181640625,749.8646240234375,787.7071533203125,655.63720703125,0.997386634349823,-1,-1,-1
00116,2,353.48406982421875,534.8204345703125,580.919921875,251.7874755859375,0.9999849796295166,-1,-1,-1
00116,2,2235.285400390625,745.8603515625,318.213623046875,618.354248046875,0.9900950193405151,-1,-1,-1
00117,2,301.153564453125,529.4210205078125,589.0684814453125,257.4517822265625,0.999897837638855,-1,-1,-1
00118,2,277.47576904296875,530.0913696289062,558.6138305664062,251.91802978515625,0.9998817443847656,-1,-1,-1
00119,2,253.1708984375,512.4910888671875,502.15460205078125,245.38824462890625,0.9997743964195251,-1,-1,-1
00120,2,240.19216918945312,499.8401184082031,502.8603210449219,249.16958618164062,0.999298095703125,-1,-1,-1
00121,2,229.6108856201172,489.0115966796875,445.3673858642578,259.19696044921875,0.9995416402816772,-1,-1,-1
00122,2,217.7794647216797,486.8447570800781,417.4610137939453,254.10733032226562,0.9994480013847351,-1,-1,-1
00123,2,190.34788513183594,486.5786437988281,412.12586975097656,242.51583862304688,0.9992320537567139,-1,-1,-1
00123,2,1.8154622316360474,864.9297485351562,194.19080913066864,437.64105224609375,0.8774659633636475,-1,-1,-1
00124,2,7.434247970581055,728.1084594726562,602.8683643341064,617.4833374023438,0.9991576671600342,-1,-1,-1
00124,2,185.73928833007812,476.6497497558594,404.0260314941406,234.79354858398438,0.9992610812187195,-1,-1,-1
00125,2,163.19302368164062,468.3833312988281,373.1877746582031,234.79977416992188,0.9996263980865479,-1,-1,-1
00125,2,23.965757369995117,724.9520874023438,979.0501728057861,630.0274047851562,0.9993304014205933,-1,-1,-1
00126,2,157.36029052734375,453.68017578125,340.10003662109375,237.0311279296875,0.9996832609176636,-1,-1,-1
00126,2,19.129329681396484,749.6328735351562,1385.794132232666,599.1342163085938,0.9986268281936646,-1,-1,-1
00127,2,416.37994384765625,768.7034301757812,1509.9635620117188,567.3838500976562,0.9996423721313477,-1,-1,-1
00127,2,132.90928649902344,456.787353515625,337.98814392089844,231.328857421875,0.9989500641822815,-1,-1,-1
00128,2,889.2178955078125,759.1866455078125,1458.0745849609375,569.679931640625,0.9996362924575806,-1,-1,-1
00128,2,143.79095458984375,466.487548828125,303.5177001953125,207.949462890625,0.9973286390304565,-1,-1,-1
00129,2,1350.82861328125,751.4812622070312,1221.437255859375,594.5974731445312,0.9997052550315857,-1,-1,-1
00129,2,133.62803649902344,468.5812683105469,295.4200897216797,193.16043090820312,0.9924598336219788,-1,-1,-1
00130,2,1764.34326171875,764.5419311523438,803.30859375,562.9552612304688,0.9994469285011292,-1,-1,-1
00130,2,124.33168029785156,466.6806945800781,289.39295959472656,192.89797973632812,0.9972387552261353,-1,-1,-1
00131,2,111.63150787353516,451.2895812988281,278.2993392944336,194.77456665039062,0.9987195730209351,-1,-1,-1
00131,2,2164.908935546875,699.6974487304688,398.49462890625,628.5647583007812,0.9920719265937805,-1,-1,-1
00132,2,117.09945678710938,448.7296142578125,260.7868957519531,185.1986083984375,0.9957277774810791,-1,-1,-1
00133,2,122.7909164428711,447.9697265625,243.83130645751953,177.9715576171875,0.9937553405761719,-1,-1,-1
00134,2,107.6472396850586,446.78509521484375,232.0658950805664,146.4273681640625,0.9986785054206848,-1,-1,-1
00135,2,109.32341003417969,441.0244445800781,227.69309997558594,151.87265014648438,0.9966374635696411,-1,-1,-1
00136,2,103.09375762939453,439.4661865234375,226.2523422241211,151.83404541015625,0.9963055849075317,-1,-1,-1
00137,2,104.66035461425781,446.9527587890625,213.30702209472656,134.504638671875,0.9927061200141907,-1,-1,-1
00138,2,95.38777160644531,425.7071838378906,206.3732147216797,151.56924438476562,0.9981598258018494,-1,-1,-1
00138,2,12.954814910888672,1093.7730712890625,1155.2246284484863,896.4586181640625,0.9775941371917725,-1,-1,-1
00139,2,98.11415100097656,428.97808837890625,199.4470977783203,133.71392822265625,0.9929051995277405,-1,-1,-1
00139,2,27.66806411743164,994.273193359375,2192.3846702575684,991.1114501953125,0.9841663837432861,-1,-1,-1
00140,2,100.22147369384766,424.4697570800781,190.7696762084961,134.72085571289062,0.9951104521751404,-1,-1,-1
00140,2,-10.011550903320312,989.1981201171875,2462.4510040283203,1029.385009765625,0.9942408800125122,-1,-1,-1
00141,2,95.45821380615234,424.18438720703125,196.1811294555664,129.6014404296875,0.9971777200698853,-1,-1,-1
00141,2,702.8355712890625,1059.3740234375,1857.1351318359375,837.0948486328125,0.9928120970726013,-1,-1,-1
00142,2,89.7780532836914,420.1189270019531,181.59984588623047,129.83035278320312,0.996253490447998,-1,-1,-1
00142,2,1660.735107421875,1036.3670654296875,883.145263671875,878.45361328125,0.9639897346496582,-1,-1,-1
00143,2,89.0836410522461,415.8080139160156,167.5251693725586,112.62905883789062,0.994823694229126,-1,-1,-1
00144,2,92.08074951171875,415.5721435546875,158.73602294921875,112.078857421875,0.9955074787139893,-1,-1,-1
00145,2,88.51130676269531,409.6080322265625,153.22232055664062,117.45904541015625,0.994714081287384,-1,-1,-1
00146,2,87.91064453125,408.7197265625,147.17442321777344,116.55853271484375,0.9891321063041687,-1,-1,-1
00147,2,86.8958969116211,408.340576171875,142.94696807861328,114.06707763671875,0.9955463409423828,-1,-1,-1
00148,2,81.59529876708984,405.3667907714844,142.08280181884766,114.93466186523438,0.9973458647727966,-1,-1,-1
00149,2,78.15318298339844,394.1630859375,141.15733337402344,119.9569091796875,0.9969243407249451,-1,-1,-1
00150,2,76.47021484375,393.6692199707031,141.5965118408203,115.7099609375,0.992455244064331,-1,-1,-1
00151,2,75.25752258300781,388.824462890625,138.01992797851562,116.08865356445312,0.9943260550498962,-1,-1,-1
00151,2,2380.68212890625,566.2498779296875,173.542236328125,255.8377685546875,0.9003527164459229,-1,-1,-1
00152,2,68.51378631591797,389.1651306152344,133.8265609741211,108.06283569335938,0.9940094947814941,-1,-1,-1
00152,2,2290.348388671875,548.0687866210938,257.73388671875,298.5595703125,0.9393253326416016,-1,-1,-1
00153,2,68.60750579833984,382.3455810546875,130.11615753173828,111.11227416992188,0.9853472709655762,-1,-1,-1
00153,2,2169.306396484375,499.1717834472656,388.5224609375,339.3438415527344,0.9863746166229248,-1,-1,-1
00154,2,2030.5006103515625,497.16241455078125,532.6163330078125,342.7978515625,0.9982233643531799,-1,-1,-1
00154,2,59.972511291503906,390.592529296875,131.45496368408203,98.94601440429688,0.9657284617424011,-1,-1,-1
00155,2,1915.1917724609375,501.2034912109375,620.6058349609375,332.65570068359375,0.9866703152656555,-1,-1,-1
00155,2,57.63692855834961,391.36822509765625,129.49264907836914,95.38980102539062,0.9733837842941284,-1,-1,-1
00156,2,59.46467590332031,400.2655029296875,126.11311340332031,83.51724243164062,0.9795630574226379,-1,-1,-1
00156,2,1811.1146240234375,496.32110595703125,734.3853759765625,351.563232421875,0.9993001222610474,-1,-1,-1
00157,2,51.67113494873047,387.99932861328125,130.33673858642578,95.09304809570312,0.9300051331520081,-1,-1,-1
00157,7,1738.290283203125,487.0005187988281,809.905029296875,369.9053649902344,0.9989818930625916,-1,-1,-1
00158,2,52.652488708496094,387.9810791015625,122.2533187866211,91.21182250976562,0.9540207386016846,-1,-1,-1
00158,7,1566.919677734375,472.9045104980469,993.494140625,390.3752746582031,0.9987891316413879,-1,-1,-1
00159,2,47.82295608520508,382.2917785644531,125.22861862182617,94.31912231445312,0.9564691185951233,-1,-1,-1
00159,7,1430.4832763671875,468.23187255859375,1079.0177001953125,395.13470458984375,0.994766354560852,-1,-1,-1
00160,7,1339.1082763671875,474.7864685058594,1076.3751220703125,385.9573669433594,0.9988898634910583,-1,-1,-1
00160,2,41.63782501220703,382.7107238769531,130.26441192626953,90.34768676757812,0.9497870802879333,-1,-1,-1
00161,2,42.91420364379883,373.9833984375,122.27860641479492,96.00802612304688,0.9431016445159912,-1,-1,-1
00161,7,1226.980224609375,485.948974609375,1087.952392578125,364.648681640625,0.9991617202758789,-1,-1,-1
00162,7,1146.7530517578125,475.9459533691406,1028.1868896484375,384.6924743652344,0.9984567165374756,-1,-1,-1
00162,2,39.87285232543945,376.3994445800781,125.68980026245117,95.43768310546875,0.9158192873001099,-1,-1,-1
00163,7,1029.1334228515625,446.044921875,1079.6524658203125,428.260009765625,0.9965506792068481,-1,-1,-1
00163,2,43.22713851928711,372.7406921386719,119.63521194458008,93.35943603515625,0.8854671716690063,-1,-1,-1
00164,7,911.2334594726562,471.600341796875,1073.2733764648438,388.742919921875,0.9962837100028992,-1,-1,-1
00164,2,45.85354232788086,378.7420654296875,90.95773696899414,76.20590209960938,0.8813826441764832,-1,-1,-1
00165,7,852.7745971679688,492.013671875,1017.4000854492188,366.39190673828125,0.9988484382629395,-1,-1,-1
00165,2,46.18193817138672,381.3638000488281,87.23877716064453,71.25296020507812,0.9053640365600586,-1,-1,-1
00166,7,770.4796752929688,491.2668762207031,948.9298706054688,353.8011169433594,0.9992985725402832,-1,-1,-1
00166,2,42.3387336730957,376.9330139160156,95.09945297241211,77.50796508789062,0.9341704845428467,-1,-1,-1
00167,2,38.27885055541992,374.03289794921875,96.75098037719727,72.48211669921875,0.9724180698394775,-1,-1,-1
00167,7,692.5921020507812,491.8961181640625,971.9802856445312,345.94073486328125,0.9993038177490234,-1,-1,-1
00168,2,42.24241256713867,374.1528015136719,87.76979446411133,70.788818359375,0.9660958051681519,-1,-1,-1
00168,7,616.3190307617188,488.89337158203125,932.2926635742188,353.11236572265625,0.9960470795631409,-1,-1,-1
00169,7,548.826171875,480.29571533203125,872.37060546875,368.00042724609375,0.99078369140625,-1,-1,-1
00169,2,41.39155960083008,376.1849365234375,86.74905776977539,65.24456787109375,0.9628802537918091,-1,-1,-1
00170,7,501.02880859375,485.37701416015625,816.0184326171875,349.6212158203125,0.9953765869140625,-1,-1,-1
00170,2,37.30192565917969,373.6465759277344,85.15690612792969,65.01300048828125,0.9749622344970703,-1,-1,-1
00171,2,8.273420333862305,847.9811401367188,339.0348072052002,601.6052856445312,0.9968873858451843,-1,-1,-1
00171,7,431.194091796875,488.88238525390625,810.6138916015625,347.43524169921875,0.9895378351211548,-1,-1,-1
00171,2,32.3380241394043,373.3924865722656,93.23862838745117,66.8154296875,0.9850444793701172,-1,-1,-1
00172,2,-2.7410624027252197,730.1738891601562,825.7931253910065,699.4158325195312,0.9994189739227295,-1,-1,-1
00172,7,357.27044677734375,507.19940185546875,811.9172973632812,326.14166259765625,0.9968659281730652,-1,-1,-1
00172,2,33.06078338623047,372.5227355957031,87.7081298828125,60.9498291015625,0.9790630340576172,-1,-1,-1
00173,2,-23.888019561767578,793.1947021484375,1271.88130569458,649.803955078125,0.9997811913490295,-1,-1,-1
00173,7,356.7843933105469,507.781494140625,726.0775451660156,326.2647705078125,0.9964991807937622,-1,-1,-1
00173,2,27.918418884277344,368.8371276855469,91.91992950439453,62.1573486328125,0.9795198440551758,-1,-1,-1
00174,2,16.721778869628906,750.0155029296875,1861.652732849121,701.01953125,0.999993085861206,-1,-1,-1
00174,2,25.477977752685547,370.7490234375,91.85409927368164,61.765777587890625,0.9865183234214783,-1,-1,-1
00174,7,279.45233154296875,499.0826721191406,658.95068359375,296.1376037597656,0.9953279495239258,-1,-1,-1
00175,2,449.8582458496094,779.0553588867188,1904.3373107910156,641.7260131835938,0.9999213218688965,-1,-1,-1
00175,7,249.3171844482422,514.7809448242188,692.8791656494141,288.2587890625,0.9642759561538696,-1,-1,-1
00175,2,24.688488006591797,369.316162109375,90.95257949829102,56.686981201171875,0.9531728029251099,-1,-1,-1
00176,2,1009.0364990234375,777.9613647460938,1553.3077392578125,642.4730834960938,0.9999057054519653,-1,-1,-1
00176,7,200.62692260742188,502.7701416015625,697.6387634277344,300.408447265625,0.9946517944335938,-1,-1,-1
00176,2,22.83250617980957,367.3194274902344,94.01564598083496,57.736053466796875,0.9551641941070557,-1,-1,-1
00177,2,1554.28857421875,742.765625,996.689208984375,635.001708984375,0.9995960593223572,-1,-1,-1
00177,2,22.92728042602539,368.6622009277344,89.82069778442383,60.688140869140625,0.9812987446784973,-1,-1,-1
00177,7,181.27874755859375,494.23388671875,632.2286376953125,296.071044921875,0.9904188513755798,-1,-1,-1
00178,2,2010.8909912109375,684.02783203125,545.5052490234375,754.394287109375,0.9885851740837097,-1,-1,-1
00178,7,176.44281005859375,482.8614196777344,578.2529907226562,316.4020690917969,0.9977486729621887,-1,-1,-1
00178,2,19.251195907592773,364.0981140136719,95.86503028869629,64.42245483398438,0.9825907349586487,-1,-1,-1
00179,7,148.25108337402344,488.6686096191406,563.0558013916016,285.7757263183594,0.9958433508872986,-1,-1,-1
00179,2,21.75786590576172,364.64788818359375,89.32901763916016,60.02117919921875,0.9823659062385559,-1,-1,-1
00180,2,20.140989303588867,362.947998046875,92.95761299133301,61.95794677734375,0.9801148772239685,-1,-1,-1
00180,7,132.25823974609375,484.39190673828125,526.4830932617188,283.68572998046875,0.974435567855835,-1,-1,-1
00181,2,23.885906219482422,362.7513427734375,84.13481521606445,61.568939208984375,0.9810307025909424,-1,-1,-1
00181,7,139.76998901367188,480.9416198730469,471.0736389160156,271.0805969238281,0.9476732015609741,-1,-1,-1
00182,2,25.151891708374023,366.04248046875,79.96061897277832,57.905059814453125,0.9522584080696106,-1,-1,-1
00182,7,130.0418243408203,480.4796142578125,438.03929138183594,266.83514404296875,0.9595017433166504,-1,-1,-1
00183,2,26.765254974365234,370.1286926269531,75.6639289855957,51.0732421875,0.8545464873313904,-1,-1,-1
00183,7,119.28558349609375,465.2687072753906,412.918212890625,271.9549865722656,0.9951239228248596,-1,-1,-1
00184,2,24.563495635986328,372.80450439453125,80.24576950073242,47.83392333984375,0.917216420173645,-1,-1,-1
00184,7,122.18841552734375,476.9315185546875,380.28533935546875,250.27960205078125,0.9052816033363342,-1,-1,-1
00185,2,21.20685386657715,367.90625,79.66895484924316,52.204742431640625,0.930550217628479,-1,-1,-1
00185,2,96.93701171875,436.6485290527344,356.99163818359375,243.99990844726562,0.808535099029541,-1,-1,-1
00185,7,105.6756591796875,467.59088134765625,372.64892578125,239.62493896484375,0.982588529586792,-1,-1,-1
00186,2,16.97792625427246,364.927734375,83.29941749572754,54.446136474609375,0.9321050643920898,-1,-1,-1
00186,7,101.00387573242188,477.3982238769531,339.6724548339844,216.32565307617188,0.9381791949272156,-1,-1,-1
00187,2,20.736791610717773,364.20587158203125,79.80066871643066,52.109344482421875,0.8730705976486206,-1,-1,-1
00187,7,99.02527618408203,471.5636291503906,317.94127655029297,215.58438110351562,0.9658717513084412,-1,-1,-1
00187,2,89.47488403320312,448.3609619140625,318.9665222167969,218.8515625,0.9465228319168091,-1,-1,-1
00188,2,94.43110656738281,457.000732421875,289.31336975097656,203.11962890625,0.9810345768928528,-1,-1,-1
00189,2,86.71308898925781,451.8292236328125,282.6340789794922,193.9210205078125,0.8994678258895874,-1,-1,-1
00190,2,90.91877746582031,453.5805969238281,265.69154357910156,181.06259155273438,0.9772889018058777,-1,-1,-1
00191,2,93.39081573486328,451.775390625,249.48311614990234,181.14459228515625,0.9960175156593323,-1,-1,-1
00191,2,11.887334823608398,374.03619384765625,32.69256019592285,38.628936767578125,0.804571807384491,-1,-1,-1
00192,2,11.69921875,372.5578918457031,35.00055694580078,40.1439208984375,0.8433014750480652,-1,-1,-1
00192,2,95.0981216430664,451.82147216796875,242.2373275756836,175.45635986328125,0.9866896867752075,-1,-1,-1
00193,2,11.18510627746582,371.1688537597656,36.61810874938965,41.05096435546875,0.9017766714096069,-1,-1,-1
00193,2,91.67891693115234,451.3855895996094,231.79312896728516,162.30465698242188,0.9924496412277222,-1,-1,-1
00194,2,12.288651466369629,371.0932312011719,39.34641170501709,39.386627197265625,0.901557445526123,-1,-1,-1
00194,2,88.08816528320312,445.44403076171875,225.22952270507812,152.9373779296875,0.9865084886550903,-1,-1,-1
00195,2,11.715229034423828,370.2857666015625,36.84196853637695,39.518280029296875,0.8614597320556641,-1,-1,-1
00195,2,92.03738403320312,435.2767639160156,210.99948120117188,149.47872924804688,0.9034247994422913,-1,-1,-1
00196,2,90.0430908203125,430.827392578125,208.04116821289062,157.73785400390625,0.9880051016807556,-1,-1,-1
00196,2,10.635808944702148,368.4449157714844,37.95601844787598,41.15081787109375,0.8852388858795166,-1,-1,-1
00197,2,10.048521995544434,368.29364013671875,39.768738746643066,42.74090576171875,0.8942805528640747,-1,-1,-1
00197,2,92.6833724975586,425.67803955078125,204.79645538330078,140.9276123046875,0.9866553544998169,-1,-1,-1
00198,2,92.88740539550781,427.14910888671875,201.1848602294922,144.31640625,0.9971676468849182,-1,-1,-1
00198,2,9.647124290466309,365.0269775390625,43.65713596343994,45.318817138671875,0.905665397644043,-1,-1,-1
00199,2,9.466516494750977,364.8604736328125,43.88441276550293,43.98565673828125,0.9184691309928894,-1,-1,-1
00199,2,85.3934555053711,423.45123291015625,190.52289581298828,141.46478271484375,0.9975247979164124,-1,-1,-1
00200,2,87.92694854736328,423.8625793457031,184.34297943115234,133.05703735351562,0.9911792874336243,-1,-1,-1
00200,2,7.977489471435547,361.9729309082031,45.65997314453125,45.690521240234375,0.8726167678833008,-1,-1,-1
00201,2,87.14175415039062,421.5152282714844,169.85121154785156,127.48855590820312,0.9961385130882263,-1,-1,-1
00201,2,7.923246383666992,360.9765319824219,49.52073860168457,45.701385498046875,0.8782165050506592,-1,-1,-1
00201,2,2481.58740234375,588.186767578125,77.41357421875,219.52728271484375,0.8459113836288452,-1,-1,-1
00202,2,90.01968383789062,429.114990234375,159.7836456298828,111.20843505859375,0.9913679957389832,-1,-1,-1
00202,2,2333.328369140625,562.0578002929688,225.600341796875,288.02264404296875,0.9528604745864868,-1,-1,-1
00202,2,6.620575904846191,360.4206237792969,46.195380210876465,44.550048828125,0.8650563359260559,-1,-1,-1
00203,2,91.17189025878906,423.51715087890625,152.91587829589844,115.32818603515625,0.9866194128990173,-1,-1,-1
00203,2,8.056167602539062,362.1565246582031,46.551170349121094,40.712432861328125,0.886231005191803,-1,-1,-1
00203,2,2177.876953125,498.6925964355469,383.972412109375,349.2798767089844,0.9358609914779663,-1,-1,-1
00204,2,81.53626251220703,410.4966735839844,158.99842071533203,118.54898071289062,0.9876881241798401,-1,-1,-1
00204,2,2036.4267578125,482.5476379394531,533.605224609375,367.5119323730469,0.9858396053314209,-1,-1,-1
00204,2,8.765467643737793,361.25677490234375,48.71371936798096,42.535430908203125,0.8670070767402649,-1,-1,-1
00205,2,83.99795532226562,406.67626953125,148.00242614746094,120.44976806640625,0.959435760974884,-1,-1,-1
00205,2,1888.030029296875,467.28997802734375,657.020263671875,393.24383544921875,0.9931058287620544,-1,-1,-1
00205,2,8.236869812011719,363.4226989746094,46.615901947021484,38.624755859375,0.8161494135856628,-1,-1,-1
00206,2,73.94198608398438,404.0732116699219,153.99627685546875,115.67172241210938,0.9876918196678162,-1,-1,-1
00206,7,1774.8291015625,470.8467102050781,780.56787109375,388.3705139160156,0.9651739597320557,-1,-1,-1
00206,2,7.470588684082031,367.8666687011719,42.708961486816406,33.92205810546875,0.8587759733200073,-1,-1,-1
00207,2,72.73041534423828,389.1634826660156,151.3086929321289,127.00424194335938,0.9914344549179077,-1,-1,-1
00207,7,1635.6273193359375,478.836669921875,925.9588623046875,378.4810791015625,0.993718147277832,-1,-1,-1
00207,2,5.88765811920166,367.54071044921875,43.42587184906006,34.473297119140625,0.8304647207260132,-1,-1,-1
00208,2,73.12043762207031,387.6575622558594,143.8915557861328,122.26446533203125,0.9941200613975525,-1,-1,-1
00208,7,1437.374755859375,467.4479675292969,1073.06298828125,389.4723815917969,0.99114990234375,-1,-1,-1
00208,2,6.900467395782471,369.1802978515625,40.642493724823,34.0224609375,0.819190502166748,-1,-1,-1
00209,7,1348.3583984375,475.086181640625,1123.964599609375,372.2725830078125,0.9920474290847778,-1,-1,-1
00209,2,72.8773193359375,386.2329406738281,141.23477172851562,117.92507934570312,0.9918734431266785,-1,-1,-1
00209,2,8.700004577636719,368.82891845703125,40.33909606933594,33.590423583984375,0.8158690333366394,-1,-1,-1
00210,2,69.3261947631836,381.7554931640625,136.13988494873047,118.45050048828125,0.9914203882217407,-1,-1,-1
00210,7,1213.0235595703125,490.8265075683594,1124.7562255859375,345.0419616699219,0.9942225813865662,-1,-1,-1
00210,2,9.299968719482422,370.6071472167969,37.0851936340332,34.2635498046875,0.8548131585121155,-1,-1,-1
00211,2,69.91698455810547,387.34686279296875,128.56147003173828,108.21661376953125,0.9626124501228333,-1,-1,-1
00211,7,1084.9373779296875,478.23553466796875,1088.8375244140625,366.36083984375,0.9863113760948181,-1,-1,-1
00211,2,7.765467643737793,370.6749572753906,34.34213352203369,30.788818359375,0.8324564695358276,-1,-1,-1
00212,7,965.1519165039062,471.41864013671875,1087.9286499023438,369.58636474609375,0.9970928430557251,-1,-1,-1
00212,2,61.039730072021484,388.3183898925781,129.66212844848633,104.30966186523438,0.9512012004852295,-1,-1,-1
00212,2,6.4279584884643555,370.506591796875,35.385830879211426,31.90277099609375,0.876809298992157,-1,-1,-1
00213,7,845.1998291015625,485.1304931640625,1059.666015625,351.71075439453125,0.9966301321983337,-1,-1,-1
00213,2,54.27249526977539,381.0862121582031,133.11135482788086,111.73800659179688,0.96502286195755,-1,-1,-1
00213,2,6.373486042022705,368.3432312011719,39.147700786590576,32.674224853515625,0.8781609535217285,-1,-1,-1
00214,7,768.8084716796875,497.479248046875,1011.6273193359375,326.82568359375,0.9976000189781189,-1,-1,-1
00214,2,6.738637924194336,370.4914245605469,38.58562660217285,34.2486572265625,0.9268976449966431,-1,-1,-1
00214,2,52.95353317260742,382.8691711425781,128.56344985961914,106.26351928710938,0.918603777885437,-1,-1,-1
00215,7,684.19921875,449.3830871582031,992.98388671875,370.4855041503906,0.991946280002594,-1,-1,-1
00215,2,49.57404708862305,377.2002258300781,130.90382766723633,113.35598754882812,0.9663288593292236,-1,-1,-1
00215,2,5.770534992218018,370.3533630371094,40.63241910934448,34.169219970703125,0.9180875420570374,-1,-1,-1
00216,7,628.256103515625,489.7214050292969,867.24365234375,332.1513977050781,0.9965429902076721,-1,-1,-1
00216,2,46.24213790893555,376.4129638671875,125.79069900512695,105.45233154296875,0.9681158661842346,-1,-1,-1
00216,2,6.177911281585693,373.65625,40.59239435195923,34.0618896484375,0.9342871904373169,-1,-1,-1
00217,7,548.4398193359375,476.924560546875,856.68994140625,343.47137451171875,0.9966098666191101,-1,-1,-1
00217,2,5.966034889221191,372.23077392578125,38.416815757751465,33.208831787109375,0.910129964351654,-1,-1,-1
00217,2,44.32276153564453,383.36712646484375,126.72208404541016,92.078125,0.9064605236053467,-1,-1,-1
00218,7,450.75128173828125,486.2992248535156,829.8856811523438,311.5422668457031,0.996772825717926,-1,-1,-1
00218,2,8.35566520690918,373.1913757324219,39.51619911193848,33.0919189453125,0.8765374422073364,-1,-1,-1
00218,2,44.00084686279297,380.6754150390625,124.43163299560547,91.97506713867188,0.877922534942627,-1,-1,-1
00219,7,403.44970703125,476.253662109375,762.2296142578125,317.33245849609375,0.9835408329963684,-1,-1,-1
00219,2,43.19278335571289,386.5489196777344,124.60468673706055,82.09320068359375,0.941378653049469,-1,-1,-1
00219,2,7.619014263153076,374.7453308105469,35.696667194366455,31.167236328125,0.8210539221763611,-1,-1,-1
00220,7,341.7799072265625,481.5852966308594,763.010498046875,306.1894836425781,0.9821015000343323,-1,-1,-1
00220,2,51.39430618286133,388.1297607421875,106.34182357788086,77.28314208984375,0.9199259877204895,-1,-1,-1
00221,7,278.1149597167969,473.8719787597656,739.5039978027344,313.2216491699219,0.9960289001464844,-1,-1,-1
00222,7,244.9510498046875,480.6441345214844,703.3895263671875,293.2618713378906,0.9910343289375305,-1,-1,-1
00222,2,41.48702621459961,370.89080810546875,98.38685989379883,83.4007568359375,0.8430203199386597,-1,-1,-1
00223,7,218.81788635253906,463.4543151855469,657.0584564208984,307.4189147949219,0.9923032522201538,-1,-1,-1
00223,2,42.30176544189453,374.8550720214844,92.9140853881836,65.05947875976562,0.87800133228302,-1,-1,-1
00224,7,206.82960510253906,473.1098937988281,575.5079193115234,286.3806457519531,0.9935693740844727,-1,-1,-1
00224,2,37.90397644042969,391.42535400390625,107.38681030273438,67.44686889648438,0.8083484172821045,-1,-1,-1
00225,7,168.12802124023438,465.4601745605469,563.4969787597656,280.8133850097656,0.9970329999923706,-1,-1,-1
00225,2,37.0183219909668,374.07940673828125,101.10358047485352,69.67007446289062,0.9247105717658997,-1,-1,-1
00226,2,35.0286865234375,371.3219299316406,103.70913696289062,70.13168334960938,0.9398210644721985,-1,-1,-1
00226,7,151.62115478515625,455.8978271484375,501.48040771484375,278.1312255859375,0.9985576272010803,-1,-1,-1
00227,7,150.56509399414062,453.98101806640625,476.7589416503906,269.7081298828125,0.9936290383338928,-1,-1,-1
00227,2,30.081497192382812,368.15484619140625,107.07818603515625,69.34634399414062,0.9338300824165344,-1,-1,-1
00228,7,143.30215454101562,449.66522216796875,425.8257751464844,242.82843017578125,0.9959253072738647,-1,-1,-1
00228,2,30.598472595214844,369.9420471191406,98.2818374633789,66.49346923828125,0.9300552010536194,-1,-1,-1
00229,7,139.80435180664062,457.8260192871094,385.9477844238281,220.77566528320312,0.9983192086219788,-1,-1,-1
00229,2,29.28911018371582,367.05224609375,95.51429557800293,60.111236572265625,0.9239872097969055,-1,-1,-1
00230,2,2360.039794921875,643.54833984375,205.415771484375,183.62457275390625,0.9868562817573547,-1,-1,-1
00230,7,142.5614776611328,468.0228271484375,345.38587951660156,203.28118896484375,0.9918205738067627,-1,-1,-1
00230,2,27.572641372680664,367.64312744140625,93.75739097595215,61.328125,0.9332168698310852,-1,-1,-1
00231,2,2215.689453125,571.9025268554688,339.588623046875,276.00244140625,0.9923338890075684,-1,-1,-1
00231,2,25.539745330810547,367.63177490234375,93.31783676147461,62.105499267578125,0.9407598376274109,-1,-1,-1
00231,7,113.0867919921875,465.44677734375,352.17938232421875,204.52496337890625,0.9430824518203735,-1,-1,-1
00232,2,2100.658203125,570.3307495117188,440.2861328125,269.3431396484375,0.9990450739860535,-1,-1,-1
00232,2,24.602930068969727,365.6358337402344,92.36168479919434,64.92623901367188,0.9662021994590759,-1,-1,-1
00232,2,106.81692504882812,449.06439208984375,319.26605224609375,199.02459716796875,0.9640494585037231,-1,-1,-1
00233,2,1953.6534423828125,574.0455932617188,609.2266845703125,281.9395751953125,0.9993844032287598,-1,-1,-1
00233,2,22.99595832824707,367.4015808105469,90.17525291442871,59.16314697265625,0.9599924683570862,-1,-1,-1
00233,2,111.25972747802734,440.25067138671875,297.1465530395508,205.8990478515625,0.9700592756271362,-1,-1,-1
00234,2,1816.130615234375,572.02197265625,719.91650390625,283.87969970703125,0.999688982963562,-1,-1,-1
00234,2,23.13176727294922,363.8863525390625,89.70402526855469,62.56585693359375,0.9524509310722351,-1,-1,-1
00234,7,106.56317901611328,437.15582275390625,285.5284957885742,199.91351318359375,0.9531052112579346,-1,-1,-1
00234,2,99.783935546875,436.977294921875,270.4314270019531,187.3782958984375,0.91871577501297,-1,-1,-1
00235,2,1725.36962890625,585.9078979492188,823.869384765625,260.0567626953125,0.9998840093612671,-1,-1,-1
00235,2,22.626676559448242,367.6949768066406,86.91035652160645,57.622955322265625,0.9044153690338135,-1,-1,-1
00235,2,106.5534896850586,436.55487060546875,264.62369537353516,191.507080078125,0.892768383026123,-1,-1,-1
00236,2,1580.722900390625,587.0584106445312,879.439453125,248.47967529296875,0.9998005032539368,-1,-1,-1
00236,2,18.85598373413086,362.9558410644531,92.00072860717773,58.626953125,0.9270076155662537,-1,-1,-1
00236,2,131.20370483398438,456.0637512207031,224.97286987304688,156.22457885742188,0.9157930016517639,-1,-1,-1
00236,2,104.29946899414062,426.197021484375,221.625732421875,145.6025390625,0.8529621362686157,-1,-1,-1
00237,2,1461.01953125,577.311767578125,858.5537109375,254.1785888671875,0.9998867511749268,-1,-1,-1
00237,2,96.77830505371094,426.56805419921875,223.9743194580078,159.97705078125,0.9875566959381104,-1,-1,-1
00237,2,21.62553596496582,362.9723205566406,86.88641166687012,58.797821044921875,0.9429413676261902,-1,-1,-1
00238,2,1352.9517822265625,568.2630004882812,838.8851318359375,265.88006591796875,0.9991723299026489,-1,-1,-1
00238,2,19.8403377532959,363.43585205078125,87.87764930725098,58.8895263671875,0.9320250153541565,-1,-1,-1
00238,2,90.68986511230469,415.7828369140625,218.96913146972656,162.31854248046875,0.9928380846977234,-1,-1,-1
00239,2,1251.325439453125,572.023193359375,826.3984375,256.9730224609375,0.9993859529495239,-1,-1,-1
00239,2,93.11495971679688,412.07275390625,210.78759765625,169.81817626953125,0.9929919242858887,-1,-1,-1
00239,2,21.37140655517578,361.19891357421875,84.32015228271484,58.488525390625,0.8364292979240417,-1,-1,-1
00240,2,1139.22802734375,579.915771484375,836.39111328125,251.1453857421875,0.9999792575836182,-1,-1,-1
00240,2,94.58866119384766,406.3519287109375,203.5505599975586,167.5301513671875,0.9885530471801758,-1,-1,-1
00241,2,1064.7493896484375,578.909423828125,775.367919921875,250.54656982421875,0.9999604225158691,-1,-1,-1
00241,2,92.8053970336914,406.40521240234375,203.30513763427734,162.32061767578125,0.992070734500885,-1,-1,-1
00242,2,980.7617797851562,575.0172119140625,750.4426879882812,253.412841796875,0.9999686479568481,-1,-1,-1
00242,2,87.17926788330078,401.3936767578125,188.34966278076172,133.394775390625,0.9845051169395447,-1,-1,-1
00243,2,876.9481201171875,572.72509765625,743.287841796875,257.58209228515625,0.9999406337738037,-1,-1,-1
00243,2,85.10222625732422,410.382568359375,182.96216583251953,112.9066162109375,0.9677414298057556,-1,-1,-1
00244,2,796.1254272460938,573.11083984375,725.7737426757812,254.044189453125,0.999958872795105,-1,-1,-1
00244,2,80.97413635253906,398.9836730957031,176.4644317626953,135.62313842773438,0.9958415627479553,-1,-1,-1
00245,2,714.3652954101562,567.9826049804688,705.0598754882812,253.10943603515625,0.999987006187439,-1,-1,-1
00245,2,81.2111587524414,399.6542053222656,169.11376190185547,134.83663940429688,0.9871428608894348,-1,-1,-1
00245,2,13.998507499694824,367.3193054199219,43.35429096221924,49.188812255859375,0.8042390942573547,-1,-1,-1
00246,2,637.5645141601562,566.4363403320312,690.6303100585938,258.04443359375,0.9999620914459229,-1,-1,-1
00246,2,64.64772033691406,384.24237060546875,174.249755859375,139.319580078125,0.9955892562866211,-1,-1,-1
00247,2,558.788818359375,570.8024291992188,664.6876220703125,248.08489990234375,0.9996956586837769,-1,-1,-1
00247,2,63.90538787841797,390.1352233886719,170.45853424072266,126.94357299804688,0.9921223521232605,-1,-1,-1
00247,2,14.340962409973145,364.7778015136719,45.513949394226074,47.65216064453125,0.8460883498191833,-1,-1,-1
00248,2,490.10382080078125,559.0050048828125,623.9703979492188,232.995361328125,0.9998607635498047,-1,-1,-1
00248,2,66.46124267578125,384.9465637207031,162.36009216308594,132.95620727539062,0.9930544495582581,-1,-1,-1
00249,2,453.68634033203125,550.534423828125,589.8627319335938,235.96514892578125,0.9999446868896484,-1,-1,-1
00249,2,65.88159942626953,381.24688720703125,162.45758819580078,131.692138671875,0.9961995482444763,-1,-1,-1
00250,2,404.06817626953125,545.9718627929688,576.2562255859375,241.16668701171875,0.9997537732124329,-1,-1,-1
00250,2,67.87259674072266,378.6125793457031,152.31656646728516,125.60400390625,0.9960618615150452,-1,-1,-1
00250,2,14.092577934265137,364.2746276855469,43.596829414367676,49.697113037109375,0.8535372018814087,-1,-1,-1
00251,2,367.560302734375,545.0877075195312,541.03662109375,238.13653564453125,0.9996289014816284,-1,-1,-1
00251,2,64.87228393554688,382.9774475097656,140.69886779785156,113.98477172851562,0.9891273379325867,-1,-1,-1
00252,2,335.8048095703125,545.0534057617188,515.1804809570312,235.816162109375,0.998261034488678,-1,-1,-1
00252,2,60.15230178833008,378.44317626953125,140.42960739135742,118.4266357421875,0.9921290874481201,-1,-1,-1
00252,2,10.480873107910156,364.5221862792969,42.878623962402344,41.591766357421875,0.825946033000946,-1,-1,-1
00253,2,319.59100341796875,549.5809326171875,474.50384521484375,219.71270751953125,0.9980328679084778,-1,-1,-1
00253,2,55.75825119018555,379.0683288574219,138.96579360961914,116.16903686523438,0.9875510334968567,-1,-1,-1
00253,2,10.477808952331543,360.78619384765625,44.03865146636963,45.923828125,0.9113345146179199,-1,-1,-1
00254,2,283.5309753417969,537.467041015625,444.2538146972656,230.01348876953125,0.9997429251670837,-1,-1,-1
00254,2,52.113956451416016,376.30657958984375,137.12714767456055,115.32806396484375,0.9788457155227661,-1,-1,-1
00254,2,10.475348472595215,364.6241455078125,44.277241706848145,41.161529541015625,0.8576366901397705,-1,-1,-1
00255,2,274.46661376953125,533.745849609375,433.8753662109375,215.19854736328125,0.9990683197975159,-1,-1,-1
00255,2,51.326438903808594,370.877685546875,134.5206527709961,118.66705322265625,0.9860952496528625,-1,-1,-1
00256,2,261.2364807128906,521.0242919921875,391.0079040527344,226.54986572265625,0.9976367950439453,-1,-1,-1
00256,2,48.546329498291016,370.47137451171875,133.4622917175293,117.63519287109375,0.966768741607666,-1,-1,-1
00257,2,237.27520751953125,525.9830322265625,378.213134765625,205.0921630859375,0.9977153539657593,-1,-1,-1
00257,2,47.63962173461914,372.3713073730469,132.11367416381836,109.57763671875,0.9728702902793884,-1,-1,-1
00257,2,11.140113830566406,369.7984313964844,39.313209533691406,36.15966796875,0.8698984384536743,-1,-1,-1
00258,2,218.2493896484375,519.7362060546875,361.65606689453125,205.29974365234375,0.997733473777771,-1,-1,-1
00258,2,46.28834533691406,376.6291809082031,127.67184448242188,101.194091796875,0.9765959978103638,-1,-1,-1
00258,2,10.62269115447998,371.9465026855469,37.89234256744385,34.87213134765625,0.885735034942627,-1,-1,-1
00259,2,230.15867614746094,518.5132446289062,315.0252227783203,184.24334716796875,0.9979498982429504,-1,-1,-1
00259,2,40.08843994140625,372.4673767089844,130.3805694580078,93.77462768554688,0.9732553958892822,-1,-1,-1
00260,2,235.27635192871094,510.93731689453125,296.26283264160156,179.44482421875,0.999322772026062,-1,-1,-1
00260,2,39.98719024658203,373.5307922363281,127.10565948486328,91.36895751953125,0.960206925868988,-1,-1,-1
00260,2,6.852843761444092,367.3932800292969,34.523766040802,37.15374755859375,0.8274989128112793,-1,-1,-1
00261,2,212.0318603515625,503.9790344238281,280.3485107421875,178.84725952148438,0.9992321729660034,-1,-1,-1
00261,2,41.203189849853516,374.17626953125,123.52056503295898,89.31585693359375,0.8888624310493469,-1,-1,-1
00261,2,5.647599220275879,365.4940185546875,35.86586666107178,38.37640380859375,0.8287586569786072,-1,-1,-1
00262,2,212.98301696777344,495.94952392578125,262.30433654785156,173.9996337890625,0.9990677237510681,-1,-1,-1
00262,2,40.2253532409668,371.0469970703125,117.91775894165039,88.44140625,0.8483295440673828,-1,-1,-1
00262,2,3.5922739505767822,364.8280334472656,36.65909552574158,39.48358154296875,0.8030988574028015,-1,-1,-1
00263,2,204.38641357421875,490.225341796875,256.6551208496094,162.60498046875,0.9994184970855713,-1,-1,-1
00263,2,41.961971282958984,372.75030517578125,92.51221084594727,79.84976196289062,0.8767625689506531,-1,-1,-1
00264,2,174.89122009277344,487.2662658691406,250.46702575683594,159.84933471679688,0.9989802241325378,-1,-1,-1
00264,2,35.57942199707031,372.54412841796875,108.7821044921875,80.83004760742188,0.9530972242355347,-1,-1,-1
00265,2,175.54434204101562,485.3362731933594,241.05487060546875,157.63851928710938,0.9982024431228638,-1,-1,-1
00265,2,36.90598678588867,371.8407287597656,102.10834121704102,79.90707397460938,0.9792475700378418,-1,-1,-1
00266,2,174.1368408203125,483.0391540527344,232.27618408203125,151.12258911132812,0.9991794228553772,-1,-1,-1
00266,2,31.866647720336914,371.0419616699219,100.10280418395996,77.09536743164062,0.9721277356147766,-1,-1,-1
00267,2,161.4591064453125,473.34747314453125,229.16336059570312,144.34283447265625,0.9992910623550415,-1,-1,-1
00267,2,29.979167938232422,367.27996826171875,98.12899398803711,75.35018920898438,0.9696581959724426,-1,-1,-1
00268,2,143.655029296875,465.552978515625,216.19873046875,143.87469482421875,0.998727023601532,-1,-1,-1
00268,2,28.786466598510742,366.9754333496094,95.70640754699707,71.060546875,0.9777269959449768,-1,-1,-1
00269,2,137.6083984375,461.801513671875,215.87130737304688,142.357177734375,0.9970570802688599,-1,-1,-1
00269,2,30.745025634765625,371.0348815917969,92.13700866699219,65.31143188476562,0.9740047454833984,-1,-1,-1
00270,2,132.817138671875,462.50946044921875,216.63699340820312,135.957275390625,0.9982830286026001,-1,-1,-1
00270,2,22.28374671936035,365.5935974121094,102.47878074645996,72.3236083984375,0.9476754665374756,-1,-1,-1
00271,2,112.25890350341797,455.3963317871094,211.20719146728516,127.64309692382812,0.9977540373802185,-1,-1,-1
00271,2,22.967220306396484,365.82574462890625,94.4134635925293,66.05615234375,0.9586190581321716,-1,-1,-1
00272,2,109.99149322509766,451.84674072265625,199.41548919677734,131.7620849609375,0.9969010353088379,-1,-1,-1
00272,2,21.6237850189209,362.670654296875,92.07428169250488,67.0789794921875,0.9656854271888733,-1,-1,-1
00273,2,98.2998275756836,451.8870849609375,200.90460968017578,126.2974853515625,0.9985530972480774,-1,-1,-1
00273,2,17.938440322875977,362.2876892089844,98.17412376403809,68.2559814453125,0.9573066234588623,-1,-1,-1
00274,2,100.66270446777344,443.34710693359375,190.33009338378906,125.6727294921875,0.9986421465873718,-1,-1,-1
00274,2,19.828828811645508,359.99041748046875,89.68475151062012,69.11297607421875,0.9690365195274353,-1,-1,-1
00275,2,96.08763122558594,443.9323425292969,189.78025817871094,115.31478881835938,0.9993875026702881,-1,-1,-1
00275,2,18.20635986328125,360.26580810546875,90.4042739868164,62.3587646484375,0.9263424277305603,-1,-1,-1
00276,2,82.06240844726562,439.6858825683594,179.49334716796875,110.87704467773438,0.9985559582710266,-1,-1,-1
00276,2,17.598899841308594,359.9266662597656,89.28406524658203,61.84942626953125,0.9367799758911133,-1,-1,-1
00277,2,82.57561492919922,434.5381164550781,167.88008880615234,111.43270874023438,0.9978111386299133,-1,-1,-1
00277,2,12.56360912322998,358.8278503417969,93.51060962677002,61.56884765625,0.9013811349868774,-1,-1,-1
00278,2,78.12445831298828,431.8157958984375,162.20992279052734,110.41748046875,0.9972489476203918,-1,-1,-1
00278,2,12.128536224365234,358.9593811035156,91.43944931030273,60.908447265625,0.8188698291778564,-1,-1,-1
00279,2,78.97828674316406,425.86163330078125,143.57203674316406,110.90875244140625,0.9949305653572083,-1,-1,-1
00280,2,73.25362396240234,422.0242614746094,149.38092803955078,114.59042358398438,0.9948766827583313,-1,-1,-1
00280,2,2.8497605323791504,712.7590942382812,100.30001211166382,604.1226196289062,0.81190425157547,-1,-1,-1
00281,2,5.63334846496582,670.4812622070312,527.2263927459717,775.9345092773438,0.9983692765235901,-1,-1,-1
00281,2,77.75850677490234,420.2591247558594,137.4552230834961,111.05679321289062,0.9923829436302185,-1,-1,-1
00282,2,16.143573760986328,587.9944458007812,905.7315483093262,901.2689819335938,0.999771773815155,-1,-1,-1
00282,2,71.4764175415039,417.6938171386719,135.48827362060547,102.31820678710938,0.989875078201294,-1,-1,-1
00282,2,13.12015438079834,361.2579345703125,47.98662281036377,53.273162841796875,0.8097644448280334,-1,-1,-1
00283,2,-46.053436279296875,594.8607177734375,1479.4778747558594,898.7906494140625,0.997265100479126,-1,-1,-1
00283,2,70.95803833007812,417.69549560546875,133.2917938232422,100.44049072265625,0.983925461769104,-1,-1,-1
00283,2,-3.365626096725464,1359.6407470703125,455.07946276664734,573.8548583984375,0.9146426916122437,-1,-1,-1
00283,2,30.633228302001953,365.9728088378906,66.19238662719727,53.831573486328125,0.813454806804657,-1,-1,-1
00284,2,-18.569055557250977,591.9086303710938,2000.4869022369385,910.1472778320312,0.9985161423683167,-1,-1,-1
00284,2,63.833641052246094,415.8509826660156,134.47156524658203,98.87704467773438,0.9928416013717651,-1,-1,-1
00284,2,11.594427108764648,1089.8006591796875,1782.5012760162354,830.707763671875,0.9128879904747009,-1,-1,-1
00285,2,60.92409133911133,414.9395446777344,127.38759994506836,90.80474853515625,0.9853304624557495,-1,-1,-1
00285,2,408.54571533203125,601.083251953125,2042.1608276367188,780.3580322265625,0.974865198135376,-1,-1,-1
00285,2,37.53981399536133,1093.6527099609375,2515.3740043640137,916.447998046875,0.9851114153862,-1,-1,-1
00285,2,14.802379608154297,361.4719543457031,42.94840621948242,53.522918701171875,0.8486003279685974,-1,-1,-1
00286,2,58.84636306762695,414.7897033691406,125.83892440795898,90.60610961914062,0.9853375554084778,-1,-1,-1
00286,7,634.111083984375,575.59521484375,1893.61572265625,892.695068359375,0.9996216297149658,-1,-1,-1
00286,2,13.909294128417969,360.25897216796875,47.78157043457031,57.221160888671875,0.90477055311203,-1,-1,-1
00287,2,2313.636962890625,1049.762939453125,246.01953125,909.371337890625,0.9775545597076416,-1,-1,-1
00287,7,1136.305419921875,619.9627685546875,1449.325439453125,847.6490478515625,0.9873927235603333,-1,-1,-1
00287,2,53.53144836425781,410.53082275390625,130.99794006347656,87.88107299804688,0.9503045082092285,-1,-1,-1
00287,2,11.904253005981445,359.911376953125,52.64615440368652,55.9998779296875,0.9165781736373901,-1,-1,-1
00288,2,49.40404510498047,409.1651916503906,125.29474639892578,85.3740234375,0.9830809235572815,-1,-1,-1
00288,7,1620.3260498046875,609.6729736328125,926.0733642578125,876.3529052734375,0.9953504800796509,-1,-1,-1
00289,2,48.78524398803711,399.3056335449219,122.73540115356445,90.96511840820312,0.9793477654457092,-1,-1,-1
00289,2,7.85203218460083,363.210205078125,54.38059186935425,56.15289306640625,0.9426872134208679,-1,-1,-1
00289,7,2037.905029296875,687.6420288085938,515.013427734375,642.0347290039062,0.9312855005264282,-1,-1,-1
00290,2,48.01414108276367,392.28594970703125,119.78059768676758,94.54476928710938,0.9750999212265015,-1,-1,-1
00290,2,4.272883892059326,362.2895202636719,57.33837556838989,55.9263916015625,0.9288917779922485,-1,-1,-1
00290,2,2459.555419921875,660.5889892578125,100.852294921875,514.6195068359375,0.8819806575775146,-1,-1,-1
00291,2,2390.208984375,589.2767333984375,167.77197265625,336.8292236328125,0.9927122592926025,-1,-1,-1
00291,2,42.67496109008789,390.1129150390625,124.31830978393555,94.1885986328125,0.9774718880653381,-1,-1,-1
00291,2,8.576325416564941,366.9615783691406,47.62691402435303,48.962066650390625,0.9477256536483765,-1,-1,-1
00292,2,42.5391845703125,389.78497314453125,123.77848815917969,93.294189453125,0.9694979190826416,-1,-1,-1
00292,2,10.53880786895752,368.4292907714844,45.46726131439209,46.911163330078125,0.9376465678215027,-1,-1,-1
00292,2,2105.957275390625,405.9131774902344,459.521484375,553.8821105957031,0.9971258044242859,-1,-1,-1
00293,2,38.537620544433594,390.28173828125,120.8633041381836,88.04501342773438,0.9424053430557251,-1,-1,-1
00293,2,8.147688865661621,365.57275390625,43.78109073638916,43.334747314453125,0.9099438786506653,-1,-1,-1
00293,2,1806.4569091796875,397.1087646484375,741.0477294921875,580.7942504882812,0.9928815364837646,-1,-1,-1
00293,7,1802.931396484375,326.1316833496094,746.48486328125,619.1093444824219,0.9937748908996582,-1,-1,-1
00294,2,43.49195861816406,392.1285705566406,110.58497619628906,84.18035888671875,0.9617973566055298,-1,-1,-1
00294,7,1484.7991943359375,326.88067626953125,1076.4014892578125,672.37255859375,0.9855544567108154,-1,-1,-1
00294,2,8.174835205078125,369.3681945800781,41.45967483520508,40.087005615234375,0.8409631252288818,-1,-1,-1
00295,7,1195.489013671875,333.2257995605469,1329.66650390625,652.2993469238281,0.9888900518417358,-1,-1,-1
00295,2,41.00746536254883,394.6195068359375,106.53495407104492,76.90362548828125,0.979097306728363,-1,-1,-1
00296,7,847.611083984375,355.1706237792969,1437.322265625,622.0322570800781,0.9946533441543579,-1,-1,-1
00296,2,36.86396789550781,393.3736877441406,110.45138549804688,76.47198486328125,0.9817217588424683,-1,-1,-1
00297,7,525.2875366210938,373.69183349609375,1367.5115356445312,600.446533203125,0.9828925132751465,-1,-1,-1
00297,2,41.95438003540039,395.42730712890625,95.65678024291992,65.86825561523438,0.9481319785118103,-1,-1,-1
00298,7,192.87338256835938,357.683349609375,1385.4979553222656,624.2040405273438,0.9846737384796143,-1,-1,-1
00298,2,37.132755279541016,390.6780090332031,96.99728012084961,73.25509643554688,0.9685518145561218,-1,-1,-1
00299,7,-36.32114028930664,354.9608459472656,1283.4660377502441,642.0948181152344,0.985240638256073,-1,-1,-1
00299,2,31.735443115234375,394.9435729980469,101.89022827148438,66.24609375,0.9319552183151245,-1,-1,-1
00300,7,-15.343744277954102,327.05645751953125,1008.0328922271729,677.5504760742188,0.9933332800865173,-1,-1,-1
00301,7,-18.489192962646484,333.64373779296875,703.8488731384277,670.080810546875,0.9928090572357178,-1,-1,-1
00302,7,2.1509218215942383,332.0589904785156,390.05082988739014,681.8565368652344,0.9809288382530212,-1,-1,-1
00303,7,-4.628198623657227,360.2674255371094,119.81604194641113,617.5984191894531,0.9612929821014404,-1,-1,-1
00304,2,28.166025161743164,380.2330017089844,81.81210136413574,57.7208251953125,0.9030468463897705,-1,-1,-1
00305,2,25.36198616027832,382.5067138671875,84.5690975189209,51.286712646484375,0.8145122528076172,-1,-1,-1
00306,2,-44.7553596496582,948.4519653320312,1447.1899299621582,1019.4946899414062,0.8819924592971802,-1,-1,-1
00306,2,21.440235137939453,383.0237731933594,84.48254776000977,53.193328857421875,0.8795748353004456,-1,-1,-1
00307,2,70.19374084472656,979.8932495117188,2456.1683197021484,962.6520385742188,0.9845719337463379,-1,-1,-1
00307,2,27.796621322631836,383.04205322265625,79.22800636291504,48.550384521484375,0.8522899150848389,-1,-1,-1
00308,7,13.577031135559082,873.9292602539062,2455.640498161316,1141.2246704101562,0.9261086583137512,-1,-1,-1
00308,2,22.106130599975586,377.3733215332031,82.0783634185791,51.940399169921875,0.8065841197967529,-1,-1,-1
00315,2,10.453133583068848,377.63372802734375,50.01380443572998,39.838348388671875,0.8033374547958374,-1,-1,-1
00316,2,9.694435119628906,376.5513610839844,45.603694915771484,40.160064697265625,0.8623830080032349,-1,-1,-1
00317,2,9.731715202331543,373.9232482910156,50.00534534454346,44.41973876953125,0.8618343472480774,-1,-1,-1
00318,2,10.9869384765625,372.50146484375,51.144554138183594,45.23309326171875,0.891459047794342,-1,-1,-1
00319,2,10.998588562011719,372.0428466796875,52.29097366333008,42.53192138671875,0.850094199180603,-1,-1,-1
00320,2,10.404515266418457,372.03985595703125,48.27803707122803,43.137542724609375,0.8420979976654053,-1,-1,-1
00437,2,-1.978325605392456,683.869140625,99.47364115715027,481.8558349609375,0.9380357265472412,-1,-1,-1
00438,2,2.082749366760254,711.10107421875,193.42558193206787,510.7994384765625,0.959937334060669,-1,-1,-1
00439,2,1.6840254068374634,635.4244995117188,315.49093186855316,654.3975219726562,0.9958289265632629,-1,-1,-1
00440,2,-6.305582523345947,663.6634521484375,457.2325234413147,703.9407958984375,0.9938004612922668,-1,-1,-1
00441,2,-25.82503318786621,602.390869140625,643.0485439300537,837.07861328125,0.9882251024246216,-1,-1,-1
00442,2,9.129785537719727,544.78125,770.3566036224365,1045.155517578125,0.9438797831535339,-1,-1,-1
00443,2,-8.628175735473633,534.6934204101562,1006.2822895050049,1079.5512084960938,0.9989113807678223,-1,-1,-1
00444,2,13.951210975646973,712.2752075195312,1182.343222618103,1031.6096801757812,0.9999467134475708,-1,-1,-1
00445,2,-19.43364906311035,708.224365234375,1596.5393619537354,1086.057861328125,0.9999278783798218,-1,-1,-1
00446,2,-0.12916621565818787,718.1021728515625,1920.2857824265957,1133.510986328125,0.999969482421875,-1,-1,-1
00447,2,86.62095642089844,729.3624267578125,2146.6444244384766,1117.3455810546875,0.9999719858169556,-1,-1,-1
00448,2,234.5062255859375,699.5885620117188,2299.5152587890625,1165.6270141601562,0.9999305009841919,-1,-1,-1
00449,2,599.4193115234375,800.2542724609375,1922.9744873046875,1164.8997802734375,0.9999723434448242,-1,-1,-1
00450,2,866.1347045898438,918.9431762695312,1647.0469360351562,1001.0645141601562,0.9996298551559448,-1,-1,-1
00451,2,1198.3629150390625,894.8330688476562,1342.3214111328125,1076.6574096679688,0.9997702240943909,-1,-1,-1
00452,2,1545.3187255859375,905.7461547851562,976.8553466796875,1034.6632690429688,0.9994804263114929,-1,-1,-1
