00001,2,1128.2945556640625,94.33977508544922,179.4786376953125,101.6191635131836,0.9974520802497864,-1,-1,-1
00001,2,510.2789001464844,544.8609619140625,446.7408142089844,256.125,0.9989388585090637,-1,-1,-1
00001,2,1458.427734375,528.578369140625,334.930419921875,212.1817626953125,0.9889951944351196,-1,-1,-1
00001,2,1022.12060546875,21.78902244567871,136.4849853515625,74.0004825592041,0.9529262781143188,-1,-1,-1
00002,2,544.00830078125,565.4440307617188,465.50482177734375,264.97222900390625,0.999250590801239,-1,-1,-1
00002,2,1148.8477783203125,90.6841812133789,170.8480224609375,92.8971176147461,0.9980467557907104,-1,-1,-1
00002,2,1454.1314697265625,522.527099609375,331.672119140625,200.95196533203125,0.9957975149154663,-1,-1,-1
00002,2,1022.603271484375,22.493240356445312,134.19921875,72.22193908691406,0.9593831300735474,-1,-1,-1
00003,2,594.635009765625,573.990234375,466.4705810546875,285.90386962890625,0.9997988343238831,-1,-1,-1
00003,2,1177.1285400390625,87.33982849121094,155.4512939453125,94.33610534667969,0.9944453835487366,-1,-1,-1
00003,2,1434.8526611328125,516.5445556640625,327.865966796875,195.7008056640625,0.9757747650146484,-1,-1,-1
00003,2,1022.53564453125,22.150127410888672,134.2373046875,72.85017013549805,0.9600421190261841,-1,-1,-1
00004,2,648.283935546875,588.13037109375,474.0738525390625,292.9356689453125,0.9982325434684753,-1,-1,-1
00004,2,1188.7611083984375,80.70584869384766,156.2867431640625,87.17337799072266,0.9966413974761963,-1,-1,-1
00004,2,1424.16064453125,502.7392883300781,331.4810791015625,218.64205932617188,0.9939562678337097,-1,-1,-1
00004,2,1023.0634765625,22.461511611938477,132.4459228515625,71.80692100524902,0.9458064436912537,-1,-1,-1
00005,2,686.325439453125,612.6809692382812,487.7486572265625,292.63592529296875,0.9997311234474182,-1,-1,-1
00005,2,1406.0250244140625,499.19476318359375,337.31298828125,219.711669921875,0.9978787899017334,-1,-1,-1
00005,2,1204.9019775390625,75.7188949584961,149.1802978515625,83.96601104736328,0.9966062307357788,-1,-1,-1
00005,2,1024.52587890625,22.298725128173828,129.024169921875,72.22725296020508,0.9306864142417908,-1,-1,-1
00006,2,728.3903198242188,623.525390625,504.93511962890625,286.37762451171875,0.9997901320457458,-1,-1,-1
00006,2,1397.3890380859375,496.9399108886719,327.3701171875,205.60226440429688,0.9988943934440613,-1,-1,-1
00006,2,1223.2105712890625,71.85713958740234,138.46826171875,85.98693084716797,0.981581449508667,-1,-1,-1
00006,2,1025.0023193359375,22.43714714050293,127.7708740234375,71.69367408752441,0.9240546822547913,-1,-1,-1
00007,2,775.0477905273438,623.9598999023438,521.0519409179688,299.22149658203125,0.9999188184738159,-1,-1,-1
00007,2,1382.958740234375,477.1254577636719,340.3369140625,203.86349487304688,0.9905471205711365,-1,-1,-1
00007,2,1241.3238525390625,68.38489532470703,129.2294921875,86.26256561279297,0.9793648719787598,-1,-1,-1
00007,2,1024.0513916015625,22.177417755126953,128.958251953125,72.47874069213867,0.9373346567153931,-1,-1,-1
00008,2,837.7777099609375,647.1141357421875,515.7830810546875,306.18359375,0.999805748462677,-1,-1,-1
00008,2,1383.060546875,467.9089050292969,335.977294921875,217.00845336914062,0.9957016110420227,-1,-1,-1
00008,2,1256.7984619140625,61.7486572265625,119.22705078125,85.61895751953125,0.9666347503662109,-1,-1,-1
00008,2,1024.3076171875,22.280309677124023,127.6029052734375,72.06344795227051,0.9355659484863281,-1,-1,-1
00009,2,915.4894409179688,657.3447875976562,510.82452392578125,331.99908447265625,0.9998272061347961,-1,-1,-1
00009,2,1380.6978759765625,451.64569091796875,322.343505859375,232.2216796875,0.9985597729682922,-1,-1,-1
00009,2,1268.95263671875,56.82146453857422,106.85205078125,82.26911163330078,0.946844756603241,-1,-1,-1
00009,2,1025.052978515625,22.563982009887695,126.0048828125,71.52247428894043,0.9095274209976196,-1,-1,-1
00010,2,948.3550415039062,678.6934204101562,487.46173095703125,325.16998291015625,0.9996781349182129,-1,-1,-1
00010,2,1341.8336181640625,442.4673156738281,338.33642578125,210.32864379882812,0.999337375164032,-1,-1,-1
00010,2,1024.8651123046875,19.125823974609375,132.0833740234375,70.45198059082031,0.9465523362159729,-1,-1,-1
00010,2,1280.4915771484375,58.13116455078125,96.3621826171875,71.4456787109375,0.8160226941108704,-1,-1,-1
00011,2,1016.6954345703125,698.9891967773438,473.141845703125,326.05560302734375,0.999492883682251,-1,-1,-1
00011,2,1316.536376953125,439.2817077636719,340.2669677734375,208.79580688476562,0.9980924725532532,-1,-1,-1
00011,2,1292.0875244140625,53.520633697509766,87.771240234375,67.03790664672852,0.9343953132629395,-1,-1,-1
00011,2,1024.18896484375,18.81609344482422,133.3123779296875,70.6009292602539,0.947252631187439,-1,-1,-1
00012,2,1094.3717041015625,733.6858520507812,476.646728515625,323.99102783203125,0.9994258880615234,-1,-1,-1
00012,2,1306.47314453125,431.4695739746094,348.0489501953125,214.90805053710938,0.9971074461936951,-1,-1,-1
00012,2,1296.8905029296875,47.405372619628906,86.4375,69.46620178222656,0.964148223400116,-1,-1,-1
00012,2,1025.1788330078125,17.157333374023438,133.6416015625,71.7056884765625,0.9620020389556885,-1,-1,-1
00013,2,1153.6019287109375,751.4064331054688,463.2713623046875,312.61895751953125,0.9992905855178833,-1,-1,-1
00013,2,1290.571533203125,428.3101806640625,359.9796142578125,208.1707763671875,0.9984080195426941,-1,-1,-1
00013,2,1307.6591796875,49.132408142089844,78.94091796875,59.1556396484375,0.9776992797851562,-1,-1,-1
00013,2,1020.3888549804688,22.459470748901367,138.04449462890625,72.73349952697754,0.9576212763786316,-1,-1,-1
00014,2,1262.144775390625,428.8855285644531,355.9010009765625,209.81655883789062,0.9993933439254761,-1,-1,-1
00014,2,1235.5650634765625,772.1763305664062,446.633056640625,291.55291748046875,0.9992730021476746,-1,-1,-1
00014,2,1308.8616943359375,37.689022064208984,80.6309814453125,71.99829483032227,0.9791309833526611,-1,-1,-1
00014,2,1019.839111328125,21.81352996826172,139.3114013671875,73.22359466552734,0.9423250555992126,-1,-1,-1
00015,2,1237.5357666015625,416.1234436035156,344.658935546875,198.47402954101562,0.9996657371520996,-1,-1,-1
00015,2,1271.1263427734375,801.1397094726562,462.11572265625,273.87310791015625,0.9986518025398254,-1,-1,-1
00015,2,1317.825927734375,35.98994445800781,72.5928955078125,66.29857635498047,0.9805935621261597,-1,-1,-1
00015,2,1018.0046997070312,21.592924118041992,140.05828857421875,72.03671455383301,0.932047963142395,-1,-1,-1
00016,2,1228.37060546875,408.87274169921875,347.641357421875,200.16241455078125,0.9992343187332153,-1,-1,-1
00016,2,1330.91259765625,813.0914916992188,432.5843505859375,269.04400634765625,0.9993164539337158,-1,-1,-1
00016,2,1326.2408447265625,29.191272735595703,63.7237548828125,62.19194412231445,0.9808381199836731,-1,-1,-1
00016,2,1014.7535400390625,20.540700912475586,140.151611328125,74.36983680725098,0.9515714645385742,-1,-1,-1
00017,2,1195.1951904296875,391.43731689453125,345.4425048828125,212.490478515625,0.9991389513015747,-1,-1,-1
00017,2,1399.082275390625,822.1318969726562,411.599853515625,270.37689208984375,0.9987927675247192,-1,-1,-1
00017,2,1330.183349609375,29.909011840820312,63.13525390625,57.28418731689453,0.968183159828186,-1,-1,-1
00017,2,1012.5350341796875,22.007658004760742,141.1612548828125,73.32658576965332,0.9631059169769287,-1,-1,-1
00018,2,1161.700927734375,384.8247375488281,349.9034423828125,208.46542358398438,0.9994716048240662,-1,-1,-1
00018,2,1466.258544921875,871.5486450195312,379.1494140625,220.24005126953125,0.990757167339325,-1,-1,-1
00018,2,1332.78466796875,23.309993743896484,58.1495361328125,57.57585525512695,0.9803780913352966,-1,-1,-1
00018,2,1008.4664306640625,19.988813400268555,149.1839599609375,77.88710975646973,0.9682106375694275,-1,-1,-1
00019,2,1137.95703125,370.64239501953125,376.9268798828125,201.62835693359375,0.9981220364570618,-1,-1,-1
00019,2,1332.5931396484375,22.452638626098633,58.2069091796875,51.74233055114746,0.9913381338119507,-1,-1,-1
00019,2,1518.65771484375,880.4822387695312,361.279052734375,206.49298095703125,0.9858440160751343,-1,-1,-1
00019,2,1011.0511474609375,18.78369903564453,129.7667236328125,83.3631591796875,0.8560839891433716,-1,-1,-1
00020,2,1107.68896484375,365.7557067871094,373.252685546875,201.02853393554688,0.9965634942054749,-1,-1,-1
00020,2,1338.8504638671875,22.540847778320312,53.5167236328125,48.112335205078125,0.9862831234931946,-1,-1,-1
00020,2,1587.595703125,902.8291015625,316.0797119140625,191.04931640625,0.9782332181930542,-1,-1,-1
00020,2,1007.5385131835938,18.29684829711914,131.38031005859375,83.19780349731445,0.9501707553863525,-1,-1,-1
00021,2,1080.5869140625,366.88494873046875,362.023681640625,183.77252197265625,0.9974464178085327,-1,-1,-1
00021,2,1338.7218017578125,19.641794204711914,54.477294921875,42.77413749694824,0.948613166809082,-1,-1,-1
00021,2,1006.2655029296875,21.3304500579834,146.8961181640625,75.87076759338379,0.9623743295669556,-1,-1,-1
00021,2,1645.48291015625,916.3275146484375,269.8524169921875,176.41552734375,0.8797581791877747,-1,-1,-1
00022,2,1045.6343994140625,353.2586669921875,363.7330322265625,181.34185791015625,0.9985528588294983,-1,-1,-1
00022,2,1340.3538818359375,15.182999610900879,52.3485107421875,43.56680965423584,0.9474579691886902,-1,-1,-1
00022,2,1002.9423828125,19.512845993041992,151.5682373046875,77.74087715148926,0.8874980211257935,-1,-1,-1
00023,2,1026.490966796875,348.527099609375,348.41162109375,175.56243896484375,0.9982988238334656,-1,-1,-1
00023,2,1342.794921875,12.288630485534668,55.931640625,43.08855152130127,0.9617005586624146,-1,-1,-1
00023,2,1002.0240478515625,23.15534210205078,147.111083984375,76.4866714477539,0.9581945538520813,-1,-1,-1
00024,2,1009.2399291992188,334.03326416015625,343.73480224609375,180.65472412109375,0.9975796341896057,-1,-1,-1
00024,2,1342.7301025390625,8.475529670715332,56.2235107421875,46.59171199798584,0.9546902179718018,-1,-1,-1
00024,2,999.2353515625,21.281997680664062,135.8154296875,81.10748291015625,0.9498936533927917,-1,-1,-1
00025,2,956.877197265625,321.8102722167969,346.68017578125,185.73648071289062,0.9992139339447021,-1,-1,-1
00025,2,1345.6229248046875,4.719719409942627,51.1368408203125,44.298667430877686,0.8684571981430054,-1,-1,-1
00025,2,994.6649780273438,18.730810165405273,153.90924072265625,81.91863441467285,0.8867958188056946,-1,-1,-1
00026,2,923.5520629882812,312.9012145996094,360.95147705078125,173.10214233398438,0.9989897608757019,-1,-1,-1
00026,2,992.3993530273438,16.002185821533203,149.26873779296875,84.06628799438477,0.9350365996360779,-1,-1,-1
00027,2,889.897705078125,306.8251953125,359.3052978515625,171.6473388671875,0.998399555683136,-1,-1,-1
00027,2,983.8721313476562,17.720876693725586,151.97808837890625,85.91910743713379,0.9652800559997559,-1,-1,-1
00028,2,859.300537109375,308.4126892089844,352.6038818359375,162.1490478515625,0.9982253909111023,-1,-1,-1
00028,2,1349.6968994140625,3.755352258682251,45.166748046875,32.061939001083374,0.8856232762336731,-1,-1,-1
00028,2,982.9556884765625,29.163558959960938,141.6065673828125,72.64220428466797,0.891878604888916,-1,-1,-1
00029,2,831.5646362304688,308.71435546875,341.33807373046875,153.33340454101562,0.9983162879943848,-1,-1,-1
00029,2,975.746826171875,29.66396713256836,153.1190185546875,73.99978256225586,0.9584411978721619,-1,-1,-1
00029,2,1353.310791015625,4.738839626312256,39.71875,27.76671075820923,0.8819524645805359,-1,-1,-1
00030,2,797.5726318359375,291.3874816894531,332.4266357421875,151.72320556640625,0.9989724159240723,-1,-1,-1
00030,2,969.3760375976562,22.4793643951416,173.48333740234375,85.48599052429199,0.9289711713790894,-1,-1,-1
00030,2,1349.4317626953125,4.101950168609619,46.6434326171875,29.759881496429443,0.8897827863693237,-1,-1,-1
00031,2,778.5458374023438,284.81884765625,322.31634521484375,152.08273315429688,0.9979402422904968,-1,-1,-1
00031,2,965.1549682617188,26.922948837280273,174.90594482421875,81.7197208404541,0.942744255065918,-1,-1,-1
00031,2,1347.30908203125,3.929232120513916,49.318359375,29.156056880950928,0.8874765634536743,-1,-1,-1
00031,2,0.12897491455078125,594.4743041992188,177.43885040283203,154.66546630859375,0.8316096067428589,-1,-1,-1
00032,2,729.8365478515625,281.8233947753906,323.109375,146.80691528320312,0.9969552755355835,-1,-1,-1
00032,2,956.9652709960938,32.488155364990234,151.01019287109375,73.32426071166992,0.9718421101570129,-1,-1,-1
00032,2,0.6238459944725037,577.2802124023438,187.85453230142593,181.71661376953125,0.9021695852279663,-1,-1,-1
00032,2,1349.6719970703125,4.116633415222168,46.6131591796875,26.887520790100098,0.8724929690361023,-1,-1,-1
00033,2,708.6439208984375,276.3223571777344,310.74945068359375,146.96054077148438,0.9944751858711243,-1,-1,-1
00033,2,951.7521362304688,29.864431381225586,159.73333740234375,79.74095344543457,0.9649449586868286,-1,-1,-1
00033,2,4.583784580230713,572.7637939453125,194.9066023826599,185.28961181640625,0.9332644939422607,-1,-1,-1
00034,2,670.8646240234375,271.5683898925781,314.8184814453125,146.33444213867188,0.9975085258483887,-1,-1,-1
00034,2,5.977046489715576,554.7109375,207.6886487007141,205.20245361328125,0.9666613340377808,-1,-1,-1
00034,2,937.5813598632812,32.713623046875,168.77899169921875,78.7184829711914,0.9249589443206787,-1,-1,-1
00035,2,650.4931030273438,271.1088562011719,316.8741455078125,139.3216552734375,0.9974688291549683,-1,-1,-1
00035,2,13.004523277282715,567.9244384765625,222.5379114151001,183.13824462890625,0.9775605201721191,-1,-1,-1
00035,2,924.3176879882812,27.20672607421875,196.46368408203125,86.65617370605469,0.982537567615509,-1,-1,-1
00036,2,609.3502197265625,272.4708557128906,307.18572998046875,129.81710815429688,0.9984819293022156,-1,-1,-1
00036,2,21.522518157958984,568.714111328125,226.5322151184082,177.3857421875,0.9899618625640869,-1,-1,-1
00036,2,918.857177734375,25.63987159729004,201.94873046875,92.85210990905762,0.9677239060401917,-1,-1,-1
00037,2,582.1476440429688,274.7146301269531,305.66845703125,117.87661743164062,0.9974278807640076,-1,-1,-1
00037,2,32.66923522949219,563.810791015625,228.76649475097656,180.61126708984375,0.9938818216323853,-1,-1,-1
00037,7,907.1378784179688,22.20160675048828,208.32574462890625,95.65946960449219,0.9393371939659119,-1,-1,-1
00038,2,27.205150604248047,565.0958251953125,252.43141555786133,179.615966796875,0.9966505169868469,-1,-1,-1
00038,2,558.7752685546875,275.0741882324219,284.46966552734375,114.14828491210938,0.994766354560852,-1,-1,-1
00038,7,904.514404296875,21.447284698486328,201.4478759765625,98.0120964050293,0.937881350517273,-1,-1,-1
00038,2,889.8550415039062,26.91245460510254,202.89678955078125,97.03262138366699,0.8980137705802917,-1,-1,-1
00039,2,46.40483474731445,556.5281982421875,260.5401420593262,193.0108642578125,0.9973487854003906,-1,-1,-1
00039,2,524.0848999023438,274.9697570800781,282.8905029296875,115.11740112304688,0.9955922961235046,-1,-1,-1
00039,2,882.7987060546875,32.64876174926758,209.7144775390625,93.71700668334961,0.9543738961219788,-1,-1,-1
00040,2,491.034912109375,270.9300231933594,285.63934326171875,111.8048095703125,0.9959782361984253,-1,-1,-1
00040,2,57.94588088989258,559.7808837890625,269.4206962585449,184.54364013671875,0.9960418939590454,-1,-1,-1
00040,7,881.8485107421875,28.753509521484375,199.36767578125,97.54816436767578,0.866278350353241,-1,-1,-1
00041,2,460.8946533203125,271.20166015625,273.44134521484375,114.78427124023438,0.9968921542167664,-1,-1,-1
00041,2,71.81395721435547,559.5398559570312,284.3619155883789,181.55950927734375,0.994102418422699,-1,-1,-1
00041,2,4.76716423034668,510.3971252441406,92.96576881408691,118.76791381835938,0.8468992114067078,-1,-1,-1
00041,7,863.2996215820312,27.85108184814453,199.36688232421875,102.26245880126953,0.9594612121582031,-1,-1,-1
00042,2,447.2232360839844,269.2557373046875,252.96395874023438,119.36581420898438,0.9967858791351318,-1,-1,-1
00042,2,72.87545776367188,561.4178466796875,297.1169738769531,181.3597412109375,0.9863515496253967,-1,-1,-1
00042,2,5.7067108154296875,513.390869140625,90.98756408691406,111.87237548828125,0.852270781993866,-1,-1,-1
00042,2,853.2865600585938,40.88512420654297,179.83843994140625,91.8474349975586,0.9038614630699158,-1,-1,-1
00043,2,423.7910461425781,271.2191162109375,248.60696411132812,117.85397338867188,0.9986510872840881,-1,-1,-1
00043,2,69.02717590332031,553.0240478515625,311.42567443847656,200.42156982421875,0.9891262054443359,-1,-1,-1
00043,2,3.477149724960327,510.36981201171875,104.68705010414124,113.61895751953125,0.867533266544342,-1,-1,-1
00043,7,847.6727294921875,32.30818557739258,207.97412109375,103.80012130737305,0.9269411563873291,-1,-1,-1
00044,2,394.2953186035156,269.2765197753906,244.34982299804688,117.3590087890625,0.9993146657943726,-1,-1,-1
00044,2,103.35733032226562,564.7252807617188,306.6268310546875,171.42584228515625,0.9951968789100647,-1,-1,-1
00044,2,3.8434319496154785,500.4704284667969,109.2108359336853,124.86813354492188,0.9759750366210938,-1,-1,-1
00044,7,827.355224609375,23.295488357543945,228.0965576171875,113.16822624206543,0.9803348779678345,-1,-1,-1
00045,2,363.8914489746094,267.2908630371094,233.22695922851562,122.60791015625,0.9976781010627747,-1,-1,-1
00045,2,121.21029663085938,556.6845092773438,312.4766540527344,182.4849853515625,0.9968301653862,-1,-1,-1
00045,2,2.9162795543670654,498.9054870605469,113.41527104377747,129.74899291992188,0.9646385908126831,-1,-1,-1
00045,7,817.2134399414062,30.420650482177734,217.62994384765625,108.06743240356445,0.9007951617240906,-1,-1,-1
00046,2,339.81854248046875,273.151611328125,225.9659423828125,117.92169189453125,0.9995251893997192,-1,-1,-1
00046,2,133.69406127929688,555.3306884765625,325.9291687011719,186.75439453125,0.9941713213920593,-1,-1,-1
00046,2,2.1911165714263916,495.6402282714844,129.78932166099548,129.92160034179688,0.9375383257865906,-1,-1,-1
00046,2,798.5159912109375,50.130088806152344,215.843017578125,101.23897552490234,0.8992178440093994,-1,-1,-1
00046,7,801.625,34.59041976928711,224.3197021484375,108.04011917114258,0.9143229722976685,-1,-1,-1
00047,2,334.1321105957031,279.42388916015625,208.60458374023438,115.2088623046875,0.9994322657585144,-1,-1,-1
00047,2,160.0218963623047,553.3009033203125,316.6888885498047,192.15277099609375,0.9947409629821777,-1,-1,-1
00047,2,0.03561558574438095,484.1712646484375,146.65749964863062,141.5335693359375,0.9315621256828308,-1,-1,-1
00047,2,1806.4271240234375,669.128662109375,115.73876953125,227.8902587890625,0.8651720881462097,-1,-1,-1
00047,7,779.2398071289062,52.630882263183594,213.48919677734375,101.8855209350586,0.9760439991950989,-1,-1,-1
00048,2,298.8998107910156,283.96044921875,213.55386352539062,111.78359985351562,0.997977077960968,-1,-1,-1
00048,2,176.831298828125,548.6338500976562,335.9393310546875,196.5640869140625,0.996421217918396,-1,-1,-1
00048,2,1.2031437158584595,483.308349609375,159.6429866552353,136.42315673828125,0.9276465773582458,-1,-1,-1
00048,2,1799.74755859375,679.2816162109375,115.98095703125,215.79248046875,0.8809850215911865,-1,-1,-1
00048,2,768.1690673828125,53.089988708496094,215.450439453125,100.77973175048828,0.9520390033721924,-1,-1,-1
00049,2,272.628662109375,293.0263671875,204.60153198242188,114.43276977539062,0.998404324054718,-1,-1,-1
00049,2,198.97047424316406,546.0599365234375,341.9381561279297,202.5462646484375,0.9924924969673157,-1,-1,-1
00049,2,3.1857645511627197,470.7626647949219,172.3602101802826,139.32504272460938,0.9582718014717102,-1,-1,-1
00049,2,1795.7261962890625,674.9505615234375,121.384765625,224.4698486328125,0.8717231750488281,-1,-1,-1
00049,2,737.0742797851562,31.105499267578125,254.609375,130.01417541503906,0.8927595615386963,-1,-1,-1
00049,7,749.1553344726562,48.799015045166016,226.04278564453125,107.84528732299805,0.969359815120697,-1,-1,-1
00050,2,256.041748046875,299.0710144042969,198.31698608398438,111.47824096679688,0.9963476061820984,-1,-1,-1
00050,2,229.0592498779297,543.354248046875,346.4234161376953,210.103759765625,0.9948078989982605,-1,-1,-1
00050,2,1789.8074951171875,676.641357421875,128.0853271484375,228.49578857421875,0.814223051071167,-1,-1,-1
00050,2,12.12871265411377,463.90606689453125,173.4640302658081,130.13470458984375,0.857860267162323,-1,-1,-1
00050,2,723.3157958984375,28.949081420898438,258.3875732421875,137.13409423828125,0.8507623672485352,-1,-1,-1
00050,7,739.3792724609375,48.264137268066406,219.746337890625,113.16321563720703,0.8298737406730652,-1,-1,-1
00051,2,238.40975952148438,303.4688415527344,179.20941162109375,110.92022705078125,0.9943438768386841,-1,-1,-1
00051,2,241.76565551757812,554.9782104492188,362.3807678222656,202.55877685546875,0.9960274696350098,-1,-1,-1
00051,2,11.499797821044922,456.2774963378906,182.39926528930664,144.37899780273438,0.8826548457145691,-1,-1,-1
00051,7,713.8379516601562,43.21641159057617,242.057861328125,123.39392471313477,0.9652549624443054,-1,-1,-1
00051,2,704.1137084960938,23.592504501342773,275.42596435546875,134.3808536529541,0.8620152473449707,-1,-1,-1
00052,2,206.35328674316406,314.0439758300781,178.8356170654297,108.19857788085938,0.9964115023612976,-1,-1,-1
00052,2,262.4688720703125,547.6531982421875,367.3214111328125,220.5540771484375,0.996647298336029,-1,-1,-1
00052,2,1786.9981689453125,683.25634765625,132.3018798828125,222.72552490234375,0.9011191129684448,-1,-1,-1
00052,7,688.9192504882812,46.633724212646484,251.2945556640625,125.14917373657227,0.9881948232650757,-1,-1,-1
00053,2,190.89414978027344,322.01617431640625,173.3557891845703,103.97174072265625,0.9978546500205994,-1,-1,-1
00053,2,293.2735290527344,565.0643920898438,400.0957946777344,228.5465087890625,0.9869226813316345,-1,-1,-1
00053,2,1785.9290771484375,674.5693969726562,132.0975341796875,237.04241943359375,0.8708924055099487,-1,-1,-1
00053,2,33.62979507446289,452.76776123046875,192.80744552612305,125.184814453125,0.8635671734809875,-1,-1,-1
00053,7,667.3585205078125,47.37797546386719,276.53326416015625,129.45870971679688,0.9905665516853333,-1,-1,-1
00054,2,178.09869384765625,324.1467590332031,157.74176025390625,107.85360717773438,0.9920514822006226,-1,-1,-1
00054,2,314.5513916015625,566.5473022460938,408.5030517578125,226.7650146484375,0.9816392660140991,-1,-1,-1
00054,2,1776.10009765625,674.853271484375,141.6588134765625,229.65673828125,0.8801780343055725,-1,-1,-1
00054,2,34.09627914428711,437.326416015625,209.79083633422852,157.375,0.8541823625564575,-1,-1,-1
00054,7,651.78564453125,55.12326431274414,266.74169921875,123.07297897338867,0.9443807005882263,-1,-1,-1
00055,2,346.9635009765625,561.3787231445312,418.21038818359375,250.9813232421875,0.9915981292724609,-1,-1,-1
00055,2,150.94859313964844,329.9439392089844,162.62486267089844,107.78359985351562,0.9833991527557373,-1,-1,-1
00055,2,67.90453338623047,432.4139099121094,198.03372955322266,126.60910034179688,0.9272331595420837,-1,-1,-1
00055,7,634.3912963867188,54.496341705322266,263.24688720703125,131.1895408630371,0.974037766456604,-1,-1,-1
00056,2,371.9754943847656,564.14013671875,434.4121398925781,264.14080810546875,0.9931923747062683,-1,-1,-1
00056,2,125.50386047363281,344.973388671875,164.22459411621094,114.85736083984375,0.9126035571098328,-1,-1,-1
00056,7,605.0592651367188,57.8366813659668,271.3829345703125,141.64711380004883,0.9629905819892883,-1,-1,-1
00056,2,103.32310485839844,412.4530029296875,197.6918182373047,138.93109130859375,0.8642076849937439,-1,-1,-1
00057,2,405.8099060058594,567.6849975585938,440.4173278808594,281.03387451171875,0.997104823589325,-1,-1,-1
00057,2,89.9588623046875,379.525390625,227.78286743164062,169.30584716796875,0.9647194743156433,-1,-1,-1
00057,2,113.01791381835938,347.1077575683594,162.3018798828125,123.02301025390625,0.9106146097183228,-1,-1,-1
00057,2,1755.078857421875,657.0045776367188,165.283935546875,252.953125,0.8784978985786438,-1,-1,-1
00057,7,592.0621337890625,62.13937759399414,258.6448974609375,148.7173728942871,0.970987856388092,-1,-1,-1
00058,2,439.001953125,583.1221923828125,457.0428466796875,270.6492919921875,0.9954673051834106,-1,-1,-1
00058,2,95.75801849365234,379.21331787109375,248.87915802001953,171.4267578125,0.946402907371521,-1,-1,-1
00058,2,94.41679382324219,353.82696533203125,151.6638946533203,119.05667114257812,0.920233964920044,-1,-1,-1
00058,7,566.132568359375,64.42453002929688,268.45611572265625,147.77023315429688,0.9343830347061157,-1,-1,-1
00059,2,504.76123046875,591.5540161132812,441.71160888671875,273.02532958984375,0.9970811009407043,-1,-1,-1
00059,2,79.09344482421875,363.0069885253906,129.233154296875,116.42098999023438,0.8890516757965088,-1,-1,-1
00059,2,106.92717742919922,385.2029113769531,266.32910919189453,159.34542846679688,0.8690068125724792,-1,-1,-1
00059,7,546.448486328125,78.32691955566406,262.94415283203125,133.96066284179688,0.8965908288955688,-1,-1,-1
00060,2,510.0069274902344,608.896240234375,488.4755554199219,272.84967041015625,0.9995773434638977,-1,-1,-1
00060,7,525.8598022460938,77.23617553710938,260.082763671875,155.71478271484375,0.9768314957618713,-1,-1,-1
00060,2,127.48265075683594,384.5271301269531,282.5420379638672,158.57125854492188,0.9947090148925781,-1,-1,-1
00060,2,63.40965270996094,376.15032958984375,129.520751953125,110.017822265625,0.986615777015686,-1,-1,-1
00061,2,578.0354614257812,615.153076171875,469.38348388671875,289.7230224609375,0.9962815642356873,-1,-1,-1
00061,7,495.60491943359375,93.85264587402344,269.34375,149.4289093017578,0.9850990772247314,-1,-1,-1
00061,2,152.98304748535156,369.3088684082031,289.97850036621094,164.10470581054688,0.9939128756523132,-1,-1,-1
00061,2,1742.9847412109375,651.5239868164062,182.997802734375,248.892333984375,0.9437611699104309,-1,-1,-1
00061,2,47.8625373840332,385.228271484375,125.13424301147461,106.70486450195312,0.9762527346611023,-1,-1,-1
00062,2,640.5079956054688,611.87451171875,485.09197998046875,308.087646484375,0.9996699094772339,-1,-1,-1
00062,2,1730.7890625,649.40478515625,190.4473876953125,236.643798828125,0.9660999178886414,-1,-1,-1
00062,7,470.6941223144531,90.23377227783203,274.8591613769531,155.74182891845703,0.9825742840766907,-1,-1,-1
00062,2,29.839637756347656,393.1952819824219,125.96613311767578,102.484619140625,0.9877368211746216,-1,-1,-1
00062,2,182.5692901611328,356.2959289550781,292.49461364746094,174.00802612304688,0.9980809688568115,-1,-1,-1
00063,2,649.7962036132812,621.5838623046875,521.5745239257812,314.23052978515625,0.999876856803894,-1,-1,-1
00063,2,1727.9620361328125,649.0269165039062,192.2596435546875,228.48150634765625,0.9771245121955872,-1,-1,-1
00063,7,448.6639099121094,92.113037109375,262.4772644042969,163.61358642578125,0.9557753801345825,-1,-1,-1
00063,2,17.839658737182617,404.5278625488281,107.60090827941895,97.32974243164062,0.9443222284317017,-1,-1,-1
00063,2,221.6179656982422,334.2317810058594,289.5166778564453,175.31716918945312,0.9972891807556152,-1,-1,-1
00064,2,716.80712890625,654.9435424804688,515.6734619140625,298.77392578125,0.9995645880699158,-1,-1,-1
00064,2,1723.9600830078125,644.2588500976562,196.8192138671875,236.49884033203125,0.956451416015625,-1,-1,-1
00064,7,414.5771179199219,101.81129455566406,280.2432556152344,165.72715759277344,0.9688146710395813,-1,-1,-1
00064,2,13.511387825012207,409.4529724121094,104.7214765548706,98.15408325195312,0.943941593170166,-1,-1,-1
00064,2,227.11558532714844,328.57855224609375,297.19874572753906,178.2388916015625,0.9967417120933533,-1,-1,-1
00065,2,759.7134399414062,668.3818969726562,545.7058715820312,308.78167724609375,0.9918208122253418,-1,-1,-1
00065,7,371.4834899902344,105.87348937988281,295.8874206542969,163.45716857910156,0.9831182360649109,-1,-1,-1
00065,2,1718.47216796875,642.1383666992188,202.1478271484375,226.086181640625,0.8574137091636658,-1,-1,-1
00065,7,268.088134765625,307.36920166015625,340.053955078125,181.74594116210938,0.958845317363739,-1,-1,-1
00065,2,-1.5945229530334473,422.4041748046875,95.21463251113892,104.1090087890625,0.8437920808792114,-1,-1,-1
00066,2,830.8782348632812,688.4166870117188,523.9219360351562,296.64801025390625,0.9970442652702332,-1,-1,-1
00066,2,1717.1531982421875,642.009765625,200.39404296875,232.0242919921875,0.9633383750915527,-1,-1,-1
00066,7,356.6091613769531,114.16963958740234,273.9546813964844,163.4408950805664,0.9721760749816895,-1,-1,-1
00066,2,-1.528226375579834,430.9859619140625,85.28667974472046,94.995849609375,0.8313134908676147,-1,-1,-1
00066,2,284.076904296875,306.2885437011719,343.0999755859375,176.90591430664062,0.9906340837478638,-1,-1,-1
00067,2,911.4864501953125,703.2984619140625,517.5133056640625,322.703857421875,0.9989504218101501,-1,-1,-1
00067,7,332.6341247558594,117.6020278930664,275.0378723144531,170.85848236083984,0.9812372326850891,-1,-1,-1
00067,2,1706.4976806640625,653.337158203125,206.6065673828125,217.346923828125,0.9406599402427673,-1,-1,-1
00067,2,2.029339075088501,445.0480041503906,52.77038550376892,80.41964721679688,0.846600353717804,-1,-1,-1
00067,2,335.29248046875,295.6719665527344,349.82000732421875,178.45828247070312,0.9926354289054871,-1,-1,-1
00068,2,935.3765869140625,721.7989501953125,517.7467041015625,307.3369140625,0.9981030225753784,-1,-1,-1
00068,2,1693.6541748046875,650.5609741210938,220.5819091796875,221.02191162109375,0.9782146215438843,-1,-1,-1
00068,7,315.0481872558594,133.87281799316406,260.7282409667969,165.1637725830078,0.9711208343505859,-1,-1,-1
00068,2,360.3084716796875,271.61956787109375,362.9447021484375,193.40060424804688,0.998002827167511,-1,-1,-1
00068,2,0.25435373187065125,449.0917053222656,45.78861120343208,75.67880249023438,0.8031327724456787,-1,-1,-1
00068,7,338.17779541015625,276.60137939453125,350.21929931640625,184.99380493164062,0.8248233795166016,-1,-1,-1
00069,2,1020.292724609375,740.1714477539062,491.1396484375,330.17706298828125,0.9924830794334412,-1,-1,-1
00069,2,1683.2144775390625,651.076904296875,233.752685546875,216.71746826171875,0.9904766082763672,-1,-1,-1
00069,2,413.9602355957031,259.9761657714844,355.6985168457031,184.79119873046875,0.9546130895614624,-1,-1,-1
00069,7,287.92987060546875,165.95263671875,262.72943115234375,151.71212768554688,0.9792327284812927,-1,-1,-1
00070,2,1077.210205078125,758.2249145507812,505.2403564453125,307.44012451171875,0.9989243149757385,-1,-1,-1
00070,2,1660.8519287109375,648.946044921875,252.171875,216.4700927734375,0.9866601228713989,-1,-1,-1
00070,7,277.29119873046875,164.86563110351562,250.8421630859375,154.57998657226562,0.9185860753059387,-1,-1,-1
00070,7,452.8797607421875,250.45968627929688,338.8580322265625,193.11807250976562,0.9907943606376648,-1,-1,-1
00071,2,1151.01708984375,762.1694946289062,489.122314453125,307.39483642578125,0.9985997080802917,-1,-1,-1
00071,2,1648.3511962890625,645.8855590820312,259.511962890625,208.50128173828125,0.9969505071640015,-1,-1,-1
00071,7,253.10903930664062,170.00747680664062,250.32589721679688,168.20370483398438,0.841342568397522,-1,-1,-1
00071,7,487.20452880859375,222.05194091796875,354.13226318359375,192.85958862304688,0.9647548198699951,-1,-1,-1
00071,2,493.3362121582031,232.4633026123047,359.3400573730469,187.4034881591797,0.9967904686927795,-1,-1,-1
00072,2,1210.6712646484375,809.943115234375,459.5748291015625,267.671875,0.9977515339851379,-1,-1,-1
00072,2,1636.35498046875,622.4398193359375,273.311767578125,220.43377685546875,0.9754434823989868,-1,-1,-1
00072,7,233.6219482421875,174.1683807373047,245.58734130859375,174.0525665283203,0.9718952775001526,-1,-1,-1
00072,7,528.9882202148438,226.53021240234375,357.55792236328125,181.24530029296875,0.9902578592300415,-1,-1,-1
00073,2,1630.91796875,602.6231079101562,275.1119384765625,235.60174560546875,0.9844011664390564,-1,-1,-1
00073,2,1263.2203369140625,827.1998291015625,465.407958984375,255.8880615234375,0.9794052839279175,-1,-1,-1
00073,7,212.45864868164062,178.9479217529297,251.66989135742188,177.85227966308594,0.9644131064414978,-1,-1,-1
00073,7,568.9981689453125,200.07540893554688,346.98431396484375,198.81747436523438,0.9955655932426453,-1,-1,-1
00074,2,1600.2999267578125,574.701416015625,289.9464111328125,238.03973388671875,0.9953581690788269,-1,-1,-1
00074,2,1329.6378173828125,844.6630249023438,444.801513671875,248.51397705078125,0.9635847210884094,-1,-1,-1
00074,7,188.48497009277344,192.09693908691406,240.98667907714844,182.19544982910156,0.9177310466766357,-1,-1,-1
00074,7,623.6707153320312,193.63157653808594,343.5946044921875,177.5542449951172,0.9907762408256531,-1,-1,-1
00075,2,1577.560791015625,566.4896240234375,297.7078857421875,248.08892822265625,0.9939464926719666,-1,-1,-1
00075,7,162.88392639160156,197.274169921875,231.1615447998047,189.59976196289062,0.977347731590271,-1,-1,-1
00075,2,1403.868896484375,866.0199584960938,401.697265625,236.26580810546875,0.9621047973632812,-1,-1,-1
00075,2,659.0125122070312,184.12986755371094,349.48516845703125,176.2186737060547,0.9973083734512329,-1,-1,-1
00076,2,1563.544677734375,575.658935546875,301.816650390625,220.99884033203125,0.9858993291854858,-1,-1,-1
00076,2,1460.1142578125,879.770263671875,377.7210693359375,222.78857421875,0.9222703576087952,-1,-1,-1
00076,7,145.88734436035156,212.21078491210938,233.5541534423828,180.60125732421875,0.8145279884338379,-1,-1,-1
00076,2,710.0189819335938,171.28472900390625,347.28436279296875,159.04067993164062,0.9870457649230957,-1,-1,-1
00077,2,1519.142578125,903.1619873046875,361.8916015625,190.771240234375,0.9600597023963928,-1,-1,-1
00077,2,1549.1619873046875,540.3304443359375,300.386474609375,250.683837890625,0.9228739738464355,-1,-1,-1
00077,7,130.8615264892578,243.88063049316406,213.5591278076172,166.0756378173828,0.8984678387641907,-1,-1,-1
00077,2,748.877685546875,172.27963256835938,328.927734375,155.2890625,0.9137636423110962,-1,-1,-1
00077,7,753.8385620117188,155.6944122314453,322.24810791015625,168.0723419189453,0.8674538731575012,-1,-1,-1
00078,2,1578.2430419921875,913.8975219726562,320.3546142578125,182.62933349609375,0.9554488658905029,-1,-1,-1
00078,2,1520.4464111328125,533.5289306640625,323.968994140625,255.5,0.9261771440505981,-1,-1,-1
00078,7,100.56099700927734,257.55743408203125,211.76483917236328,158.73388671875,0.9624367356300354,-1,-1,-1
00078,2,804.4293823242188,156.90916442871094,309.64605712890625,157.5503387451172,0.9544711112976074,-1,-1,-1
00079,2,1490.3577880859375,528.1032104492188,337.7515869140625,246.8372802734375,0.9695051908493042,-1,-1,-1
00079,2,1630.3333740234375,934.720703125,283.537353515625,158.042236328125,0.9377699494361877,-1,-1,-1
00079,2,836.7073974609375,138.70851135253906,317.5447998046875,160.3990936279297,0.866492748260498,-1,-1,-1
00079,7,83.51912689208984,265.23883056640625,213.34085845947266,154.48733520507812,0.89150071144104,-1,-1,-1
00080,2,1462.02392578125,508.4647216796875,362.312744140625,256.42242431640625,0.993713915348053,-1,-1,-1
00080,2,1664.89501953125,950.994873046875,259.1605224609375,140.4376220703125,0.9242010712623596,-1,-1,-1
00080,2,55.29436492919922,277.0010986328125,215.82010650634766,164.60391235351562,0.8147598505020142,-1,-1,-1
00080,7,65.67292022705078,287.5722351074219,200.00923919677734,152.15072631835938,0.8426432013511658,-1,-1,-1
00081,2,923.9027099609375,124.38843536376953,276.614501953125,139.17452239990234,0.9832162261009216,-1,-1,-1
00081,2,1444.5390625,503.95294189453125,360.1396484375,257.07232666015625,0.8960394263267517,-1,-1,-1
00081,7,19.18126678466797,291.9317321777344,218.31305694580078,168.24298095703125,0.9465012550354004,-1,-1,-1
00082,2,970.18212890625,122.54805755615234,262.4041748046875,124.15764617919922,0.9916935563087463,-1,-1,-1
00082,2,1421.418701171875,480.2388916015625,348.18408203125,230.04010009765625,0.9812043309211731,-1,-1,-1
00082,7,12.932809829711914,297.4632873535156,209.0336971282959,165.97781372070312,0.8302953839302063,-1,-1,-1
00083,2,1382.7459716796875,464.6751403808594,347.0679931640625,238.43295288085938,0.9964337348937988,-1,-1,-1
00083,2,994.1205444335938,105.26789855957031,262.22613525390625,133.76730346679688,0.9428679943084717,-1,-1,-1
00083,2,-0.18235720694065094,533.4151611328125,113.62498416006565,223.002685546875,0.8084427118301392,-1,-1,-1
00084,2,1374.366943359375,452.8022766113281,351.8138427734375,254.08706665039062,0.9974613189697266,-1,-1,-1
00084,2,-1.6000393629074097,530.3521728515625,105.54030120372772,219.75494384765625,0.9163296222686768,-1,-1,-1
00084,2,1045.9031982421875,107.52284240722656,222.558837890625,111.56436157226562,0.8908281326293945,-1,-1,-1
00085,2,1326.0958251953125,433.979248046875,357.34033203125,229.89501953125,0.9948145747184753,-1,-1,-1
00085,2,1087.485107421875,103.35607147216797,204.4346923828125,108.29558563232422,0.8657334446907043,-1,-1,-1
00085,7,3.2100677490234375,335.90185546875,149.50631713867188,150.78323364257812,0.8486836552619934,-1,-1,-1
00086,2,1290.23681640625,423.9171142578125,375.3468017578125,232.7769775390625,0.9971639513969421,-1,-1,-1
00086,2,1099.2010498046875,95.58292388916016,212.0062255859375,107.84693145751953,0.9866227507591248,-1,-1,-1
00086,2,-0.12721428275108337,533.5977172851562,119.04932579398155,223.835693359375,0.8727840185165405,-1,-1,-1
00086,2,5.3746209144592285,351.5287780761719,119.31260442733765,136.40625,0.8436593413352966,-1,-1,-1
00087,2,1251.7548828125,421.4656066894531,389.1072998046875,228.58309936523438,0.9998509883880615,-1,-1,-1
00087,2,1125.384521484375,99.72979736328125,188.50048828125,92.27702331542969,0.9443889856338501,-1,-1,-1
00087,2,0.023227103054523468,536.6967163085938,122.3253141567111,223.74993896484375,0.8153746724128723,-1,-1,-1
00088,2,1218.9801025390625,416.0340881347656,382.02001953125,220.71762084960938,0.996222734451294,-1,-1,-1
00088,2,1151.7540283203125,89.95806121826172,176.5736083984375,90.43120574951172,0.971847653388977,-1,-1,-1
00089,2,1209.13330078125,397.7583312988281,373.5511474609375,221.26754760742188,0.9997585415840149,-1,-1,-1
00089,2,1178.010009765625,72.7743148803711,158.899169921875,100.11150360107422,0.9495864510536194,-1,-1,-1
00090,2,1197.0916748046875,67.99688720703125,160.55078125,93.34797668457031,0.9897010326385498,-1,-1,-1
00090,2,1145.5565185546875,379.4747619628906,380.5797119140625,231.05368041992188,0.9995217323303223,-1,-1,-1
00091,2,1122.7310791015625,357.4368591308594,396.253662109375,230.30184936523438,0.9983952641487122,-1,-1,-1
00091,2,1219.990478515625,65.23724365234375,143.393798828125,89.12336730957031,0.8853960633277893,-1,-1,-1
00092,2,1075.3326416015625,355.1377868652344,383.100830078125,228.18807983398438,0.9995865225791931,-1,-1,-1
00092,2,1236.541259765625,59.299800872802734,137.59912109375,93.22233963012695,0.9755065441131592,-1,-1,-1
00093,2,1053.5941162109375,348.9726257324219,393.5672607421875,215.53262329101562,0.9993181228637695,-1,-1,-1
00093,2,1260.945556640625,55.497188568115234,117.8192138671875,84.28816604614258,0.9250888824462891,-1,-1,-1
00094,2,1017.1992797851562,331.3443298339844,347.54949951171875,213.33981323242188,0.9991598129272461,-1,-1,-1
00094,2,1272.02197265625,54.76103591918945,113.993408203125,76.54742050170898,0.8981217741966248,-1,-1,-1
00095,2,992.710205078125,309.39013671875,369.6837158203125,212.49298095703125,0.9986780285835266,-1,-1,-1
00095,2,1283.9808349609375,48.05036163330078,104.5723876953125,78.74524688720703,0.9808289408683777,-1,-1,-1
00096,2,935.0841674804688,297.16448974609375,367.70245361328125,205.60049438476562,0.9997109770774841,-1,-1,-1
00096,2,1295.0318603515625,42.461666107177734,97.1519775390625,76.0761604309082,0.9134920835494995,-1,-1,-1
00097,2,909.9972534179688,294.6719970703125,356.89642333984375,196.66748046875,0.9993484616279602,-1,-1,-1
00097,2,1300.8790283203125,34.272308349609375,97.35546875,82.064697265625,0.941569447517395,-1,-1,-1
00098,2,870.4031372070312,288.1376953125,348.15008544921875,194.65399169921875,0.9999121427536011,-1,-1,-1
00098,2,1318.5616455078125,34.15272521972656,82.3314208984375,75.5904769897461,0.9724255800247192,-1,-1,-1
00099,2,853.5576171875,275.5117492675781,346.100830078125,184.68093872070312,0.9995111227035522,-1,-1,-1
00099,2,1323.0628662109375,29.071197509765625,85.242431640625,74.30091857910156,0.9265539646148682,-1,-1,-1
00100,2,800.12939453125,267.72802734375,332.667724609375,184.35122680664062,0.999821126461029,-1,-1,-1
00100,2,1329.8677978515625,25.224855422973633,84.1170654296875,70.28449821472168,0.944974422454834,-1,-1,-1
00101,2,772.893798828125,257.1861267089844,329.8433837890625,180.3297119140625,0.9992848038673401,-1,-1,-1
00101,2,1338.6124267578125,30.509737014770508,72.013916015625,48.70953941345215,0.9463167786598206,-1,-1,-1
00101,2,3.1180617809295654,527.526123046875,130.33701634407043,226.42510986328125,0.8416855931282043,-1,-1,-1
00102,2,720.3031616210938,254.6585693359375,342.86358642578125,171.63876342773438,0.9997583031654358,-1,-1,-1
00102,2,1343.6536865234375,29.323318481445312,68.195068359375,46.82495880126953,0.9609131217002869,-1,-1,-1
00102,2,2.0773491859436035,535.6884155273438,134.17005681991577,216.10626220703125,0.9000632166862488,-1,-1,-1
00103,2,703.5053100585938,251.0714111328125,320.64544677734375,170.16690063476562,0.9990779161453247,-1,-1,-1
00103,2,1350.81591796875,25.336727142333984,61.454345703125,45.48385238647461,0.9722661972045898,-1,-1,-1
00103,2,3.3343310356140137,531.9375610351562,142.49795961380005,217.30548095703125,0.8684343695640564,-1,-1,-1
00104,2,657.2833251953125,242.8363037109375,324.08282470703125,162.78720092773438,0.9995138645172119,-1,-1,-1
00104,2,1357.64990234375,22.516199111938477,56.9010009765625,45.58279991149902,0.9699481129646301,-1,-1,-1
00104,2,-2.2340056896209717,528.538818359375,156.9441955089569,219.98828125,0.9425323605537415,-1,-1,-1
00105,2,643.9398803710938,240.68685913085938,304.0650634765625,155.38909912109375,0.9992250204086304,-1,-1,-1
00105,2,1362.7431640625,21.959945678710938,56.0848388671875,41.655399322509766,0.9792263507843018,-1,-1,-1
00105,2,2.880143404006958,534.460693359375,163.3007037639618,214.04620361328125,0.9408706426620483,-1,-1,-1
00106,2,596.2826538085938,242.0829620361328,310.99993896484375,149.50221252441406,0.9981427192687988,-1,-1,-1
00106,2,1367.2861328125,19.386995315551758,52.521240234375,40.9156551361084,0.9755687117576599,-1,-1,-1
00106,2,0.9294700622558594,548.7359619140625,175.5123634338379,189.13092041015625,0.9524697661399841,-1,-1,-1
00107,2,569.3495483398438,242.5830535888672,295.1219482421875,146.0395965576172,0.9977172613143921,-1,-1,-1
00107,2,1368.336181640625,13.764883041381836,51.392333984375,42.35662269592285,0.9757840633392334,-1,-1,-1
00107,2,4.398186206817627,523.8472900390625,186.42827558517456,221.79364013671875,0.9546850919723511,-1,-1,-1
00108,2,524.1567993164062,246.40806579589844,308.98968505859375,138.6103973388672,0.9983595013618469,-1,-1,-1
00108,2,1372.566650390625,10.792835235595703,49.05029296875,39.776031494140625,0.9662001729011536,-1,-1,-1
00108,2,4.901742458343506,531.3809814453125,202.6459412574768,202.18560791015625,0.9654809236526489,-1,-1,-1
00109,2,506.2926330566406,247.7443084716797,287.8848571777344,128.2020721435547,0.9979739785194397,-1,-1,-1
00109,2,1378.0615234375,10.566558837890625,40.9788818359375,34.555416107177734,0.9548022747039795,-1,-1,-1
00109,2,13.753387451171875,527.2711791992188,200.25941467285156,229.58172607421875,0.9850874543190002,-1,-1,-1
00110,2,472.9591979980469,244.6910858154297,285.6000061035156,125.01390075683594,0.997356653213501,-1,-1,-1
00110,2,11.488609313964844,535.7581176757812,237.92220306396484,210.054931640625,0.9892801642417908,-1,-1,-1
00110,2,1379.4862060546875,11.746321678161621,39.12060546875,28.95333957672119,0.850330650806427,-1,-1,-1
00111,2,450.2763671875,243.12814331054688,271.28814697265625,128.919189453125,0.994090735912323,-1,-1,-1
00111,2,18.670284271240234,522.3770751953125,252.6671485900879,226.3443603515625,0.9618012309074402,-1,-1,-1
00111,2,1378.646240234375,3.6749267578125,39.66259765625,30.047042846679688,0.8053174018859863,-1,-1,-1
00112,2,431.4801940917969,254.70266723632812,246.37045288085938,117.49249267578125,0.9902646541595459,-1,-1,-1
00112,2,15.95627212524414,519.6767578125,263.18737411499023,227.99627685546875,0.903897225856781,-1,-1,-1
00112,2,1378.408935546875,3.929936408996582,39.7388916015625,28.681286811828613,0.8335388898849487,-1,-1,-1
00113,2,397.0628356933594,254.9209747314453,243.43551635742188,116.71620178222656,0.9906705617904663,-1,-1,-1
00113,2,15.912666320800781,517.8467407226562,295.5028610229492,231.33880615234375,0.9626559615135193,-1,-1,-1
00114,2,373.5142822265625,251.7815704345703,241.3697509765625,127.78569030761719,0.9965787529945374,-1,-1,-1
00114,2,27.134286880493164,517.28173828125,301.5670986175537,191.99945068359375,0.9532253742218018,-1,-1,-1
00115,2,344.1564636230469,258.5749816894531,229.85720825195312,120.5992431640625,0.995390772819519,-1,-1,-1
00115,2,40.731204986572266,514.0617065429688,306.55651473999023,198.26617431640625,0.9598610997200012,-1,-1,-1
00116,2,321.3376159667969,256.5443420410156,229.17666625976562,127.12179565429688,0.996586799621582,-1,-1,-1
00116,2,-0.7873051166534424,534.8268432617188,127.16313672065735,116.3116455078125,0.8041128516197205,-1,-1,-1
00116,2,60.19711685180664,522.8316650390625,308.6046714782715,205.89459228515625,0.9213820695877075,-1,-1,-1
00116,7,90.84149169921875,472.0310974121094,303.8096923828125,227.15011596679688,0.891692578792572,-1,-1,-1
00117,2,302.56280517578125,264.2132263183594,213.97796630859375,116.5867919921875,0.9973071813583374,-1,-1,-1
00117,7,66.4458236694336,461.28521728515625,362.6575698852539,234.82061767578125,0.9857935309410095,-1,-1,-1
00118,2,267.9189453125,262.8310546875,218.63034057617188,130.24853515625,0.9978129863739014,-1,-1,-1
00118,2,125.71354675292969,457.7813415527344,329.5134735107422,222.74844360351562,0.9472475051879883,-1,-1,-1
00118,2,-0.8445168137550354,534.6669921875,128.73042684793472,111.41619873046875,0.8119215965270996,-1,-1,-1
00119,2,251.3139190673828,263.1240539550781,206.30357360839844,136.96627807617188,0.9971747398376465,-1,-1,-1
00119,2,130.5260772705078,441.4112243652344,349.63133239746094,218.11111450195312,0.9878702759742737,-1,-1,-1
00120,2,227.7488555908203,271.085693359375,211.2682647705078,136.94931030273438,0.9951204657554626,-1,-1,-1
00120,2,196.66558837890625,427.2420959472656,346.78167724609375,153.85452270507812,0.903612494468689,-1,-1,-1
00121,2,200.08944702148438,291.3576354980469,193.80575561523438,125.73684692382812,0.9989520311355591,-1,-1,-1
00121,2,7.564377307891846,497.091064453125,147.10185194015503,130.0369873046875,0.8383976817131042,-1,-1,-1
00121,7,177.5887908935547,409.69244384765625,377.10389709472656,206.11279296875,0.9315200448036194,-1,-1,-1
00122,2,184.81993103027344,290.41253662109375,190.45521545410156,132.68649291992188,0.9989326596260071,-1,-1,-1
00122,7,209.55621337890625,404.43194580078125,422.89794921875,216.04437255859375,0.9984948635101318,-1,-1,-1
00122,2,8.565515518188477,492.2998352050781,150.46617698669434,135.46212768554688,0.9186199903488159,-1,-1,-1
00123,2,171.2230682373047,297.1507263183594,175.67774963378906,128.75494384765625,0.9971720576286316,-1,-1,-1
00123,2,9.580931663513184,493.9820861816406,159.03419589996338,131.27365112304688,0.9410508275032043,-1,-1,-1
00123,7,205.65977478027344,381.7384338378906,452.2742462158203,232.24008178710938,0.9753340482711792,-1,-1,-1
00124,2,141.30078125,308.3431396484375,166.103515625,128.32611083984375,0.9961177110671997,-1,-1,-1
00124,2,12.99760913848877,482.8050842285156,166.35715770721436,143.67337036132812,0.97525954246521,-1,-1,-1
00124,2,268.4971618652344,355.16778564453125,431.5560607910156,245.26275634765625,0.9107168316841125,-1,-1,-1
00125,2,126.17543029785156,326.8385314941406,165.03807067871094,125.44976806640625,0.998761773109436,-1,-1,-1
00125,2,296.65472412109375,359.4577331542969,438.81195068359375,212.15969848632812,0.9954984188079834,-1,-1,-1
00125,2,12.753243446350098,479.1006774902344,173.46883296966553,146.72280883789062,0.9763259291648865,-1,-1,-1
00126,2,110.30917358398438,333.456298828125,147.26953125,119.03994750976562,0.9561190605163574,-1,-1,-1
00126,2,14.51938247680664,481.78021240234375,176.1595573425293,139.27130126953125,0.9056472182273865,-1,-1,-1
00126,5,356.6974182128906,347.4522705078125,421.8794860839844,226.6641845703125,0.9989853501319885,-1,-1,-1
00127,2,99.47434997558594,335.86199951171875,138.6248321533203,120.428955078125,0.9910238981246948,-1,-1,-1
00127,7,388.2952880859375,326.1504211425781,419.417724609375,232.43295288085938,0.9950457811355591,-1,-1,-1
00127,2,39.23686981201172,470.79840087890625,162.54767608642578,101.27691650390625,0.9098646640777588,-1,-1,-1
00128,2,72.9835433959961,348.4418029785156,145.33368682861328,121.3348388671875,0.9885594248771667,-1,-1,-1
00128,2,34.57938766479492,465.38739013671875,181.3401222229004,115.7069091796875,0.9690686464309692,-1,-1,-1
00128,7,445.6487121582031,304.6201477050781,437.4955139160156,249.53622436523438,0.9776604175567627,-1,-1,-1
00128,2,1183.759765625,-4.936558246612549,51.3585205078125,28.009745121002197,0.9145638942718506,-1,-1,-1
00129,2,1183.03466796875,-1.189516544342041,56.2275390625,27.75523042678833,0.9848489165306091,-1,-1,-1
00129,2,45.218177795410156,460.29296875,175.72441864013672,125.62628173828125,0.9422938227653503,-1,-1,-1
00129,2,55.583160400390625,359.697509765625,139.01197814941406,118.28936767578125,0.9467964768409729,-1,-1,-1
00129,7,496.1046447753906,289.97265625,415.2573547363281,267.1258544921875,0.9942901134490967,-1,-1,-1
00130,2,1182.425048828125,-0.08542574197053909,53.1578369140625,29.57079065591097,0.9808526635169983,-1,-1,-1
00130,2,55.64458084106445,452.8805236816406,182.8277244567871,130.69772338867188,0.9670680165290833,-1,-1,-1
00130,2,30.956676483154297,375.87872314453125,137.84241104125977,116.31021118164062,0.9596337676048279,-1,-1,-1
00130,7,516.8233642578125,287.4855651855469,452.60614013671875,222.57870483398438,0.9940201044082642,-1,-1,-1
00131,2,1176.16357421875,-3.280545711517334,61.2677001953125,34.259488582611084,0.9887265563011169,-1,-1,-1
00131,2,16.2846736907959,389.9669189453125,131.3624973297119,110.37283325195312,0.976807177066803,-1,-1,-1
00131,2,51.92171096801758,434.3516845703125,202.94016647338867,135.31878662109375,0.9609532952308655,-1,-1,-1
00131,7,569.2870483398438,272.9648132324219,443.31884765625,231.75570678710938,0.9982902407646179,-1,-1,-1
00132,2,1174.646728515625,1.6164339780807495,59.116943359375,32.07518208026886,0.9897693395614624,-1,-1,-1
00132,2,77.67501068115234,440.3537902832031,188.9369888305664,126.86087036132812,0.9782669544219971,-1,-1,-1
00132,2,11.044656753540039,402.0122375488281,112.7843074798584,102.99267578125,0.9766488671302795,-1,-1,-1
00132,7,632.4577026367188,242.2976837158203,427.46429443359375,247.1735382080078,0.9994545578956604,-1,-1,-1
00133,2,83.82299041748047,435.76263427734375,206.4629898071289,127.248291015625,0.9963061809539795,-1,-1,-1
00133,2,1169.1639404296875,0.74249267578125,61.05126953125,33.69890594482422,0.9878097772598267,-1,-1,-1
00133,7,658.6343383789062,245.2856903076172,454.64984130859375,219.09107971191406,0.9965280890464783,-1,-1,-1
00133,2,0.3292958736419678,413.5334777832031,99.15317940711975,101.65475463867188,0.9122867584228516,-1,-1,-1
00134,2,91.9760513305664,419.85821533203125,221.77190399169922,136.3436279296875,0.9957529306411743,-1,-1,-1
00134,2,1165.61669921875,0.05063570290803909,67.225341796875,38.24611722677946,0.9902785420417786,-1,-1,-1
00134,2,-0.7608922123908997,417.2518615722656,85.849660217762,102.97793579101562,0.9340624809265137,-1,-1,-1
00134,7,731.2727661132812,229.4329071044922,419.26776123046875,225.9488067626953,0.9993222951889038,-1,-1,-1
00135,2,1161.7650146484375,1.0005306005477905,67.441162109375,38.9146648645401,0.9881464242935181,-1,-1,-1
00135,2,109.67211151123047,410.15673828125,218.97208404541016,137.7391357421875,0.995790958404541,-1,-1,-1
00135,7,761.733642578125,218.9830780029297,410.6790771484375,218.76661682128906,0.9425938129425049,-1,-1,-1
00135,2,1.3732998371124268,428.39031982421875,62.41219210624695,102.5863037109375,0.838299036026001,-1,-1,-1
00136,2,1158.8681640625,0.281982421875,69.3502197265625,40.4647216796875,0.9912080764770508,-1,-1,-1
00136,2,115.89990997314453,397.81280517578125,225.43038177490234,147.55194091796875,0.9935373663902283,-1,-1,-1
00136,7,821.3114624023438,213.0710906982422,407.60113525390625,200.87562561035156,0.999016523361206,-1,-1,-1
00136,2,3.9412119388580322,444.5684509277344,36.17435050010681,81.05923461914062,0.852076530456543,-1,-1,-1
00137,2,149.835693359375,395.0270690917969,211.5906982421875,139.20474243164062,0.9850019812583923,-1,-1,-1
00137,2,1158.5360107421875,1.752424955368042,66.2169189453125,42.82618451118469,0.9721204042434692,-1,-1,-1
00137,5,858.3053588867188,200.24913024902344,384.06781005859375,196.94102478027344,0.9990242719650269,-1,-1,-1
00138,2,170.78797912597656,378.9071960449219,237.40135192871094,146.09622192382812,0.9988337159156799,-1,-1,-1
00138,2,1150.00048828125,1.2893441915512085,75.64990234375,44.13387358188629,0.9524308443069458,-1,-1,-1
00138,7,924.2750854492188,182.5054473876953,360.63873291015625,189.1053009033203,0.9976033568382263,-1,-1,-1
00139,2,1145.05712890625,4.714789867401123,75.3125,44.577377796173096,0.9558733701705933,-1,-1,-1
00139,2,183.24700927734375,370.4728698730469,228.19244384765625,150.23434448242188,0.9987571239471436,-1,-1,-1
00139,5,962.6680908203125,173.5346221923828,337.8851318359375,192.30210876464844,0.9967756867408752,-1,-1,-1
00140,2,203.53128051757812,363.6514587402344,243.57064819335938,139.38998413085938,0.997381865978241,-1,-1,-1
00140,2,1142.058349609375,-0.6453763246536255,74.011962890625,48.64636814594269,0.955249547958374,-1,-1,-1
00140,7,1011.1761474609375,160.09571838378906,314.60791015625,164.46376037597656,0.9355879426002502,-1,-1,-1
00140,5,1012.8623046875,166.94448852539062,307.5928955078125,175.940673828125,0.9887519478797913,-1,-1,-1
00141,2,234.34974670410156,347.01324462890625,252.44972229003906,137.76324462890625,0.9983667731285095,-1,-1,-1
00141,2,1137.95703125,1.295788049697876,81.9853515625,53.206958532333374,0.9807597994804382,-1,-1,-1
00141,7,1055.0126953125,167.41925048828125,287.810546875,155.03521728515625,0.9909766912460327,-1,-1,-1
00142,2,249.14251708984375,332.0404357910156,251.92257690429688,153.13992309570312,0.9995629191398621,-1,-1,-1
00142,2,1133.462158203125,1.6425617933273315,81.82861328125,59.07992660999298,0.9926053285598755,-1,-1,-1
00142,5,1095.8704833984375,170.71376037597656,268.6500244140625,146.2062225341797,0.9950507283210754,-1,-1,-1
00143,2,283.4823303222656,316.0092468261719,248.23593139648438,155.7698974609375,0.9994252920150757,-1,-1,-1
00143,2,1128.992919921875,2.199272632598877,88.7724609375,57.33697462081909,0.993747353553772,-1,-1,-1
00143,5,1133.010009765625,161.46420288085938,244.466064453125,141.19677734375,0.9934733510017395,-1,-1,-1
00144,2,1119.7027587890625,2.131875991821289,92.851318359375,60.75435829162598,0.9974700212478638,-1,-1,-1
00144,2,311.203369140625,321.7083740234375,258.15411376953125,137.60089111328125,0.9959375858306885,-1,-1,-1
00144,5,1154.4105224609375,143.74082946777344,230.8704833984375,149.49949645996094,0.9471361637115479,-1,-1,-1
00145,2,337.9580993652344,304.5235290527344,263.0505065917969,139.8682861328125,0.9991135001182556,-1,-1,-1
00145,2,1118.3187255859375,9.414965629577637,88.466552734375,53.76036548614502,0.9948540329933167,-1,-1,-1
00145,2,1719.6572265625,718.876708984375,209.586181640625,187.34039306640625,0.8492352366447449,-1,-1,-1
00146,2,371.72198486328125,283.29803466796875,286.127685546875,141.59884643554688,0.9989060163497925,-1,-1,-1
00146,2,1110.2735595703125,3.679856538772583,96.7164306640625,63.48322939872742,0.9899582266807556,-1,-1,-1
00146,2,1707.186767578125,711.7463989257812,213.45361328125,178.908935546875,0.9179445505142212,-1,-1,-1
00146,2,1202.091552734375,132.893798828125,227.88623046875,129.55807495117188,0.9913767576217651,-1,-1,-1
00147,2,400.31439208984375,271.3746337890625,278.8016357421875,142.79843139648438,0.9993472695350647,-1,-1,-1
00147,2,1677.390625,706.1441040039062,233.795654296875,175.37554931640625,0.9857590198516846,-1,-1,-1
00147,2,1111.4918212890625,1.078843355178833,92.810302734375,65.97008395195007,0.9835837483406067,-1,-1,-1
00147,2,1231.708251953125,118.28243255615234,197.4979248046875,132.5954818725586,0.9637767672538757,-1,-1,-1
00148,2,435.4383544921875,267.0889587402344,293.83941650390625,131.06643676757812,0.9996999502182007,-1,-1,-1
00148,2,1659.8504638671875,698.092041015625,231.5374755859375,186.54522705078125,0.9746599793434143,-1,-1,-1
00148,2,1107.4986572265625,5.903602123260498,96.465087890625,64.49041032791138,0.9308341145515442,-1,-1,-1
00148,2,1252.0372314453125,112.08850860595703,194.260498046875,128.84944915771484,0.9700121879577637,-1,-1,-1
00149,2,478.94622802734375,252.84019470214844,264.70196533203125,135.33961486816406,0.9991758465766907,-1,-1,-1
00149,2,1652.857666015625,686.4219970703125,237.5894775390625,197.89324951171875,0.9619528651237488,-1,-1,-1
00149,2,1278.9658203125,110.17452239990234,174.25732421875,118.7830581665039,0.9667618274688721,-1,-1,-1
00149,2,1102.1822509765625,5.417668342590332,99.7020263671875,69.42644786834717,0.937864363193512,-1,-1,-1
00150,2,515.168701171875,246.37551879882812,282.5269775390625,133.98477172851562,0.9987710118293762,-1,-1,-1
00150,2,1299.69287109375,92.97422790527344,155.546142578125,121.74394226074219,0.9930217862129211,-1,-1,-1
00150,2,1097.9044189453125,7.481055736541748,91.813232421875,70.72966051101685,0.9383252263069153,-1,-1,-1
00150,2,1611.20263671875,673.5858154296875,263.092041015625,205.75787353515625,0.9584910273551941,-1,-1,-1
00151,2,551.77880859375,234.2094268798828,278.24456787109375,130.39149475097656,0.9979498982429504,-1,-1,-1
00151,2,1584.2169189453125,669.9146728515625,268.6038818359375,191.63922119140625,0.9829716086387634,-1,-1,-1
00151,2,1092.4732666015625,3.031205415725708,98.3587646484375,77.97493624687195,0.9498082995414734,-1,-1,-1
00151,2,1312.9332275390625,87.64220428466797,152.0552978515625,119.61920928955078,0.9512127041816711,-1,-1,-1
00152,2,591.4818725585938,216.27691650390625,294.3048095703125,130.253173828125,0.9970878958702087,-1,-1,-1
00152,2,1087.241943359375,6.098010540008545,97.6512451171875,76.37659883499146,0.9695353507995605,-1,-1,-1
00152,2,1334.3555908203125,81.33512878417969,137.953125,118.58944702148438,0.956732451915741,-1,-1,-1
00152,2,1556.270263671875,666.4028930664062,286.4669189453125,190.8773193359375,0.910629391670227,-1,-1,-1
00153,2,629.6768188476562,208.29176330566406,277.50537109375,119.49128723144531,0.9993461966514587,-1,-1,-1
00153,2,1078.5257568359375,7.621201992034912,111.20654296875,76.9090485572815,0.9885207414627075,-1,-1,-1
00153,2,1526.6636962890625,653.8842163085938,296.1104736328125,189.73138427734375,0.9561097025871277,-1,-1,-1
00153,2,1345.3668212890625,79.39523315429688,126.90625,110.94476318359375,0.9109362363815308,-1,-1,-1
00154,2,667.407958984375,196.8695068359375,284.73211669921875,123.74301147460938,0.9974748492240906,-1,-1,-1
00154,2,1073.6729736328125,7.022200584411621,114.19921875,79.8342981338501,0.9882113337516785,-1,-1,-1
00154,2,1490.1395263671875,645.08056640625,299.848388671875,189.1693115234375,0.9923702478408813,-1,-1,-1
00154,2,1355.3924560546875,74.87263488769531,117.0384521484375,106.73738098144531,0.8589991927146912,-1,-1,-1
00155,2,719.1868896484375,187.0416717529297,258.0477294921875,122.93818664550781,0.9979115128517151,-1,-1,-1
00155,2,1072.028076171875,8.704798698425293,107.118408203125,78.82046222686768,0.9895477294921875,-1,-1,-1
00155,2,1367.3145751953125,67.46137237548828,105.1221923828125,105.8781967163086,0.9262862205505371,-1,-1,-1
00155,2,1459.74609375,627.8273315429688,303.0264892578125,196.2166748046875,0.8915894627571106,-1,-1,-1
00156,2,750.302978515625,180.71417236328125,271.95611572265625,121.42156982421875,0.9951086640357971,-1,-1,-1
00156,2,1065.6923828125,9.333942413330078,119.0833740234375,79.41188430786133,0.9740904569625854,-1,-1,-1
00156,2,1419.0716552734375,627.8580322265625,308.5146484375,184.661865234375,0.9370611310005188,-1,-1,-1
00157,2,796.8947143554688,172.0453338623047,251.80865478515625,113.65971374511719,0.9975201487541199,-1,-1,-1
00157,2,1382.3575439453125,595.0617065429688,324.3773193359375,202.137939453125,0.9814733862876892,-1,-1,-1
00157,2,1061.86279296875,6.976670742034912,124.6507568359375,84.57524728775024,0.9718303084373474,-1,-1,-1
00158,2,832.3742065429688,158.91354370117188,253.40386962890625,117.69039916992188,0.9896149635314941,-1,-1,-1
00158,2,1057.0631103515625,12.423001289367676,118.748046875,80.07648754119873,0.9801214933395386,-1,-1,-1
00158,2,1323.6109619140625,566.8414306640625,341.1370849609375,216.05865478515625,0.8660834431648254,-1,-1,-1
00159,2,872.2518310546875,154.36009216308594,245.9066162109375,104.26155090332031,0.9905902147293091,-1,-1,-1
00159,2,1056.181396484375,12.878829002380371,105.3638916015625,81.26635837554932,0.863028883934021,-1,-1,-1
00160,2,910.7991943359375,141.35330200195312,241.8577880859375,109.38882446289062,0.9974350333213806,-1,-1,-1
00160,2,1049.0172119140625,10.173867225646973,119.2845458984375,86.17453670501709,0.9238409399986267,-1,-1,-1
00160,2,1244.7041015625,536.8038330078125,351.79345703125,223.00634765625,0.9736903309822083,-1,-1,-1
00161,2,957.054443359375,137.5734405517578,222.63330078125,99.66958618164062,0.9962073564529419,-1,-1,-1
00161,2,1195.0399169921875,515.6258544921875,358.2684326171875,205.11822509765625,0.9856454730033875,-1,-1,-1
00161,2,1046.90380859375,15.921619415283203,118.1424560546875,83.28390121459961,0.9528414011001587,-1,-1,-1
00162,2,976.8064575195312,133.37405395507812,225.78155517578125,97.68367004394531,0.9979714751243591,-1,-1,-1
00162,2,1041.384033203125,22.18016242980957,119.084716796875,79.96047019958496,0.9500430822372437,-1,-1,-1
00162,2,1145.4501953125,501.17010498046875,370.0909423828125,194.5526123046875,0.8976262211799622,-1,-1,-1
00162,2,1405.6907958984375,40.7181510925293,79.042724609375,74.48638534545898,0.851172149181366,-1,-1,-1
00163,2,1006.5668334960938,128.50643920898438,208.05877685546875,99.27383422851562,0.9974209070205688,-1,-1,-1
00163,2,1040.92822265625,19.43439292907715,121.105224609375,83.4909839630127,0.9649691581726074,-1,-1,-1
00163,2,1098.2740478515625,482.2645263671875,365.3585205078125,200.45880126953125,0.9741387963294983,-1,-1,-1
00163,2,1405.796630859375,34.590736389160156,78.1063232421875,73.64984130859375,0.8553246855735779,-1,-1,-1
00164,2,1042.6632080078125,122.18913269042969,204.1434326171875,94.27510070800781,0.994013249874115,-1,-1,-1
00164,2,1055.945556640625,465.29852294921875,367.216552734375,207.1326904296875,0.990967333316803,-1,-1,-1
00164,2,1031.0098876953125,17.307693481445312,133.5928955078125,86.27217864990234,0.9864250421524048,-1,-1,-1
00164,2,1411.0567626953125,30.763973236083984,70.406005859375,71.15686416625977,0.9366598129272461,-1,-1,-1
00165,2,1082.158203125,109.96631622314453,192.9443359375,91.15169525146484,0.9993324875831604,-1,-1,-1
00165,2,990.9092407226562,444.3935241699219,387.74761962890625,198.24642944335938,0.9989230036735535,-1,-1,-1
00165,2,1025.3726806640625,18.78095245361328,137.5484619140625,83.63552856445312,0.9895604848861694,-1,-1,-1
00165,2,1413.6207275390625,27.416135787963867,63.603271484375,66.1701602935791,0.9518669247627258,-1,-1,-1
00166,2,955.8960571289062,442.359130859375,356.15423583984375,189.37030029296875,0.9994701743125916,-1,-1,-1
00166,2,1095.328857421875,99.9261474609375,179.6578369140625,94.71766662597656,0.9990078806877136,-1,-1,-1
00166,2,1021.0941772460938,18.964797973632812,139.47308349609375,82.4501724243164,0.9941820502281189,-1,-1,-1
00166,2,17.521547317504883,589.2139282226562,203.29815483093262,145.884033203125,0.9701811075210571,-1,-1,-1
00166,2,1414.5355224609375,27.317222595214844,62.37939453125,64.25445556640625,0.9314973950386047,-1,-1,-1
00167,2,927.3993530273438,417.2054443359375,356.41534423828125,198.98077392578125,0.999421238899231,-1,-1,-1
00167,2,1135.5948486328125,103.25944519042969,161.347900390625,88.36622619628906,0.9976676106452942,-1,-1,-1
00167,2,1017.6986083984375,18.84982681274414,142.0711669921875,81.55746078491211,0.9780077338218689,-1,-1,-1
00167,2,19.91596794128418,588.5670776367188,203.12089729309082,147.627685546875,0.9151557683944702,-1,-1,-1
00167,2,1413.494873046875,24.904211044311523,60.2386474609375,55.158586502075195,0.8632941842079163,-1,-1,-1
00168,2,1148.8060302734375,95.1451187133789,149.8853759765625,85.2721176147461,0.9969859719276428,-1,-1,-1
00168,2,865.7395629882812,407.23944091796875,345.13970947265625,187.304931640625,0.9987988471984863,-1,-1,-1
00168,2,1014.671875,20.97420310974121,143.1973876953125,79.25311470031738,0.9940168857574463,-1,-1,-1
00168,2,1414.401611328125,20.41587257385254,58.6444091796875,55.14950370788574,0.9315422773361206,-1,-1,-1
00168,2,18.53021240234375,586.6260375976562,209.5122528076172,149.636474609375,0.9552308320999146,-1,-1,-1
00169,2,812.6256713867188,385.3265075683594,355.33209228515625,198.42208862304688,0.9970256686210632,-1,-1,-1
00169,2,1182.9765625,92.44393157958984,139.9888916015625,82.57268524169922,0.9952306151390076,-1,-1,-1
00169,2,1007.2200317382812,27.64466667175293,133.58404541015625,79.83884620666504,0.9811971783638,-1,-1,-1
00169,2,20.12887191772461,584.6766357421875,213.46644973754883,149.74755859375,0.962812066078186,-1,-1,-1
00169,2,1408.9422607421875,18.007858276367188,53.379150390625,43.46923828125,0.8453222513198853,-1,-1,-1
00170,2,771.1339721679688,381.6249084472656,347.98101806640625,169.79769897460938,0.9983382225036621,-1,-1,-1
00170,2,1189.4649658203125,88.28018188476562,138.832763671875,76.263427734375,0.9946416616439819,-1,-1,-1
00170,2,1004.7669677734375,28.743755340576172,134.631103515625,78.45382308959961,0.9823975563049316,-1,-1,-1
00170,2,21.77208137512207,578.1839599609375,206.5409984588623,169.30078125,0.9805137515068054,-1,-1,-1
00170,2,1407.027587890625,12.665088653564453,57.3201904296875,47.01806640625,0.9111769795417786,-1,-1,-1
00171,2,1218.0960693359375,82.23312377929688,130.210693359375,74.08155822753906,0.992976725101471,-1,-1,-1
00171,2,24.848953247070312,583.0858764648438,209.4934844970703,152.159423828125,0.9844415783882141,-1,-1,-1
00171,2,724.4618530273438,368.5386962890625,330.63494873046875,168.85369873046875,0.9917358756065369,-1,-1,-1
00171,2,1004.121337890625,26.978618621826172,132.5985107421875,79.87567520141602,0.9396376013755798,-1,-1,-1
00171,2,1406.8521728515625,12.0256986618042,58.8719482421875,44.36930561065674,0.8944054245948792,-1,-1,-1
00171,2,-0.31001603603363037,522.6725463867188,94.245410323143,133.61578369140625,0.8395206928253174,-1,-1,-1
00172,2,28.351978302001953,586.0411987304688,207.48974227905273,157.102783203125,0.9937692284584045,-1,-1,-1
00172,2,683.9984741210938,355.55377197265625,319.06829833984375,167.57598876953125,0.990154504776001,-1,-1,-1
00172,2,989.6802368164062,28.897811889648438,137.21307373046875,81.08624267578125,0.9742850661277771,-1,-1,-1
00172,2,1234.383056640625,77.20814514160156,116.28369140625,75.72390747070312,0.9679070115089417,-1,-1,-1
00172,2,1406.1693115234375,5.143679141998291,62.767333984375,46.892003536224365,0.8769773840904236,-1,-1,-1
00172,2,-0.5128889679908752,520.478515625,93.372538626194,136.3426513671875,0.8685213923454285,-1,-1,-1
00173,2,641.0064697265625,339.4508056640625,317.360595703125,165.04852294921875,0.9899111390113831,-1,-1,-1
00173,2,29.903711318969727,583.7113647460938,206.8396511077881,160.3892822265625,0.9916250109672546,-1,-1,-1
00173,2,984.1807861328125,32.54801940917969,148.0035400390625,74.13668823242188,0.9818561673164368,-1,-1,-1
00173,2,1404.907958984375,7.062941551208496,63.1124267578125,44.18049716949463,0.9622451663017273,-1,-1,-1
00173,2,1250.199462890625,71.81586456298828,119.8056640625,73.2961654663086,0.9592844843864441,-1,-1,-1
00173,2,1181.6556396484375,-2.644888162612915,59.3529052734375,23.923959970474243,0.9012335538864136,-1,-1,-1
00173,2,0.02737635001540184,512.1138305664062,90.43432408943772,133.68780517578125,0.8530316948890686,-1,-1,-1
00174,2,27.28525161743164,582.9215698242188,210.2265281677246,161.85137939453125,0.9901610612869263,-1,-1,-1
00174,2,979.5842895507812,28.46976661682129,151.07684326171875,79.86021995544434,0.9848057627677917,-1,-1,-1
00174,2,590.74755859375,341.8810119628906,317.83624267578125,147.049560546875,0.9670047760009766,-1,-1,-1
00174,2,1266.6337890625,68.56208038330078,104.61669921875,72.62928009033203,0.9591692090034485,-1,-1,-1
00174,2,1407.4793701171875,4.646195888519287,51.9412841796875,37.33231592178345,0.9258113503456116,-1,-1,-1
00174,2,1183.291015625,-2.969688892364502,55.2144775390625,25.229078769683838,0.9044154286384583,-1,-1,-1
00175,2,31.864439010620117,581.5296630859375,204.22575569152832,161.626220703125,0.9899175763130188,-1,-1,-1
00175,2,970.224609375,29.74037742614746,154.619384765625,78.68418312072754,0.9899961948394775,-1,-1,-1
00175,2,565.3411865234375,331.8240661621094,293.091064453125,143.40225219726562,0.980903148651123,-1,-1,-1
00175,2,1181.90576171875,-2.44459867477417,59.10107421875,27.79121732711792,0.9627992510795593,-1,-1,-1
00175,2,1406.814208984375,7.184213638305664,54.91357421875,39.5496883392334,0.880429208278656,-1,-1,-1
00175,2,1283.42822265625,63.45478057861328,97.1190185546875,73.5747299194336,0.847629189491272,-1,-1,-1
00175,2,-1.060922622680664,509.2910461425781,92.6122989654541,137.86856079101562,0.8358399868011475,-1,-1,-1
00176,2,30.46756935119629,583.0958251953125,204.48676109313965,160.988525390625,0.9919638633728027,-1,-1,-1
00176,2,959.9199829101562,33.919158935546875,151.21759033203125,76.75411224365234,0.98401939868927,-1,-1,-1
00176,2,1182.7608642578125,-0.696364164352417,57.7266845703125,28.673784971237183,0.9736337065696716,-1,-1,-1
00176,2,523.9696044921875,324.2018127441406,283.84393310546875,137.78329467773438,0.9696911573410034,-1,-1,-1
00176,2,-1.6321622133255005,507.518798828125,96.1303082704544,140.5115966796875,0.8894361853599548,-1,-1,-1
00176,2,1404.178955078125,2.541996955871582,51.187744140625,34.010993003845215,0.8462642431259155,-1,-1,-1
00177,2,31.63631820678711,582.1392211914062,202.63042068481445,161.84393310546875,0.9938756823539734,-1,-1,-1
00177,2,951.6727294921875,32.89274978637695,162.218994140625,75.72614669799805,0.9904158115386963,-1,-1,-1
00177,2,495.9819641113281,324.1449890136719,273.0779724121094,132.17620849609375,0.9876158833503723,-1,-1,-1
00177,2,1180.55810546875,-2.434246301651001,58.8363037109375,31.95566964149475,0.9816840291023254,-1,-1,-1
00177,2,1298.4290771484375,61.66428756713867,91.8543701171875,58.93394088745117,0.9703642725944519,-1,-1,-1
00177,2,-2.5822253227233887,506.2384948730469,97.53500699996948,144.36880493164062,0.9182960987091064,-1,-1,-1
00177,2,1403.865478515625,2.453542709350586,47.64453125,31.592557907104492,0.8956112861633301,-1,-1,-1
00178,2,32.83237075805664,583.2783813476562,201.52599716186523,160.12530517578125,0.9950997233390808,-1,-1,-1
00178,2,1177.0628662109375,-3.403261661529541,62.207275390625,33.905460834503174,0.9905445575714111,-1,-1,-1
00178,2,458.1962890625,315.509033203125,254.1114501953125,127.25079345703125,0.9868893623352051,-1,-1,-1
00178,2,947.6614379882812,30.45096778869629,168.72088623046875,81.74324607849121,0.9927772283554077,-1,-1,-1
00178,2,1314.2998046875,56.69424057006836,81.41845703125,59.30022048950195,0.9738677740097046,-1,-1,-1
00178,2,-3.2017710208892822,504.4457092285156,101.35750222206116,148.13735961914062,0.9196154475212097,-1,-1,-1
00178,2,1402.8853759765625,2.36480712890625,47.814697265625,31.006622314453125,0.9002265334129333,-1,-1,-1
00179,2,32.40549087524414,584.5386352539062,202.02598190307617,158.3748779296875,0.9948340654373169,-1,-1,-1
00179,2,1176.871337890625,0.25912943482398987,60.0394287109375,30.95732221007347,0.9911983609199524,-1,-1,-1
00179,2,428.1469421386719,315.582275390625,239.55319213867188,123.71466064453125,0.9911646246910095,-1,-1,-1
00179,2,1320.662841796875,51.5630989074707,78.570556640625,56.57962417602539,0.9782594442367554,-1,-1,-1
00179,2,927.8200073242188,33.16878128051758,187.53582763671875,81.98599624633789,0.9921661615371704,-1,-1,-1
00179,2,-2.271928548812866,503.2169494628906,106.43934798240662,143.32839965820312,0.9133818745613098,-1,-1,-1
00180,2,389.642822265625,306.0766296386719,228.4888916015625,128.052734375,0.9980006814002991,-1,-1,-1
00180,2,32.559139251708984,585.8707885742188,202.10681533813477,156.16265869140625,0.9943110942840576,-1,-1,-1
00180,2,1171.6119384765625,2.307938814163208,58.5054931640625,32.1417338848114,0.9785370826721191,-1,-1,-1
00180,2,1320.447509765625,45.43667221069336,84.880615234375,55.9997444152832,0.9583655595779419,-1,-1,-1
00180,2,-1.3797720670700073,506.19781494140625,97.27534091472626,142.0260009765625,0.8994194269180298,-1,-1,-1
00180,2,912.4021606445312,35.775779724121094,200.28778076171875,82.5093994140625,0.9939906597137451,-1,-1,-1
00181,2,30.9117431640625,583.0984497070312,206.86021423339844,160.49591064453125,0.9957661628723145,-1,-1,-1
00181,2,373.4582824707031,313.5311584472656,205.18325805664062,114.85748291015625,0.996548593044281,-1,-1,-1
00181,2,1168.65576171875,1.2702590227127075,63.7386474609375,34.829087138175964,0.9816762208938599,-1,-1,-1
00181,2,903.5448608398438,38.11213684082031,187.22882080078125,83.27728271484375,0.9848834872245789,-1,-1,-1
00181,2,-0.9950650930404663,508.4113464355469,95.27704751491547,138.63558959960938,0.9010137915611267,-1,-1,-1
00181,2,1327.3050537109375,39.722476959228516,79.1942138671875,56.50673294067383,0.8989659547805786,-1,-1,-1
00182,2,30.898508071899414,583.9622802734375,206.8914852142334,159.23516845703125,0.9944576025009155,-1,-1,-1
00182,2,338.1714782714844,314.1702575683594,201.53402709960938,115.19985961914062,0.9971964359283447,-1,-1,-1
00182,2,1169.2705078125,3.491750717163086,60.8834228515625,32.505971908569336,0.9679527878761292,-1,-1,-1
00182,2,1332.7911376953125,34.535133361816406,75.4744873046875,59.68122100830078,0.9220830202102661,-1,-1,-1
00182,2,-1.3917231559753418,508.9420166015625,97.11811780929565,138.5562744140625,0.885842502117157,-1,-1,-1
00182,2,901.308349609375,35.90127944946289,184.3275146484375,90.64491653442383,0.9870915412902832,-1,-1,-1
00183,2,31.36158561706543,583.48583984375,205.7262897491455,160.613525390625,0.9951735138893127,-1,-1,-1
00183,2,307.60406494140625,315.67279052734375,190.18768310546875,114.99856567382812,0.9962981343269348,-1,-1,-1
00183,2,1163.6922607421875,2.055006742477417,66.89306640625,36.1959011554718,0.9762020707130432,-1,-1,-1
00183,2,1335.2396240234375,31.60724449157715,71.0772705078125,49.93071174621582,0.9331327676773071,-1,-1,-1
00183,2,-0.987048327922821,508.3623962402344,98.01340025663376,139.26516723632812,0.8913524746894836,-1,-1,-1
00183,2,874.2422485351562,42.35053253173828,178.67254638671875,88.7861557006836,0.9823759198188782,-1,-1,-1
00184,2,277.7236022949219,321.1021423339844,180.49301147460938,110.88461303710938,0.9985693693161011,-1,-1,-1
00184,2,32.63969802856445,583.540283203125,204.89121627807617,159.781982421875,0.9939939379692078,-1,-1,-1
00184,2,1338.851318359375,29.562166213989258,67.7210693359375,49.82852745056152,0.950018584728241,-1,-1,-1
00184,2,1163.1676025390625,0.780487060546875,65.7938232421875,39.174461364746094,0.9767038822174072,-1,-1,-1
00184,2,-0.3799945116043091,512.847412109375,104.49348938465118,136.53570556640625,0.8908268213272095,-1,-1,-1
00184,2,864.8107299804688,39.404579162597656,172.49945068359375,102.16266632080078,0.985713005065918,-1,-1,-1
00184,7,866.5137939453125,37.27129364013672,199.9117431640625,94.90218353271484,0.9579266905784607,-1,-1,-1
00185,2,244.15362548828125,331.9159240722656,176.59262084960938,106.05435180664062,0.9974243640899658,-1,-1,-1
00185,2,32.27035903930664,584.359619140625,205.37426376342773,158.7515869140625,0.9907011985778809,-1,-1,-1
00185,2,1344.209716796875,24.9913272857666,64.65625,49.96380424499512,0.9868258833885193,-1,-1,-1
00185,2,1161.0169677734375,3.027895450592041,68.16845703125,39.546693325042725,0.9814504384994507,-1,-1,-1
00185,2,-1.719998836517334,502.3056335449219,108.26622533798218,143.98953247070312,0.8494547605514526,-1,-1,-1
00185,2,839.1429443359375,47.12691116333008,211.8502197265625,97.58866500854492,0.9815333485603333,-1,-1,-1
00186,2,215.2912139892578,338.8301086425781,165.97373962402344,103.25314331054688,0.9982848763465881,-1,-1,-1
00186,2,1352.38134765625,20.833879470825195,55.098388671875,47.71612358093262,0.9837918281555176,-1,-1,-1
00186,2,32.22859573364258,585.2461547851562,206.4904899597168,156.731689453125,0.9887542724609375,-1,-1,-1
00186,2,1158.5986328125,2.083881139755249,68.0006103515625,41.800968408584595,0.9748631715774536,-1,-1,-1
00186,2,822.7152099609375,49.84134292602539,204.1505126953125,94.67943954467773,0.991168737411499,-1,-1,-1
00186,2,-2.2736594676971436,494.76007080078125,97.67762064933777,141.8338623046875,0.874488353729248,-1,-1,-1
00187,2,193.39723205566406,340.9874267578125,157.6249542236328,102.60882568359375,0.9933820962905884,-1,-1,-1
00187,2,1356.239990234375,16.132789611816406,48.838623046875,48.430301666259766,0.9828847646713257,-1,-1,-1
00187,2,33.051334381103516,584.0947875976562,204.61974716186523,148.3140869140625,0.9954054355621338,-1,-1,-1
00187,2,1150.810302734375,5.843177318572998,76.6734619140625,42.37007188796997,0.9680286645889282,-1,-1,-1
00187,2,-2.15511417388916,503.9374694824219,100.42717838287354,144.29061889648438,0.8273409605026245,-1,-1,-1
00187,2,813.4927368164062,48.97215270996094,199.22125244140625,98.58528137207031,0.9500419497489929,-1,-1,-1
00188,2,166.0779266357422,344.1085510253906,152.35520935058594,101.17764282226562,0.998846173286438,-1,-1,-1
00188,2,33.270599365234375,584.2544555664062,204.18898010253906,156.39691162109375,0.9951847195625305,-1,-1,-1
00188,2,1354.176025390625,14.680516242980957,51.851318359375,47.9844388961792,0.9836105108261108,-1,-1,-1
00188,2,1150.3294677734375,1.73126220703125,74.04736328125,44.40902328491211,0.9542738199234009,-1,-1,-1
00188,2,0.015299870632588863,488.4689025878906,99.01239483151585,148.82681274414062,0.833871066570282,-1,-1,-1
00188,2,784.9095458984375,58.23362731933594,206.072021484375,96.76655578613281,0.9747530817985535,-1,-1,-1
00189,2,145.12759399414062,352.44915771484375,147.02615356445312,101.54226684570312,0.9980905652046204,-1,-1,-1
00189,2,1353.483642578125,10.06738567352295,51.472900390625,46.41621112823486,0.9875182509422302,-1,-1,-1
00189,2,34.59379196166992,585.7586059570312,200.85626602172852,156.2767333984375,0.9963678121566772,-1,-1,-1
00189,2,775.2916870117188,61.694602966308594,215.83697509765625,93.16120147705078,0.9989000558853149,-1,-1,-1
00189,2,1146.1864013671875,4.162550449371338,73.855712890625,46.188424587249756,0.9558537602424622,-1,-1,-1
00190,2,1354.0596923828125,7.831773281097412,49.947265625,45.27426767349243,0.9893263578414917,-1,-1,-1
00190,2,31.556421279907227,585.924560546875,204.11118125915527,155.970703125,0.9861830472946167,-1,-1,-1
00190,2,117.17261505126953,354.5287170410156,136.6326675415039,108.608642578125,0.9938126802444458,-1,-1,-1
00190,2,1138.869384765625,5.767012596130371,79.746337890625,46.81144046783447,0.965205192565918,-1,-1,-1
00190,2,748.35693359375,62.214237213134766,206.88433837890625,98.68835067749023,0.9945306181907654,-1,-1,-1
00191,2,92.48120880126953,378.58160400390625,136.1221694946289,96.72360229492188,0.9942576885223389,-1,-1,-1
00191,2,34.07708740234375,584.2989501953125,203.4623565673828,157.44000244140625,0.9826023578643799,-1,-1,-1
00191,2,1134.643310546875,-0.3757183253765106,87.808837890625,53.733739107847214,0.9672735333442688,-1,-1,-1
00191,2,1354.386962890625,9.286545753479004,48.4141845703125,37.97307872772217,0.9316054582595825,-1,-1,-1
00191,2,735.6248779296875,58.05876541137695,224.80047607421875,106.03898239135742,0.9977401494979858,-1,-1,-1
00192,2,32.10826110839844,586.2977905273438,206.4321746826172,154.2181396484375,0.9814777374267578,-1,-1,-1
00192,2,72.00287628173828,381.08587646484375,122.6607894897461,100.09420776367188,0.9846060276031494,-1,-1,-1
00192,2,1134.42919921875,5.361293315887451,81.7015380859375,50.708412647247314,0.9756529927253723,-1,-1,-1
00192,2,707.2200317382812,56.78910827636719,230.27813720703125,114.45829772949219,0.8874980211257935,-1,-1,-1
00193,2,29.21840476989746,585.5165405273438,208.3811740875244,157.66302490234375,0.9870885014533997,-1,-1,-1
00193,2,1128.5999755859375,0.677490234375,89.932861328125,57.71494674682617,0.9912430047988892,-1,-1,-1
00193,2,45.974266052246094,389.0980529785156,121.38536834716797,95.904052734375,0.9531773924827576,-1,-1,-1
00193,2,1354.85302734375,5.427492618560791,40.62939453125,28.346803188323975,0.8759721517562866,-1,-1,-1
00193,2,685.1604614257812,85.11872863769531,230.02008056640625,94.30966186523438,0.9771047234535217,-1,-1,-1
00194,2,27.483901977539062,579.1514892578125,212.71408081054688,161.3770751953125,0.9848371148109436,-1,-1,-1
00194,2,1354.7808837890625,3.916590929031372,43.93798828125,30.610901594161987,0.9600681662559509,-1,-1,-1
00194,2,1125.4969482421875,-0.24986854195594788,89.5206298828125,60.9926053583622,0.9956457018852234,-1,-1,-1
00194,7,662.9375610351562,82.55077362060547,228.5487060546875,101.50215911865234,0.9432172179222107,-1,-1,-1
00195,2,27.643516540527344,580.2127075195312,212.44271087646484,164.583984375,0.9794765114784241,-1,-1,-1
00195,2,1355.09130859375,3.712252140045166,41.545166015625,28.12704038619995,0.9025497436523438,-1,-1,-1
00195,2,1118.09716796875,6.224423885345459,94.4656982421875,55.36690378189087,0.9923688769340515,-1,-1,-1
00195,7,647.7877197265625,88.04151153564453,225.30291748046875,95.30730438232422,0.9934267997741699,-1,-1,-1
00196,2,26.51889991760254,580.7089233398438,212.8624782562256,161.72149658203125,0.9794544577598572,-1,-1,-1
00196,2,1354.40234375,4.303612232208252,42.6224365234375,26.650540828704834,0.9173271059989929,-1,-1,-1
00196,7,625.148681640625,89.25948333740234,219.497314453125,109.57056427001953,0.9877449870109558,-1,-1,-1
00196,2,1118.1434326171875,1.9098604917526245,89.866943359375,61.888906598091125,0.9888355135917664,-1,-1,-1
00197,2,26.53032112121582,576.7166137695312,213.75921440124512,164.017822265625,0.9525396227836609,-1,-1,-1
00197,2,1113.456298828125,5.988147258758545,92.1966552734375,56.120731830596924,0.9909935593605042,-1,-1,-1
00197,2,1357.004638671875,4.902191162109375,39.580322265625,23.307106018066406,0.9008127450942993,-1,-1,-1
00197,2,2.006228446960449,453.25836181640625,185.438702583313,126.46295166015625,0.8618016242980957,-1,-1,-1
00197,7,585.505859375,91.50090026855469,242.188720703125,119.29768371582031,0.9715509414672852,-1,-1,-1
00198,2,28.637283325195312,577.3995361328125,214.0847625732422,161.71612548828125,0.9808450937271118,-1,-1,-1
00198,2,1.2905464172363281,439.0962829589844,197.07867050170898,129.75656127929688,0.9735087156295776,-1,-1,-1
00198,2,1108.5068359375,3.726231575012207,96.286376953125,62.84943675994873,0.9838820695877075,-1,-1,-1
00198,7,561.3349609375,93.30903625488281,251.62298583984375,125.46990966796875,0.9866275191307068,-1,-1,-1
00199,2,29.135847091674805,579.9945068359375,213.37480354309082,159.1461181640625,0.96513432264328,-1,-1,-1
00199,2,10.396661758422852,432.6208190917969,202.44135093688965,121.82644653320312,0.9636526703834534,-1,-1,-1
00199,2,1357.1376953125,3.904865026473999,38.9769287109375,19.321251153945923,0.862774670124054,-1,-1,-1
00199,2,1109.033935546875,6.976705551147461,93.6011962890625,61.940141677856445,0.9774640202522278,-1,-1,-1
00199,7,538.2122192382812,107.37673950195312,238.1650390625,118.06407165527344,0.9887198805809021,-1,-1,-1
00200,2,29.5908203125,578.7052612304688,215.61534118652344,158.61041259765625,0.9820613265037537,-1,-1,-1
00200,2,12.942695617675781,413.7471008300781,219.73656463623047,141.94229125976562,0.9652402997016907,-1,-1,-1
00200,2,1103.8602294921875,9.072382926940918,99.4478759765625,63.77306079864502,0.9723835587501526,-1,-1,-1
00200,7,517.6397705078125,107.69640350341797,236.30548095703125,122.54544830322266,0.955547034740448,-1,-1,-1
00201,2,32.55186462402344,577.9857177734375,211.03904724121094,153.74761962890625,0.9788691401481628,-1,-1,-1
00201,2,16.594804763793945,404.3598937988281,234.98783683776855,160.22622680664062,0.9857703447341919,-1,-1,-1
00201,2,1101.406005859375,8.682685852050781,100.485107421875,62.00785827636719,0.9462278485298157,-1,-1,-1
00201,7,479.7403869628906,115.36419677734375,245.47445678710938,125.55685424804688,0.9518740177154541,-1,-1,-1
00202,2,35.50386047363281,576.8394775390625,216.2495880126953,161.1495361328125,0.9700043201446533,-1,-1,-1
00202,2,22.962270736694336,398.797607421875,248.51478004455566,161.25018310546875,0.974190354347229,-1,-1,-1
00202,2,1103.254638671875,8.345982551574707,95.2745361328125,67.81265544891357,0.913432240486145,-1,-1,-1
00202,7,460.23272705078125,116.56793975830078,234.5255126953125,131.76493072509766,0.9724265933036804,-1,-1,-1
00203,2,34.466529846191406,573.1834106445312,218.03340911865234,168.4215087890625,0.9756980538368225,-1,-1,-1
00203,2,20.492555618286133,382.3240051269531,269.78759574890137,174.68960571289062,0.9979631900787354,-1,-1,-1
00203,2,1093.6436767578125,20.53386878967285,87.1722412109375,56.9716854095459,0.8890783190727234,-1,-1,-1
00203,7,428.99090576171875,118.12384033203125,234.09405517578125,136.91590881347656,0.9673118591308594,-1,-1,-1
00204,2,34.81521224975586,373.0264587402344,277.23874282836914,184.55068969726562,0.993753969669342,-1,-1,-1
00204,2,30.892560958862305,575.7867431640625,218.43252754211426,173.11248779296875,0.9221612811088562,-1,-1,-1
00204,2,1091.042236328125,9.397958755493164,93.0804443359375,69.66102409362793,0.8848749399185181,-1,-1,-1
00204,5,376.1727294921875,129.23245239257812,260.48736572265625,129.67892456054688,0.8970569968223572,-1,-1,-1
00204,7,402.7410583496094,126.96255493164062,229.72116088867188,136.65814208984375,0.8663164377212524,-1,-1,-1
00205,2,36.38311767578125,570.4404907226562,216.92042541503906,177.89251708984375,0.9850302338600159,-1,-1,-1
00205,2,64.73670196533203,364.69744873046875,285.98628997802734,188.8477783203125,0.9993048906326294,-1,-1,-1
00205,2,1090.0577392578125,10.078934669494629,90.4906005859375,71.32348537445068,0.9710389971733093,-1,-1,-1
00205,7,368.4615783691406,140.35096740722656,237.30050659179688,135.1917266845703,0.9290658235549927,-1,-1,-1
00206,2,78.27348327636719,355.125732421875,294.0852813720703,187.2044677734375,0.9993343949317932,-1,-1,-1
00206,2,36.74821090698242,577.1036376953125,220.18442153930664,167.7236328125,0.9804525375366211,-1,-1,-1
00206,2,1086.5863037109375,11.650367736816406,96.9320068359375,70.30291748046875,0.9655572772026062,-1,-1,-1
00206,7,354.5101013183594,150.38336181640625,219.86349487304688,132.72750854492188,0.8739900588989258,-1,-1,-1
00207,2,37.730804443359375,576.2671508789062,217.5992889404297,167.13787841796875,0.9888741970062256,-1,-1,-1
00207,2,105.20222473144531,334.16845703125,300.1770782470703,197.53863525390625,0.998141884803772,-1,-1,-1
00207,2,1084.8975830078125,8.266648292541504,100.9315185546875,74.90844631195068,0.9693213701248169,-1,-1,-1
00207,7,315.14678955078125,148.29986572265625,236.3397216796875,140.5908203125,0.9277451038360596,-1,-1,-1
00208,2,38.074256896972656,577.26513671875,218.70360565185547,163.66253662109375,0.9768142104148865,-1,-1,-1
00208,2,1083.7628173828125,12.292081832885742,102.0938720703125,72.27246284484863,0.9772279858589172,-1,-1,-1
00208,2,131.1223907470703,324.19293212890625,319.69667053222656,190.0255126953125,0.9992826581001282,-1,-1,-1
00209,2,38.44240188598633,577.1807250976562,219.68046188354492,161.7218017578125,0.9882900714874268,-1,-1,-1
00209,2,1081.07373046875,16.890634536743164,102.5498046875,63.45773124694824,0.9621089696884155,-1,-1,-1
00209,2,149.29811096191406,304.5802001953125,314.24082946777344,200.4742431640625,0.9995661377906799,-1,-1,-1
00209,2,298.9175109863281,170.02938842773438,188.09408569335938,125.8348388671875,0.8689355254173279,-1,-1,-1
00210,2,39.79821014404297,580.6216430664062,219.61957550048828,157.42803955078125,0.9926865100860596,-1,-1,-1
00210,2,178.54750061035156,293.7624206542969,333.1062469482422,196.39047241210938,0.9990071654319763,-1,-1,-1
00210,2,1076.7266845703125,12.470609664916992,114.196533203125,72.94981575012207,0.9862344264984131,-1,-1,-1
00210,2,267.0452880859375,196.9168243408203,190.86849975585938,116.03669738769531,0.8294574618339539,-1,-1,-1
