00001,2,146.92014,451.03888,173.515625,120.23614501953125,0.9481668,-1,-1,-1
00001,2,1705.0983,517.4449,842.3299560546875,468.43414306640625,0.9118152,-1,-1,-1
00001,2,30.937178,369.92572,67.59548950195312,49.856414794921875,0.6495603,-1,-1,-1
00002,2,135.61821,447.37817,169.37928771972656,116.29345703125,0.9577144,-1,-1,-1
00002,2,1692.6548,519.11066,844.88037109375,468.90216064453125,0.9143465,-1,-1,-1
00002,2,29.799963,369.30316,67.11820983886719,49.02484130859375,0.60552037,-1,-1,-1
00003,2,133.93378,444.24384,161.0594482421875,111.39117431640625,0.9607306,-1,-1,-1
00003,2,1692.6309,519.302,844.127197265625,469.023681640625,0.9162529,-1,-1,-1
00003,2,28.01494,368.98373,68.27565002441406,48.267852783203125,0.5908433,-1,-1,-1
00004,2,125.5802,442.43457,159.17617797851562,106.5374755859375,0.94935876,-1,-1,-1
00004,2,1692.0488,519.2679,844.7314453125,469.0499267578125,0.9169379,-1,-1,-1
00004,2,26.273323,368.09872,69.61077880859375,47.636444091796875,0.5048872,-1,-1,-1
00005,2,112.71641,436.35522,163.85357666015625,107.01806640625,0.9350243,-1,-1,-1
00005,2,1690.9779,519.5744,844.9202880859375,468.96270751953125,0.91963685,-1,-1,-1
00006,2,1692.5665,519.59064,844.6021728515625,469.15777587890625,0.91865045,-1,-1,-1
00006,2,115.37729,434.4359,151.17721557617188,104.59423828125,0.9167727,-1,-1,-1
00007,2,101.47937,431.06964,156.200439453125,100.00262451171875,0.93817717,-1,-1,-1
00007,2,1693.1605,519.53156,843.7640380859375,468.9154052734375,0.91876626,-1,-1,-1
00008,2,100.979774,426.25375,149.76019287109375,100.34701538085938,0.92288405,-1,-1,-1
00008,2,1693.9082,519.55566,843.890380859375,469.0909423828125,0.91838455,-1,-1,-1
00009,2,92.51408,424.0901,148.26971435546875,99.07550048828125,0.93518347,-1,-1,-1
00009,2,1695.6731,519.0235,844.18603515625,469.61029052734375,0.91873777,-1,-1,-1
00010,2,93.55309,421.8561,139.37466430664062,96.71444702148438,0.958607,-1,-1,-1
00010,2,1695.4788,519.1796,844.26220703125,469.46661376953125,0.91900784,-1,-1,-1
00011,2,84.69736,418.4123,141.53939819335938,94.21978759765625,0.9557775,-1,-1,-1
00011,2,1698.046,520.1371,843.8551025390625,466.682861328125,0.9222872,-1,-1,-1
00012,2,83.89979,415.11145,135.09130859375,93.04119873046875,0.9549264,-1,-1,-1
00012,2,1697.1404,519.94366,844.10205078125,466.9608154296875,0.92088705,-1,-1,-1
00013,2,76.68948,411.28906,134.14822387695312,92.33047485351562,0.96083474,-1,-1,-1
00013,2,1699.0786,518.6736,842.293212890625,467.34979248046875,0.9201605,-1,-1,-1
00014,2,76.7331,411.05557,128.4562759399414,88.5760498046875,0.9688621,-1,-1,-1
00014,2,1699.2434,518.5669,842.38818359375,467.30426025390625,0.9195173,-1,-1,-1
00014,2,1.6791711,686.35876,64.17331314086914,168.457763671875,0.58059764,-1,-1,-1
00015,2,71.98423,408.07297,128.6180191040039,86.85293579101562,0.96733856,-1,-1,-1
00015,2,1699.0023,518.8279,842.5228271484375,467.17987060546875,0.9185637,-1,-1,-1
00015,2,1.6991284,647.9576,119.42523956298828,237.078857421875,0.8618507,-1,-1,-1
00016,2,0.8986273,619.5414,181.97784423828125,301.87945556640625,0.93968105,-1,-1,-1
00016,2,70.6206,406.16397,122.9113540649414,84.06976318359375,0.9395877,-1,-1,-1
00016,2,1699.3497,518.3139,843.2052001953125,467.935791015625,0.9210893,-1,-1,-1
00017,2,2.3755083,594.17834,261.07269287109375,361.276123046875,0.9518595,-1,-1,-1
00017,2,1699.4926,518.3592,843.4127197265625,467.851806640625,0.9218294,-1,-1,-1
00017,2,64.28611,402.5442,121.30902862548828,84.73565673828125,0.90993035,-1,-1,-1
00018,2,0.76905215,603.1112,356.4159851074219,404.61322021484375,0.96253896,-1,-1,-1
00018,2,1699.6068,518.34985,843.3040771484375,467.8289794921875,0.92344207,-1,-1,-1
00018,2,61.70984,400.24884,117.42225646972656,82.63308715820312,0.91055185,-1,-1,-1
00019,2,0.0,626.08655,475.63604736328125,422.9820556640625,0.9722215,-1,-1,-1
00019,2,1699.5311,517.92346,844.0291748046875,468.5235595703125,0.9216882,-1,-1,-1
00019,2,60.619877,398.36642,113.865234375,81.73739624023438,0.9180622,-1,-1,-1
00020,2,0.0,631.2894,612.435546875,459.016845703125,0.9794166,-1,-1,-1
00020,2,57.1975,398.14868,110.54347229003906,78.62847900390625,0.94210577,-1,-1,-1
00020,2,1699.7767,517.6772,843.9752197265625,468.13922119140625,0.92503124,-1,-1,-1
00021,2,0.0,619.18933,769.7176513671875,508.892822265625,0.98644084,-1,-1,-1
00021,2,50.986298,395.27936,111.2138671875,77.55523681640625,0.960575,-1,-1,-1
00021,2,1712.1492,517.76447,838.75439453125,469.4315185546875,0.9113471,-1,-1,-1
00022,2,0.0,632.5196,948.9153442382812,570.6810913085938,0.9794677,-1,-1,-1
00022,2,46.215183,392.35117,111.70480346679688,77.45535278320312,0.9558882,-1,-1,-1
00022,2,1707.6646,518.39264,840.944580078125,468.98760986328125,0.9127777,-1,-1,-1
00023,2,6.1513276,646.4488,1151.9051513671875,609.7594604492188,0.9805001,-1,-1,-1
00023,2,44.037247,391.30765,107.8343505859375,75.85064697265625,0.9537451,-1,-1,-1
00023,2,1699.8689,519.6871,843.05078125,469.04681396484375,0.91623884,-1,-1,-1
00024,2,84.03417,653.89453,1311.7664794921875,683.383544921875,0.9713866,-1,-1,-1
00024,2,45.147526,390.51065,102.33171081542969,72.43350219726562,0.93789774,-1,-1,-1
00024,2,1713.4816,517.83185,837.3338623046875,469.03790283203125,0.91064996,-1,-1,-1
00025,2,42.590126,387.1995,101.83026885986328,74.62051391601562,0.95689136,-1,-1,-1
00025,2,195.90953,669.4399,1474.0814208984375,729.3533325195312,0.9530255,-1,-1,-1
00025,2,1712.9431,516.72314,839.25927734375,471.6226806640625,0.89982706,-1,-1,-1
00026,2,328.1759,706.90393,1670.22412109375,770.921875,0.9796712,-1,-1,-1
00026,2,40.197464,386.0464,98.55389404296875,71.83660888671875,0.9616744,-1,-1,-1
00026,2,1723.4434,513.11884,835.956787109375,470.2247314453125,0.8934777,-1,-1,-1
00027,2,541.4737,717.9422,1817.9482421875,824.8646850585938,0.95736104,-1,-1,-1
00027,2,38.07477,386.17242,95.5848388671875,69.06060791015625,0.94947886,-1,-1,-1
00027,2,1714.1328,515.4692,845.267333984375,468.98992919921875,0.8610492,-1,-1,-1
00028,2,744.99384,736.2963,1808.531005859375,873.4092407226562,0.9643067,-1,-1,-1
00028,2,35.690647,384.34692,91.87710571289062,67.9749755859375,0.9202935,-1,-1,-1
00028,2,1737.9841,522.3037,821.416015625,421.320068359375,0.82830197,-1,-1,-1
00029,2,1007.3143,774.20135,1548.667724609375,808.8419799804688,0.9576771,-1,-1,-1
00029,2,34.26342,383.2994,91.8515853881836,66.34506225585938,0.9381534,-1,-1,-1
00029,2,1727.094,526.44855,832.30615234375,385.86871337890625,0.8587224,-1,-1,-1
00030,2,31.906286,382.5044,90.9361801147461,64.077392578125,0.93389904,-1,-1,-1
00030,2,1295.3267,791.58966,1264.073486328125,777.6555786132812,0.91891724,-1,-1,-1
00030,2,1732.925,510.296,825.86181640625,378.1175231933594,0.7494604,-1,-1,-1
00031,2,1633.1394,849.322,912.4541015625,743.5906982421875,0.9385366,-1,-1,-1
00031,2,30.010035,382.53763,88.89326477050781,61.523681640625,0.90208864,-1,-1,-1
00031,2,1717.5729,517.2777,837.7427978515625,402.819580078125,0.7407069,-1,-1,-1
00032,2,1971.685,836.69073,581.56298828125,823.7138061523438,0.9411863,-1,-1,-1
00032,2,24.85019,379.32916,89.99274444580078,62.96929931640625,0.86255264,-1,-1,-1
00032,2,1703.8748,517.27094,846.90380859375,475.3641357421875,0.8557336,-1,-1,-1
00033,2,1698.3273,516.7315,849.6846923828125,477.80670166015625,0.8949301,-1,-1,-1
00033,2,21.07216,380.946,91.40205383300781,60.0228271484375,0.79058427,-1,-1,-1
00033,2,2336.042,946.1743,223.358154296875,558.8048095703125,0.73399633,-1,-1,-1
00034,2,1703.2363,516.2529,843.57421875,473.02001953125,0.90660155,-1,-1,-1
00034,2,17.606874,379.96762,89.4641342163086,57.9971923828125,0.77571535,-1,-1,-1
00035,2,1704.2952,516.21185,842.859130859375,472.854736328125,0.9089174,-1,-1,-1
00035,2,13.665466,378.42978,92.31758117675781,57.995758056640625,0.6637005,-1,-1,-1
00036,2,1704.4165,515.87366,842.494384765625,472.79815673828125,0.9087027,-1,-1,-1
00036,2,13.869812,379.16217,90.66541290283203,56.041412353515625,0.7098284,-1,-1,-1
00037,2,1705.6139,518.51227,842.1925048828125,470.889404296875,0.9042862,-1,-1,-1
00037,2,10.078644,375.0573,89.74920654296875,57.353729248046875,0.7227433,-1,-1,-1
00038,2,1704.8727,518.2028,842.5189208984375,471.060546875,0.90730006,-1,-1,-1
00038,2,9.793865,371.60504,87.48704528808594,58.043548583984375,0.7863165,-1,-1,-1
00039,2,1705.3817,518.95557,841.0386962890625,469.9552001953125,0.90348834,-1,-1,-1
00039,2,7.402447,370.88464,89.64478302001953,57.461151123046875,0.7760317,-1,-1,-1
00040,2,1705.0404,517.32275,841.7598876953125,471.91754150390625,0.90230125,-1,-1,-1
00040,2,7.712684,371.18265,87.41717529296875,55.371368408203125,0.71658105,-1,-1,-1
00041,2,1691.1133,520.11975,848.1806640625,469.96392822265625,0.91239023,-1,-1,-1
00041,2,9.53234,369.45956,79.31593322753906,54.449859619140625,0.6791622,-1,-1,-1
00042,2,1692.7766,522.80646,846.0048828125,467.34454345703125,0.90972424,-1,-1,-1
00042,2,7.007496,369.2642,79.18183898925781,53.456207275390625,0.71350485,-1,-1,-1
00043,2,1684.2238,520.3815,856.3243408203125,467.408935546875,0.90871185,-1,-1,-1
00043,2,6.449814,369.3543,76.6740493774414,52.4906005859375,0.7317571,-1,-1,-1
00044,2,1684.1577,518.3757,855.3330078125,469.0994873046875,0.93387514,-1,-1,-1
00044,2,7.4788136,368.7048,73.06675720214844,51.741455078125,0.75905675,-1,-1,-1
00045,2,1677.4639,517.1063,860.838134765625,474.2484130859375,0.9112556,-1,-1,-1
00045,2,7.3319163,369.63318,72.22454071044922,48.942840576171875,0.7287279,-1,-1,-1
00046,2,1670.1057,516.0083,867.63134765625,477.61041259765625,0.90685713,-1,-1,-1
00046,2,6.824228,369.55087,71.18394470214844,48.32000732421875,0.6923773,-1,-1,-1
00047,2,1651.838,521.207,884.5611572265625,473.62408447265625,0.878295,-1,-1,-1
00047,2,5.4997787,369.33014,71.09053802490234,47.857757568359375,0.6480057,-1,-1,-1
00048,2,1636.7095,518.2738,901.279541015625,474.224853515625,0.9214566,-1,-1,-1
00048,2,4.0745234,369.08487,71.16259002685547,46.596832275390625,0.719147,-1,-1,-1
00049,2,1629.1952,518.0916,911.8533935546875,468.2283935546875,0.90817213,-1,-1,-1
00049,2,3.899064,368.91562,69.6918716430664,46.118255615234375,0.6751568,-1,-1,-1
00050,2,1611.8401,503.4773,942.81884765625,489.4012451171875,0.9233538,-1,-1,-1
00050,2,3.4749985,367.94077,69.16139221191406,46.78411865234375,0.63637555,-1,-1,-1
00051,2,1580.2261,510.49744,973.630126953125,479.68060302734375,0.90307,-1,-1,-1
00051,2,3.435782,367.78784,69.40164184570312,46.627593994140625,0.50265557,-1,-1,-1
00052,2,1540.3945,512.6617,995.603271484375,483.73699951171875,0.84890753,-1,-1,-1
00053,2,1466.5868,526.0965,1068.1375732421875,469.8292236328125,0.7594014,-1,-1,-1
00054,2,1426.6007,520.2835,1117.5711669921875,472.73388671875,0.75594074,-1,-1,-1
00055,7,1400.1696,524.66656,1159.2305908203125,477.94952392578125,0.6890867,-1,-1,-1
00055,2,1374.7787,528.4387,1178.0091552734375,476.353759765625,0.55459803,-1,-1,-1
00056,7,1334.2776,525.8039,1217.464599609375,477.70819091796875,0.79929477,-1,-1,-1
00057,7,1239.4204,513.91925,1302.250244140625,500.98199462890625,0.76639146,-1,-1,-1
00058,7,1182.7208,514.3999,1343.4464111328125,487.92352294921875,0.83702844,-1,-1,-1
00059,7,1105.2289,521.2759,1398.1932373046875,486.94732666015625,0.85217613,-1,-1,-1
00060,7,1019.27637,522.9677,1394.12841796875,491.32916259765625,0.83572906,-1,-1,-1
00061,7,930.6957,507.86032,1376.3905029296875,507.4520568847656,0.8517272,-1,-1,-1
00062,7,829.60345,500.3711,1390.966064453125,515.0462646484375,0.7081328,-1,-1,-1
00063,7,727.4747,509.08813,1381.897705078125,508.54962158203125,0.7348357,-1,-1,-1
00064,7,625.8974,512.0877,1379.4462890625,501.24090576171875,0.7781286,-1,-1,-1
00065,7,508.31204,514.31165,1373.9405517578125,511.7391357421875,0.84220403,-1,-1,-1
00066,7,383.6189,519.8653,1374.3819580078125,501.23651123046875,0.9429351,-1,-1,-1
00067,7,274.92474,523.5167,1378.205078125,506.99560546875,0.9546738,-1,-1,-1
00068,7,166.19908,522.9906,1363.47509765625,501.79083251953125,0.9243144,-1,-1,-1
00069,7,48.012836,520.5227,1362.656005859375,501.8980712890625,0.91901934,-1,-1,-1
00070,7,0.0,522.81683,1279.6461181640625,498.99884033203125,0.9006922,-1,-1,-1
00071,7,3.3977234,532.4092,1160.8175048828125,488.501220703125,0.90275013,-1,-1,-1
00072,7,3.9145386,527.0788,1043.69677734375,481.48626708984375,0.77274364,-1,-1,-1
00073,7,4.3840075,524.5226,929.0159912109375,485.44805908203125,0.7498691,-1,-1,-1
00073,2,2427.697,622.582,131.703125,278.2491455078125,0.6336694,-1,-1,-1
00073,7,2427.697,622.582,131.703125,278.2491455078125,0.5014769,-1,-1,-1
00074,7,0.0,530.6388,795.977294921875,476.97705078125,0.86465424,-1,-1,-1
00074,2,2325.6697,616.24384,233.73046875,306.59051513671875,0.7420196,-1,-1,-1
00075,7,3.1240263,534.1235,667.6074829101562,477.25341796875,0.80034554,-1,-1,-1
00075,2,2230.3171,598.8924,329.0830078125,374.3203125,0.5836951,-1,-1,-1
00075,7,2226.6997,598.7812,332.700439453125,373.37164306640625,0.5168629,-1,-1,-1
00076,7,0.0,495.14343,557.9881591796875,510.2835693359375,0.609471,-1,-1,-1
00076,7,2117.8923,526.66064,438.11962890625,465.95574951171875,0.58505076,-1,-1,-1
00076,2,2117.8923,526.66064,438.11962890625,465.95574951171875,0.5090302,-1,-1,-1
00077,2,2007.4496,527.02545,546.3807373046875,465.19537353515625,0.7031631,-1,-1,-1
00077,7,2007.4496,527.02545,546.3807373046875,465.19537353515625,0.5621353,-1,-1,-1
00077,7,13.006055,608.17456,431.9730529785156,399.942138671875,0.5047912,-1,-1,-1
00078,2,1899.1711,511.957,656.863525390625,467.0898742675781,0.86538815,-1,-1,-1
00078,2,0.0,602.19855,315.2054748535156,324.07763671875,0.50603265,-1,-1,-1
00079,2,1759.8281,511.66275,779.79541015625,469.7914733886719,0.82241696,-1,-1,-1
00079,7,3.2272763,617.9007,182.5676727294922,305.98577880859375,0.56902516,-1,-1,-1
00079,2,0.13971005,594.88916,181.3197479248047,328.94805908203125,0.5217241,-1,-1,-1
00080,2,1643.0219,508.59674,899.5780029296875,478.91583251953125,0.9132552,-1,-1,-1
00081,2,1512.694,515.99664,1019.4339599609375,471.47943115234375,0.85333115,-1,-1,-1
00082,7,1393.3273,519.0822,1166.0628662109375,482.5908203125,0.7414043,-1,-1,-1
00082,2,1370.673,520.6116,1177.0296630859375,484.76031494140625,0.5347549,-1,-1,-1
00083,2,0.12347489,941.5344,139.70484924316406,360.0675048828125,0.9083855,-1,-1,-1
00083,7,1244.6638,506.50806,1305.6279296875,502.01318359375,0.7548032,-1,-1,-1
00084,2,0.0,828.7126,457.9187316894531,629.9293823242188,0.9594912,-1,-1,-1
00084,7,1127.9736,516.4098,1365.406005859375,486.577392578125,0.8495913,-1,-1,-1
00085,2,11.304053,726.00366,766.0885009765625,832.5784912109375,0.96001685,-1,-1,-1
00085,7,1001.727,504.6521,1360.0986328125,504.0872802734375,0.7607147,-1,-1,-1
00086,2,1.2448059,725.37305,1128.3145751953125,829.394775390625,0.98411787,-1,-1,-1
00086,7,841.59644,501.4158,1372.754150390625,498.5934753417969,0.7513739,-1,-1,-1
00087,2,9.424072,755.45746,1492.234375,804.0786743164062,0.91973037,-1,-1,-1
00087,7,716.7331,516.3413,1324.590576171875,478.6075439453125,0.75797474,-1,-1,-1
00088,2,0.0,734.243,1958.256591796875,844.2201538085938,0.91739625,-1,-1,-1
00088,7,782.3759,509.58298,1120.8681640625,447.0489807128906,0.6927268,-1,-1,-1
00089,2,229.09018,639.7911,2109.398681640625,919.0449829101562,0.8503283,-1,-1,-1
00090,2,653.87213,683.2788,1905.528076171875,874.337158203125,0.9144269,-1,-1,-1
00090,2,269.58142,532.08234,943.7496337890625,466.52490234375,0.6834923,-1,-1,-1
00091,2,1059.505,691.6126,1499.8951416015625,857.1964721679688,0.92317045,-1,-1,-1
00091,7,106.3411,522.32153,1340.7418212890625,496.089599609375,0.81940055,-1,-1,-1
00091,2,2446.4856,629.2129,112.91455078125,177.4227294921875,0.62350494,-1,-1,-1
00092,2,1450.3534,686.12396,1109.0467529296875,849.3348999023438,0.9193149,-1,-1,-1
00092,7,0.0,525.41455,1319.688720703125,506.546875,0.9136343,-1,-1,-1
00093,2,1819.1937,669.6519,732.1595458984375,876.3087768554688,0.8990049,-1,-1,-1
00093,7,14.760929,518.53534,1169.8309326171875,489.873779296875,0.873677,-1,-1,-1
00093,2,2229.0515,528.7119,330.3486328125,170.059814453125,0.7874747,-1,-1,-1
00094,2,2105.2593,536.45795,452.175537109375,281.1358642578125,0.912354,-1,-1,-1
00094,2,2218.5264,696.6031,340.873779296875,712.1677856445312,0.9121591,-1,-1,-1
00094,7,3.403409,528.27435,1020.4542846679688,480.28448486328125,0.8548257,-1,-1,-1
00095,2,1996.406,528.22943,560.90576171875,303.98895263671875,0.9725645,-1,-1,-1
00095,7,8.55,531.0909,857.92138671875,470.81591796875,0.8568031,-1,-1,-1
00096,2,1894.7657,506.25052,664.6343994140625,325.0246887207031,0.97562885,-1,-1,-1
00096,7,0.0,538.90924,711.4810180664062,475.7991943359375,0.8358278,-1,-1,-1
00097,2,1779.3761,513.7336,780.0240478515625,321.34210205078125,0.9635669,-1,-1,-1
00097,2,0.0,543.82983,155.6884307861328,130.24298095703125,0.5839658,-1,-1,-1
00097,7,0.0,590.9161,559.6698608398438,423.16265869140625,0.56749356,-1,-1,-1
00098,2,1675.5984,508.39114,883.8017578125,325.6293640136719,0.9632439,-1,-1,-1
00098,7,5.26615,614.43054,420.8221740722656,395.531494140625,0.6532746,-1,-1,-1
00099,2,1576.7157,512.5468,925.8778076171875,324.11883544921875,0.9511852,-1,-1,-1
00100,2,1473.1879,511.5587,913.2401123046875,325.1437683105469,0.94347787,-1,-1,-1
00101,2,1370.5619,511.01395,906.8580322265625,324.9347229003906,0.94732344,-1,-1,-1
00102,2,1267.1075,513.2277,880.6392822265625,321.73345947265625,0.960431,-1,-1,-1
00103,2,1174.6072,506.66196,893.00048828125,323.9509582519531,0.96092236,-1,-1,-1
00104,2,1076.5082,510.9334,861.480712890625,316.71929931640625,0.9589839,-1,-1,-1
00105,2,989.40344,505.7677,836.4747314453125,322.64215087890625,0.9719425,-1,-1,-1
00106,2,908.0551,512.3319,816.9432983398438,310.025390625,0.978508,-1,-1,-1
00107,2,831.21265,516.3933,797.54833984375,301.32373046875,0.97465026,-1,-1,-1
00107,2,0.65617734,935.65424,176.21444702148438,369.81158447265625,0.93818045,-1,-1,-1
00108,2,3.4148004,815.95374,564.87548828125,612.905029296875,0.9827611,-1,-1,-1
00108,2,755.2929,514.59064,793.2839965820312,298.0087890625,0.9594069,-1,-1,-1
00109,2,0.0,782.3553,941.6808471679688,644.9627075195312,0.97242975,-1,-1,-1
00109,2,685.4603,513.6361,780.9927978515625,302.03338623046875,0.9577416,-1,-1,-1
00110,2,0.0,798.5659,1354.3758544921875,637.7318115234375,0.96442676,-1,-1,-1
00110,2,630.00244,517.10803,748.7401123046875,295.2529296875,0.93892074,-1,-1,-1
00111,2,31.105793,783.8424,1777.0511474609375,668.6756591796875,0.9810254,-1,-1,-1
00111,2,568.37836,515.2995,735.7705688476562,278.0936279296875,0.97319216,-1,-1,-1
00112,2,516.88794,512.08154,704.063232421875,291.84539794921875,0.97127545,-1,-1,-1
00112,2,491.24225,772.5542,1752.597412109375,689.487548828125,0.96278,-1,-1,-1
00113,2,960.5656,739.6705,1597.00390625,718.1913452148438,0.9685412,-1,-1,-1
00113,2,464.92416,513.07697,680.05810546875,290.5401611328125,0.9616784,-1,-1,-1
00114,2,417.34604,508.2394,652.770751953125,292.0646057128906,0.9734744,-1,-1,-1
00114,2,1386.7618,747.6301,1160.0032958984375,684.3885498046875,0.96702015,-1,-1,-1
00115,2,379.8784,506.32837,621.4600830078125,288.37225341796875,0.9631031,-1,-1,-1
00115,2,1814.6624,762.1527,739.080810546875,657.6749267578125,0.89257926,-1,-1,-1
00116,2,338.6869,501.6791,608.8956909179688,283.9642639160156,0.973375,-1,-1,-1
00116,2,2228.0505,786.2567,331.349609375,528.677734375,0.95291597,-1,-1,-1
00117,2,311.41113,504.068,572.0953369140625,274.3336181640625,0.9692975,-1,-1,-1
00118,2,286.7516,498.90704,541.2293701171875,269.9542236328125,0.9591558,-1,-1,-1
00119,2,258.86856,499.09686,518.5657958984375,256.6219482421875,0.9825591,-1,-1,-1
00120,2,236.61244,497.35764,486.66668701171875,247.96890258789062,0.97235715,-1,-1,-1
00121,2,225.50945,489.04346,451.45770263671875,248.5450439453125,0.9808127,-1,-1,-1
00122,2,215.08545,489.48352,424.55645751953125,237.241455078125,0.9805234,-1,-1,-1
00123,2,198.97159,488.4193,399.2351379394531,229.03204345703125,0.9676528,-1,-1,-1
00123,2,1.1905403,898.8485,159.9317169189453,315.39794921875,0.84297115,-1,-1,-1
00124,2,0.0,764.16907,581.9967041015625,565.00732421875,0.9663358,-1,-1,-1
00124,2,178.4019,478.96536,388.6905517578125,234.50198364257812,0.9431151,-1,-1,-1
00125,2,5.990212,748.05896,990.246826171875,596.3438720703125,0.96124595,-1,-1,-1
00125,2,174.79936,472.90894,356.32275390625,230.23321533203125,0.93354475,-1,-1,-1
00126,2,0.0,759.7726,1426.7926025390625,598.45068359375,0.9746483,-1,-1,-1
00126,2,160.27844,462.46442,339.1470642089844,233.7158203125,0.83323646,-1,-1,-1
00127,2,392.32425,733.77106,1496.366455078125,620.3059692382812,0.98334485,-1,-1,-1
00127,2,146.18285,459.8159,327.63531494140625,225.69577026367188,0.78660995,-1,-1,-1
00128,2,860.7575,724.00525,1472.50341796875,637.48095703125,0.9818763,-1,-1,-1
00128,2,136.92052,454.82147,314.41107177734375,217.87060546875,0.93924433,-1,-1,-1
00129,2,1306.9991,729.21454,1249.2034912109375,615.7494506835938,0.9782681,-1,-1,-1
00129,2,137.0978,460.5986,288.63726806640625,202.29513549804688,0.9470826,-1,-1,-1
00130,2,1737.7961,719.7982,801.529296875,600.115478515625,0.9542569,-1,-1,-1
00130,2,130.082,457.1855,276.833984375,193.36785888671875,0.8377981,-1,-1,-1
00131,2,2167.488,708.6995,382.9736328125,568.2577514648438,0.9707363,-1,-1,-1
00131,2,125.305405,450.41525,265.17633056640625,188.00894165039062,0.74124926,-1,-1,-1
00132,2,120.77273,449.15277,251.0869140625,180.1812744140625,0.90830666,-1,-1,-1
00133,2,113.55124,444.57684,250.1531982421875,175.85235595703125,0.88708675,-1,-1,-1
00134,2,116.77664,440.10046,230.97247314453125,172.77325439453125,0.9327637,-1,-1,-1
00135,2,111.99673,433.885,218.63998413085938,167.02685546875,0.9217109,-1,-1,-1
00136,2,103.563995,426.46033,222.78854370117188,166.58563232421875,0.9477232,-1,-1,-1
00137,2,105.04544,424.3436,207.78533935546875,159.60037231445312,0.9252087,-1,-1,-1
00138,2,100.776474,422.60706,199.89137268066406,156.48980712890625,0.9392338,-1,-1,-1
00138,2,0.0,1170.8398,1140.482177734375,727.6392822265625,0.8834127,-1,-1,-1
00139,2,99.26465,418.1264,195.32254028320312,151.85150146484375,0.91551167,-1,-1,-1
00139,2,0.0,1157.503,2156.47314453125,737.119873046875,0.8561954,-1,-1,-1
00140,2,96.910446,417.8996,191.1100311279297,143.43035888671875,0.9162252,-1,-1,-1
00140,2,8.021507,1121.1206,2483.26220703125,789.3126220703125,0.89057845,-1,-1,-1
00141,2,93.51548,415.4792,183.64154052734375,140.124755859375,0.9315393,-1,-1,-1
00141,2,697.5967,1106.8226,1842.545654296875,796.5909423828125,0.863128,-1,-1,-1
00142,2,91.42072,412.24298,177.021240234375,137.03424072265625,0.9196274,-1,-1,-1
00142,2,1675.2052,1113.9734,866.8673095703125,787.4774169921875,0.873728,-1,-1,-1
00143,2,86.49671,410.6206,171.01492309570312,130.369140625,0.9394563,-1,-1,-1
00143,2,2475.7644,1376.1117,83.6357421875,321.46337890625,0.5180462,-1,-1,-1
00144,2,85.37759,407.97397,165.98287963867188,129.51431274414062,0.92905885,-1,-1,-1
00145,2,75.07006,411.30484,169.88717651367188,120.81991577148438,0.93649185,-1,-1,-1
00146,2,81.23116,405.18912,160.64926147460938,121.29049682617188,0.9403178,-1,-1,-1
00147,2,73.23335,404.64648,159.75486755371094,114.75933837890625,0.9202306,-1,-1,-1
00148,2,69.68761,399.74994,154.18997192382812,115.63677978515625,0.9215344,-1,-1,-1
00149,2,66.4132,394.50418,151.78292846679688,114.87689208984375,0.8847754,-1,-1,-1
00150,2,65.34767,391.85663,146.20298767089844,113.30023193359375,0.883322,-1,-1,-1
00150,2,2491.9548,615.71014,67.4453125,151.90924072265625,0.7007444,-1,-1,-1
00151,2,63.860023,390.56433,143.53570556640625,110.7523193359375,0.8781193,-1,-1,-1
00151,2,2377.3762,598.75714,181.00830078125,206.28900146484375,0.78244436,-1,-1,-1
00152,2,61.705536,392.9152,139.14834594726562,104.45492553710938,0.84277093,-1,-1,-1
00152,2,2257.6665,532.84894,297.6923828125,305.14752197265625,0.8396494,-1,-1,-1
00153,2,60.385757,388.66602,135.8092041015625,102.88226318359375,0.84734124,-1,-1,-1
00153,2,2142.6367,510.9578,414.203125,333.1155700683594,0.7027639,-1,-1,-1
00154,2,2024.8505,505.0975,534.5496826171875,329.2414855957031,0.8760558,-1,-1,-1
00154,2,58.04266,393.19196,130.38096618652344,94.38113403320312,0.8210533,-1,-1,-1
00155,2,1921.4524,499.96045,633.869873046875,342.8756103515625,0.91367954,-1,-1,-1
00155,2,56.33371,388.43384,125.94253540039062,95.56442260742188,0.8599988,-1,-1,-1
00156,2,51.11842,383.09576,127.93064880371094,97.4287109375,0.9235488,-1,-1,-1
00156,2,1805.8275,498.4652,749.9251708984375,347.6351318359375,0.79883796,-1,-1,-1
00157,2,50.490692,382.6912,123.33064270019531,94.43698120117188,0.8914166,-1,-1,-1
00157,2,1685.7,498.1444,873.7001953125,356.41009521484375,0.78352433,-1,-1,-1
00157,7,1669.277,501.03912,886.9637451171875,340.81134033203125,0.6137714,-1,-1,-1
00158,2,48.858253,382.1287,118.79578399658203,90.37033081054688,0.8812153,-1,-1,-1
00158,7,1575.5343,497.42355,983.5218505859375,354.6672668457031,0.7015394,-1,-1,-1
00158,2,1564.2513,492.9312,995.1488037109375,358.0211181640625,0.6947602,-1,-1,-1
00159,2,44.04856,378.38773,120.18260955810547,90.44998168945312,0.77343243,-1,-1,-1
00159,7,1451.5911,500.67993,1069.798828125,350.2890625,0.65015876,-1,-1,-1
00159,2,1423.1885,501.48648,1068.741455078125,340.2461853027344,0.59951115,-1,-1,-1
00160,2,42.781208,377.39557,118.07012939453125,88.52731323242188,0.83275974,-1,-1,-1
00160,7,1318.7373,508.94873,1074.781005859375,335.18524169921875,0.686585,-1,-1,-1
00160,2,1344.578,498.78082,1076.7957763671875,347.08056640625,0.64569616,-1,-1,-1
00161,2,41.889153,377.70114,115.20772552490234,86.1583251953125,0.8328823,-1,-1,-1
00161,7,1248.6715,502.20462,1047.8096923828125,347.5849304199219,0.7810063,-1,-1,-1
00161,2,1238.3708,499.40234,1036.054931640625,345.625732421875,0.71171844,-1,-1,-1
00162,2,38.462257,376.00665,113.42302703857422,85.53170776367188,0.8661292,-1,-1,-1
00162,7,1142.1996,505.06458,1036.8934326171875,346.86346435546875,0.76966155,-1,-1,-1
00162,2,1137.028,499.768,1048.3482666015625,343.14141845703125,0.64562476,-1,-1,-1
00163,7,1018.66,502.43637,1044.6748046875,348.8354187011719,0.89154667,-1,-1,-1
00163,2,37.234222,375.1704,111.41642761230469,82.30047607421875,0.8807215,-1,-1,-1
00163,2,1032.7227,501.58182,1034.76025390625,340.0567932128906,0.6080097,-1,-1,-1
00164,2,36.10375,374.29263,108.783447265625,80.29257202148438,0.8972874,-1,-1,-1
00164,7,921.41254,505.18256,1039.669921875,348.52935791015625,0.78993267,-1,-1,-1
00164,2,925.06036,497.37677,1046.606201171875,341.111572265625,0.6498317,-1,-1,-1
00165,2,35.626583,374.75644,105.39710998535156,77.20925903320312,0.8935204,-1,-1,-1
00165,7,829.5216,511.16577,1008.79296875,335.41436767578125,0.7434184,-1,-1,-1
00165,2,835.5263,511.47745,996.2255249023438,325.6059265136719,0.71185386,-1,-1,-1
00166,7,747.369,489.97903,993.97412109375,358.4681701660156,0.8942831,-1,-1,-1
00166,2,34.45093,376.54068,101.90806579589844,72.59957885742188,0.83869857,-1,-1,-1
00166,2,750.8013,493.22696,998.71337890625,350.6171569824219,0.5332391,-1,-1,-1
00167,2,32.98463,376.49466,98.62608337402344,69.76519775390625,0.79274464,-1,-1,-1
00167,7,668.2858,509.09012,972.1232299804688,329.3443908691406,0.70863026,-1,-1,-1
00167,2,667.61127,505.2562,986.2905883789062,321.8395080566406,0.6661703,-1,-1,-1
00168,2,30.158506,370.0666,99.56175231933594,73.99050903320312,0.78068393,-1,-1,-1
00168,7,582.1379,513.5874,971.5287475585938,320.939697265625,0.7788213,-1,-1,-1
00168,2,594.9605,508.73233,967.0485229492188,319.6204528808594,0.62684333,-1,-1,-1
00169,7,522.3964,513.4573,946.8185424804688,316.21435546875,0.81848836,-1,-1,-1
00169,2,27.161142,368.01468,98.7095947265625,74.96563720703125,0.8133296,-1,-1,-1
00170,2,25.674143,367.24728,98.81645965576172,73.66445922851562,0.8705598,-1,-1,-1
00170,7,468.95825,509.81317,897.0223388671875,310.58770751953125,0.7090906,-1,-1,-1
00171,2,0.04082794,898.9449,331.07012939453125,482.51129150390625,0.92221767,-1,-1,-1
00171,2,25.269545,365.3948,96.0891342163086,72.73263549804688,0.8677865,-1,-1,-1
00171,7,408.98636,502.29947,854.1378173828125,313.9123229980469,0.7436184,-1,-1,-1
00172,2,8.707967,774.2094,791.2201538085938,673.3827514648438,0.9831141,-1,-1,-1
00172,2,22.496119,365.0035,95.0343017578125,71.33755493164062,0.79648554,-1,-1,-1
00172,7,357.12848,507.2444,828.4943237304688,309.17254638671875,0.6563047,-1,-1,-1
00173,2,3.099756,759.0696,1270.773681640625,693.1390380859375,0.9726565,-1,-1,-1
00173,2,18.87265,364.0404,95.71698760986328,70.02606201171875,0.8083525,-1,-1,-1
00173,7,308.2026,505.67462,797.596923828125,309.683837890625,0.71907234,-1,-1,-1
00173,2,306.66312,485.61346,798.79541015625,320.84906005859375,0.5015657,-1,-1,-1
00174,2,0.0,770.85486,1798.323974609375,689.525146484375,0.9784297,-1,-1,-1
00174,2,18.038012,362.64545,94.68702697753906,70.4503173828125,0.80257374,-1,-1,-1
00174,7,286.8687,503.04492,738.9251098632812,278.7459716796875,0.7047966,-1,-1,-1
00175,2,487.30664,762.0184,1821.61767578125,699.8489379882812,0.97610176,-1,-1,-1
00175,2,18.796906,363.31934,91.05580139160156,68.23995971679688,0.7820057,-1,-1,-1
00175,7,244.8095,494.06616,717.4815063476562,309.07073974609375,0.7067891,-1,-1,-1
00176,2,1018.34753,740.86566,1538.1805419921875,720.3446655273438,0.97730196,-1,-1,-1
00176,2,17.23225,361.07385,90.775390625,69.10989379882812,0.7979744,-1,-1,-1
00176,7,211.09602,492.75922,686.7930297851562,300.97381591796875,0.6536224,-1,-1,-1
00176,2,217.47162,491.86273,681.4995727539062,299.45233154296875,0.54338944,-1,-1,-1
00177,2,1557.2366,764.5213,999.344482421875,672.5327758789062,0.9700153,-1,-1,-1
00177,2,16.568918,359.6856,87.962158203125,68.28775024414062,0.8116353,-1,-1,-1
00177,7,189.33861,484.37512,639.6714477539062,302.314697265625,0.59156877,-1,-1,-1
00178,2,2027.5538,751.04285,525.5787353515625,624.76806640625,0.97137827,-1,-1,-1
00178,2,15.465715,359.8952,85.94383239746094,65.79501342773438,0.7698656,-1,-1,-1
00178,7,168.8851,485.2511,597.0010986328125,292.4166259765625,0.5754008,-1,-1,-1
00179,2,14.661017,359.87524,85.57746887207031,65.03671264648438,0.74790037,-1,-1,-1
00179,2,2479.5798,866.05005,78.449462890625,281.7550048828125,0.604639,-1,-1,-1
00179,7,153.98105,485.63962,551.4368896484375,273.2507019042969,0.5779101,-1,-1,-1
00180,2,14.740318,360.25958,81.91304779052734,62.9371337890625,0.7383977,-1,-1,-1
00180,7,144.11972,475.3815,507.4087829589844,272.8335266113281,0.6445934,-1,-1,-1
00181,2,13.873638,359.47083,81.03977966308594,62.76324462890625,0.81636256,-1,-1,-1
00181,7,129.18211,474.09317,480.9078369140625,266.6986389160156,0.6022677,-1,-1,-1
00182,2,9.529311,360.40524,83.1889877319336,60.055328369140625,0.81826365,-1,-1,-1
00182,7,123.8868,476.10324,442.9235534667969,250.18484497070312,0.6234978,-1,-1,-1
00183,2,9.319885,360.3262,82.0359115600586,58.152587890625,0.76527697,-1,-1,-1
00183,2,115.927864,470.51404,402.79205322265625,251.2945556640625,0.646122,-1,-1,-1
00183,7,117.09818,471.49792,403.4176940917969,247.9896240234375,0.5195232,-1,-1,-1
00184,2,8.472419,359.43347,81.71993255615234,57.664276123046875,0.75731933,-1,-1,-1
00184,7,112.93213,467.0404,371.7768249511719,241.91461181640625,0.57711697,-1,-1,-1
00184,2,114.69959,465.7254,375.9327697753906,245.3170166015625,0.5369957,-1,-1,-1
00185,2,7.1198697,358.39233,79.75067138671875,56.78009033203125,0.7535949,-1,-1,-1
00185,7,105.224754,462.04758,351.2365417480469,237.44522094726562,0.67020833,-1,-1,-1
00186,2,6.466199,359.22714,78.92064666748047,55.45404052734375,0.75073254,-1,-1,-1
00186,7,98.80539,457.41992,339.7939453125,229.50146484375,0.6075604,-1,-1,-1
00186,2,98.80539,457.41992,339.7939453125,229.50146484375,0.5297805,-1,-1,-1
00187,2,6.500454,359.1725,77.20211791992188,54.49951171875,0.7006335,-1,-1,-1
00187,2,101.29818,454.90778,312.9884338378906,224.62872314453125,0.657407,-1,-1,-1
00187,7,100.61832,453.39172,313.3892517089844,227.1932373046875,0.50765944,-1,-1,-1
00188,2,5.8715,358.54465,75.7990951538086,54.950714111328125,0.72323024,-1,-1,-1
00188,2,93.09536,450.95465,297.6540222167969,218.64141845703125,0.5542001,-1,-1,-1
00189,2,5.272757,359.21085,75.19261932373047,53.466644287109375,0.7213368,-1,-1,-1
00189,2,93.411674,446.34436,277.4663391113281,211.3681640625,0.5344082,-1,-1,-1
00190,2,93.820335,443.76746,263.15087890625,201.00323486328125,0.69281846,-1,-1,-1
00190,2,3.9061975,359.6953,74.34632873535156,52.325286865234375,0.6408405,-1,-1,-1
00191,2,90.07947,435.02243,253.33453369140625,197.98019409179688,0.81828684,-1,-1,-1
00191,2,4.5330853,358.82346,73.24319458007812,52.701995849609375,0.6341477,-1,-1,-1
00192,2,87.25296,431.2173,241.01708984375,192.45965576171875,0.8877832,-1,-1,-1
00192,2,2.9733033,356.78702,69.48841857910156,54.841522216796875,0.6033888,-1,-1,-1
00193,2,90.36622,425.82742,229.5123291015625,186.38088989257812,0.7824625,-1,-1,-1
00193,2,2.7851796,356.36316,66.92608642578125,54.75146484375,0.60584956,-1,-1,-1
00194,2,87.656624,421.925,223.49087524414062,184.24554443359375,0.7854146,-1,-1,-1
00194,2,2.4799886,356.24194,64.6464614868164,53.17767333984375,0.5503318,-1,-1,-1
00195,2,83.623924,421.69308,214.03909301757812,173.29263305664062,0.7621445,-1,-1,-1
00195,2,2.3068829,355.45792,62.947845458984375,53.182342529296875,0.54006994,-1,-1,-1
00196,2,83.200905,411.59854,206.77020263671875,174.10452270507812,0.8552627,-1,-1,-1
00196,2,2.0466168,355.39365,63.16002655029297,52.6845703125,0.55969715,-1,-1,-1
00197,2,87.61436,412.39136,193.42214965820312,167.07061767578125,0.7351843,-1,-1,-1
00198,2,86.07902,421.70535,189.18356323242188,147.23837280273438,0.73417187,-1,-1,-1
00199,2,84.27285,410.1073,187.25613403320312,147.50048828125,0.79820186,-1,-1,-1
00200,2,82.87024,411.43115,181.27816772460938,140.43499755859375,0.76668733,-1,-1,-1
00201,2,2464.113,604.68195,95.287109375,201.22857666015625,0.7589481,-1,-1,-1
00201,2,87.87141,411.1642,168.05117797851562,133.81961059570312,0.71304595,-1,-1,-1
00202,2,82.86405,405.7602,167.65933227539062,134.12109375,0.8149765,-1,-1,-1
00202,2,2327.7754,564.158,231.624755859375,264.48077392578125,0.7915578,-1,-1,-1
00203,2,82.70417,403.177,161.3629150390625,132.66864013671875,0.7368483,-1,-1,-1
00203,2,2170.8977,495.80035,386.06982421875,352.0213623046875,0.7367138,-1,-1,-1
00204,2,2031.8552,493.0735,522.454833984375,346.8135986328125,0.8842363,-1,-1,-1
00204,2,71.07914,400.62686,165.74392700195312,129.69332885742188,0.64905465,-1,-1,-1
00205,2,76.57755,405.53284,156.09402465820312,115.13006591796875,0.79250234,-1,-1,-1
00205,2,1889.7546,498.8277,668.925048828125,341.31146240234375,0.7312661,-1,-1,-1
00206,2,1746.3351,493.87714,813.0650634765625,342.222900390625,0.68053114,-1,-1,-1
00206,2,70.46999,400.28326,155.55194091796875,117.18109130859375,0.6719353,-1,-1,-1
00206,7,1742.4949,496.68134,816.9052734375,339.5533447265625,0.63732535,-1,-1,-1
00207,7,1612.9075,485.35754,946.49267578125,357.0545654296875,0.77150714,-1,-1,-1
00207,2,67.82336,398.15552,152.18759155273438,111.21588134765625,0.7076907,-1,-1,-1
00207,2,1613.9633,483.92334,945.4368896484375,354.0208740234375,0.63427126,-1,-1,-1
00208,7,1455.2238,445.59973,1084.7784423828125,390.226318359375,0.6755514,-1,-1,-1
00208,2,64.260345,401.04306,149.3137969970703,101.29312133789062,0.58835465,-1,-1,-1
00209,7,1346.7568,495.9356,1113.712158203125,348.71771240234375,0.62516654,-1,-1,-1
00209,2,61.283478,387.00742,143.11215209960938,115.92453002929688,0.55011415,-1,-1,-1
00210,7,1242.1351,496.48364,1071.3123779296875,341.74688720703125,0.7142279,-1,-1,-1
00210,2,59.928764,392.6376,144.98751831054688,107.59744262695312,0.55114055,-1,-1,-1
00211,2,57.894653,389.38382,137.209716796875,106.05410766601562,0.64290303,-1,-1,-1
00211,7,1103.5676,489.79803,1059.5244140625,345.58612060546875,0.61306477,-1,-1,-1
00212,7,985.2366,489.1336,1034.283203125,347.68603515625,0.77339214,-1,-1,-1
00212,2,54.069916,381.13782,135.02647399902344,110.284912109375,0.672263,-1,-1,-1
00213,7,862.27234,482.79575,1006.4268798828125,349.0984191894531,0.71132773,-1,-1,-1
00213,2,48.55933,380.50424,134.86398315429688,106.05850219726562,0.50393933,-1,-1,-1
00214,7,769.6149,484.44507,969.2769165039062,342.4598388671875,0.7189282,-1,-1,-1
00215,7,678.2034,492.27463,946.5079956054688,326.9148864746094,0.8140211,-1,-1,-1
00215,2,43.902615,382.67783,129.94845581054688,94.79171752929688,0.59482884,-1,-1,-1
00216,7,596.4295,489.01172,911.4179077148438,325.0277099609375,0.9094106,-1,-1,-1
00216,2,43.373257,381.64105,123.42962646484375,93.53094482421875,0.5893064,-1,-1,-1
00217,7,515.4516,495.5515,894.6610717773438,310.0946044921875,0.80892676,-1,-1,-1
00217,2,41.598927,379.04562,121.30815124511719,92.43606567382812,0.5505097,-1,-1,-1
00218,7,447.67792,482.0723,853.8565063476562,318.0591735839844,0.7030388,-1,-1,-1
00218,2,39.49166,372.0823,120.0383529663086,94.60726928710938,0.5320209,-1,-1,-1
00219,7,396.41537,492.72656,792.10595703125,302.86529541015625,0.69737196,-1,-1,-1
00219,2,38.85079,375.01685,114.97244262695312,88.56631469726562,0.5011585,-1,-1,-1
00220,7,339.4024,484.29636,764.6721801757812,305.2190246582031,0.7642565,-1,-1,-1
00220,2,36.217396,374.15506,112.86491394042969,88.13919067382812,0.66252923,-1,-1,-1
00221,7,297.71603,478.2363,716.901123046875,307.0830383300781,0.89495593,-1,-1,-1
00221,2,35.05101,372.81464,110.73580932617188,85.85626220703125,0.5842365,-1,-1,-1
00222,7,259.39316,474.93585,682.158203125,295.35845947265625,0.907028,-1,-1,-1
00222,2,32.323505,369.19537,110.09523010253906,87.687255859375,0.6635241,-1,-1,-1
00223,7,228.17528,469.16473,642.8341064453125,289.36895751953125,0.85600364,-1,-1,-1
00223,2,32.872997,367.26172,103.95350646972656,85.00515747070312,0.60882854,-1,-1,-1
00224,7,203.0122,469.00955,584.8109130859375,279.5243225097656,0.8574985,-1,-1,-1
00224,2,31.075737,368.9844,102.21538543701172,80.68487548828125,0.7276712,-1,-1,-1
00225,7,179.6675,464.65234,552.1528930664062,272.4219970703125,0.82650065,-1,-1,-1
00225,2,30.428259,367.72205,99.36565399169922,79.41909790039062,0.70523584,-1,-1,-1
00226,7,161.20557,461.66284,513.593505859375,256.01177978515625,0.7592861,-1,-1,-1
00227,7,153.2286,458.1075,471.4823303222656,251.38870239257812,0.6796386,-1,-1,-1
00227,2,26.950668,367.62222,99.02123260498047,74.5498046875,0.6513632,-1,-1,-1
00228,7,134.87367,448.76117,443.01983642578125,251.17803955078125,0.83548003,-1,-1,-1
00229,7,125.54793,450.3147,412.857177734375,241.5953369140625,0.83055097,-1,-1,-1
00229,2,2483.8723,664.4848,75.52783203125,141.84539794921875,0.77842367,-1,-1,-1
00229,2,24.633047,363.80228,92.51805877685547,73.94940185546875,0.5846405,-1,-1,-1
00230,2,2354.352,640.2032,204.86865234375,180.25860595703125,0.92327976,-1,-1,-1
00230,7,113.59268,445.67593,377.41473388671875,230.81100463867188,0.59298027,-1,-1,-1
00231,2,2217.0344,573.1937,342.36572265625,267.523681640625,0.9535802,-1,-1,-1
00231,7,110.74268,442.86832,347.748779296875,221.83407592773438,0.7072447,-1,-1,-1
00232,2,2083.4155,575.2107,473.158447265625,262.1368408203125,0.94533545,-1,-1,-1
00232,7,103.99841,431.89514,324.13043212890625,220.31597900390625,0.71104676,-1,-1,-1
00232,2,17.24226,356.3414,93.65483093261719,75.25930786132812,0.544033,-1,-1,-1
00233,2,1960.8252,571.1481,598.574951171875,266.0675048828125,0.94876456,-1,-1,-1
00233,7,104.79155,428.91794,303.19879150390625,209.99148559570312,0.73556674,-1,-1,-1
00233,2,16.636173,354.42264,91.23577880859375,74.44918823242188,0.56784,-1,-1,-1
00234,2,1831.3414,576.4588,726.7125244140625,263.09210205078125,0.97981036,-1,-1,-1
00234,7,96.19358,423.26834,282.98583984375,205.05270385742188,0.6751589,-1,-1,-1
00234,2,15.99892,353.17996,91.02302551269531,73.82376098632812,0.5244248,-1,-1,-1
00235,2,1704.9158,571.94385,848.697021484375,265.15545654296875,0.96104676,-1,-1,-1
00235,7,93.44232,417.80124,269.67437744140625,201.87094116210938,0.6048725,-1,-1,-1
00235,2,13.835197,354.855,88.21836853027344,70.06170654296875,0.5749766,-1,-1,-1
00236,2,1585.723,581.0706,853.0997314453125,257.195556640625,0.9579644,-1,-1,-1
00236,2,93.53738,417.47342,252.81631469726562,192.15585327148438,0.63932395,-1,-1,-1
00236,2,12.815495,353.4128,84.52912902832031,69.79754638671875,0.52238077,-1,-1,-1
00237,2,1457.7057,576.90234,844.3731689453125,258.40582275390625,0.9691188,-1,-1,-1
00237,2,10.211521,355.00214,85.14193725585938,66.85983276367188,0.5639164,-1,-1,-1
00238,2,1342.2811,576.4733,834.7056884765625,261.195068359375,0.9631764,-1,-1,-1
00238,2,9.656583,355.06088,80.7662582397461,65.30316162109375,0.56501305,-1,-1,-1
00238,7,86.48926,410.52008,230.054931640625,178.40301513671875,0.50744754,-1,-1,-1
00239,2,1221.1414,578.11615,835.79541015625,252.88507080078125,0.9643447,-1,-1,-1
00239,2,8.027794,354.7722,82.92716217041016,63.04339599609375,0.61384994,-1,-1,-1
00239,7,83.71146,406.19507,223.27120971679688,171.91241455078125,0.50078106,-1,-1,-1
00240,2,1130.0797,579.02014,797.3568115234375,254.41644287109375,0.96826226,-1,-1,-1
00240,2,81.953476,403.19144,212.2158966064453,170.01632690429688,0.62324184,-1,-1,-1
00240,2,6.712,354.26694,79.6689682006836,62.671722412109375,0.61070764,-1,-1,-1
00241,2,1021.71094,575.8162,793.8192138671875,253.34771728515625,0.97599274,-1,-1,-1
00241,2,5.8632617,354.33737,78.3726806640625,61.760528564453125,0.56472075,-1,-1,-1
00241,2,81.84301,398.9622,200.4517822265625,163.65737915039062,0.5402011,-1,-1,-1
00242,2,925.7269,578.68164,772.2987060546875,242.4188232421875,0.9716593,-1,-1,-1
00242,2,81.94952,392.42218,193.27413940429688,161.297119140625,0.63422114,-1,-1,-1
00242,2,5.018193,353.70587,76.89309692382812,61.720703125,0.53250897,-1,-1,-1
00243,2,844.3923,576.9866,754.0267944335938,237.1798095703125,0.97712487,-1,-1,-1
00243,2,81.84591,395.60962,183.15191650390625,150.89202880859375,0.6467221,-1,-1,-1
00243,2,4.208868,353.46954,75.92091369628906,60.758941650390625,0.51624423,-1,-1,-1
00244,2,764.8252,572.8639,733.9752197265625,244.21441650390625,0.9730165,-1,-1,-1
00244,2,74.767654,394.46405,182.0723876953125,143.3994140625,0.7916064,-1,-1,-1
00245,2,684.51917,574.5795,708.60595703125,232.24029541015625,0.97590274,-1,-1,-1
00245,2,71.5298,394.10486,178.3496856689453,138.04443359375,0.8271714,-1,-1,-1
00245,2,2.7984781,353.76044,74.74542999267578,58.8192138671875,0.51764625,-1,-1,-1
00246,2,621.018,564.94196,678.9376831054688,240.676513671875,0.98416317,-1,-1,-1
00246,2,71.79715,390.10544,172.3552703857422,137.32632446289062,0.78209996,-1,-1,-1
00246,2,2.037002,354.1527,75.0476303100586,59.618621826171875,0.5087112,-1,-1,-1
00247,2,561.89575,565.6733,647.7362060546875,235.68023681640625,0.9861389,-1,-1,-1
00247,2,66.15636,385.46298,171.75482177734375,137.81033325195312,0.7475204,-1,-1,-1
00248,2,504.02396,562.5134,623.52587890625,234.88800048828125,0.9866443,-1,-1,-1
00248,2,65.57907,386.45447,160.53579711914062,129.430419921875,0.7544749,-1,-1,-1
00249,2,454.7234,556.741,593.107177734375,235.565673828125,0.98837775,-1,-1,-1
00249,2,66.29642,384.45685,152.9263458251953,123.81265258789062,0.75903666,-1,-1,-1
00250,2,405.10336,555.07367,569.80419921875,230.00555419921875,0.98433405,-1,-1,-1
00250,2,60.444748,381.35117,151.57029724121094,121.95993041992188,0.87342477,-1,-1,-1
00251,2,377.11972,549.06854,528.810546875,230.66192626953125,0.9788619,-1,-1,-1
00251,2,59.02383,378.28522,146.22943115234375,120.5709228515625,0.85065204,-1,-1,-1
00252,2,337.75742,540.055,517.120849609375,232.1715087890625,0.97931564,-1,-1,-1
00252,2,56.048584,378.30634,143.23814392089844,116.61312866210938,0.83843464,-1,-1,-1
00253,2,312.63254,534.8982,470.5638732910156,222.9857177734375,0.97444737,-1,-1,-1
00253,2,54.48902,378.3165,138.08087158203125,111.82110595703125,0.78683794,-1,-1,-1
00254,2,295.24725,528.0028,436.1851806640625,215.9171142578125,0.97665554,-1,-1,-1
00254,2,48.221313,376.61838,138.90435791015625,109.55068969726562,0.73554397,-1,-1,-1
00255,2,278.27,526.31494,410.0752258300781,205.1722412109375,0.95274,-1,-1,-1
00255,2,47.486572,373.3658,135.2996063232422,109.19638061523438,0.7963707,-1,-1,-1
00256,2,263.17386,522.23456,385.4911193847656,200.88946533203125,0.9468283,-1,-1,-1
00256,2,41.902912,372.15997,134.5078125,106.78659057617188,0.7607204,-1,-1,-1
00257,2,252.57053,516.38135,355.3443908691406,201.10565185546875,0.8166704,-1,-1,-1
00257,2,40.82189,369.78442,130.71630859375,103.1131591796875,0.79247683,-1,-1,-1
00258,2,241.26215,510.90094,330.9539794921875,193.00732421875,0.92983687,-1,-1,-1
00258,2,38.723076,368.59772,126.69164276123047,100.03436279296875,0.81373173,-1,-1,-1
00259,2,233.85469,509.4643,310.9942626953125,186.17083740234375,0.91987985,-1,-1,-1
00259,2,38.489616,366.00763,123.7421646118164,99.3477783203125,0.8249027,-1,-1,-1
00260,2,223.98407,503.48904,295.0341796875,182.91836547851562,0.9536595,-1,-1,-1
00260,2,37.84002,366.8174,117.87015533447266,96.4498291015625,0.8142379,-1,-1,-1
00261,2,214.95901,500.64743,280.63677978515625,180.65975952148438,0.9661126,-1,-1,-1
00261,2,32.549374,366.03842,115.47396850585938,93.78753662109375,0.8291948,-1,-1,-1
00262,2,206.26793,495.11487,268.85467529296875,172.8145751953125,0.9705941,-1,-1,-1
00262,2,31.115679,367.11945,115.33778381347656,90.41949462890625,0.8589486,-1,-1,-1
00263,2,190.22026,485.01245,261.450927734375,172.67059326171875,0.9574677,-1,-1,-1
00263,2,28.274712,362.86148,114.5813217163086,91.41177368164062,0.8721214,-1,-1,-1
00264,2,181.84666,481.4176,253.1450958251953,166.98846435546875,0.95976985,-1,-1,-1
00264,2,26.958511,361.9337,112.01193237304688,88.25384521484375,0.8613643,-1,-1,-1
00265,2,172.23259,477.30438,243.5844268798828,158.8629150390625,0.9306184,-1,-1,-1
00265,2,25.527924,361.43372,110.30445861816406,86.08660888671875,0.8424181,-1,-1,-1
00266,2,164.19429,474.36334,238.39637756347656,155.81304931640625,0.8966567,-1,-1,-1
00266,2,25.540476,360.11682,103.95609283447266,83.70388793945312,0.754193,-1,-1,-1
00267,2,151.90068,471.33148,233.1436004638672,149.1361083984375,0.88886374,-1,-1,-1
00267,2,24.69991,358.58716,102.14869689941406,83.2369384765625,0.71269315,-1,-1,-1
00268,2,141.08308,464.79083,221.2793426513672,147.944580078125,0.91486263,-1,-1,-1
00268,2,23.187935,356.85025,100.30204772949219,82.33135986328125,0.8112459,-1,-1,-1
00269,2,133.91783,462.59213,219.30946350097656,138.07870483398438,0.91896564,-1,-1,-1
00269,2,19.991158,356.47086,99.44098663330078,80.98599243164062,0.81382495,-1,-1,-1
00270,2,126.361885,456.86142,208.11468505859375,137.49209594726562,0.91778487,-1,-1,-1
00270,2,17.214998,354.36176,99.76931762695312,80.14166259765625,0.75197065,-1,-1,-1
00271,2,115.20766,451.1034,206.4967803955078,137.41192626953125,0.9183872,-1,-1,-1
00271,2,16.14814,353.81046,95.84429931640625,78.17642211914062,0.66065466,-1,-1,-1
00272,2,104.47882,448.2368,202.11868286132812,133.37521362304688,0.9129476,-1,-1,-1
00272,2,16.908964,354.22452,92.41450500488281,76.39453125,0.6821375,-1,-1,-1
00273,2,99.21846,445.81738,194.1309051513672,128.67413330078125,0.92678076,-1,-1,-1
00273,2,15.056053,353.52896,90.63998413085938,74.94146728515625,0.7247178,-1,-1,-1
00274,2,92.91712,442.76288,190.09140014648438,122.34039306640625,0.9530743,-1,-1,-1
00274,2,14.0309515,352.8632,89.55740356445312,73.54937744140625,0.6851594,-1,-1,-1
00275,2,83.053215,438.89606,185.59994506835938,120.35540771484375,0.9211452,-1,-1,-1
00275,2,10.931762,353.41373,89.8495864868164,70.31060791015625,0.6487941,-1,-1,-1
00276,2,78.651764,437.36133,179.48583984375,115.10870361328125,0.9301724,-1,-1,-1
00276,2,9.104271,354.1097,90.39197540283203,67.55642700195312,0.68039966,-1,-1,-1
00277,2,72.794785,433.73364,174.9056396484375,112.60205078125,0.91025186,-1,-1,-1
00277,2,7.2733603,354.3466,87.90142059326172,64.90121459960938,0.7133608,-1,-1,-1
00278,2,71.62101,430.24838,167.20004272460938,110.61831665039062,0.91867036,-1,-1,-1
00278,2,4.6853175,352.97122,87.2632064819336,65.15505981445312,0.70811373,-1,-1,-1
00279,2,65.699104,425.1501,162.05435180664062,110.09222412109375,0.9242185,-1,-1,-1
00279,2,3.9028492,352.52795,83.62113189697266,64.10855102539062,0.6640506,-1,-1,-1
00280,2,61.84536,422.05695,159.23025512695312,106.02032470703125,0.83825535,-1,-1,-1
00280,2,1.0717735,915.49023,82.61256408691406,230.15234375,0.78668714,-1,-1,-1
00280,2,3.6262386,352.13107,81.8456802368164,63.333160400390625,0.6874353,-1,-1,-1
00281,2,0.14378129,731.39984,499.65252685546875,699.8411254882812,0.9076917,-1,-1,-1
00281,2,59.816364,419.36166,153.4158172607422,104.35665893554688,0.84295005,-1,-1,-1
00281,2,4.119887,351.74716,80.54090881347656,62.8389892578125,0.6503697,-1,-1,-1
00282,2,0.0,605.6043,917.4507446289062,851.9806518554688,0.9189463,-1,-1,-1
00282,2,58.96292,416.6994,146.88595581054688,101.96453857421875,0.87099296,-1,-1,-1
00282,2,2.5706,351.07465,78.8617935180664,62.691009521484375,0.62136996,-1,-1,-1
00283,2,1.1505982,609.49615,1379.67724609375,851.3191528320312,0.91181654,-1,-1,-1
00283,2,59.69004,415.88702,142.38180541992188,98.1790771484375,0.8960085,-1,-1,-1
00283,2,2.007581,1389.1667,443.5239562988281,521.7978515625,0.8913661,-1,-1,-1
00283,2,3.6360054,350.87012,76.51995849609375,62.42108154296875,0.5720322,-1,-1,-1
00284,2,59.392723,601.187,1827.1497802734375,851.966796875,0.87648225,-1,-1,-1
00284,2,56.821075,414.11182,136.9297332763672,93.91854858398438,0.8512802,-1,-1,-1
00285,2,55.69607,412.6321,130.5348663330078,91.3687744140625,0.8795642,-1,-1,-1
00285,2,518.9924,622.21,1889.971435546875,748.4280395507812,0.6199632,-1,-1,-1
00285,2,11.779269,1080.9933,2477.698974609375,807.7313232421875,0.61721087,-1,-1,-1
00286,2,52.416424,411.15106,129.2962188720703,89.81756591796875,0.8901749,-1,-1,-1
00286,2,890.029,628.52045,1655.204833984375,735.6199340820312,0.77992904,-1,-1,-1
00286,2,1326.3933,602.9876,1204.09765625,534.8671264648438,0.6751338,-1,-1,-1
00287,2,2306.5781,1247.3905,252.822021484375,664.922119140625,0.8993414,-1,-1,-1
00287,2,48.445118,408.04095,129.135986328125,89.546875,0.8743373,-1,-1,-1
00287,7,1164.1451,584.25037,1384.9310302734375,873.3636474609375,0.7832751,-1,-1,-1
00288,2,45.590633,405.22092,124.04481506347656,88.06253051757812,0.89704025,-1,-1,-1
00288,7,1604.9303,599.8817,930.1070556640625,836.25341796875,0.6157067,-1,-1,-1
00289,2,42.845287,402.4466,121.97021484375,84.31765747070312,0.87176776,-1,-1,-1
00289,7,2039.1133,686.74225,515.220947265625,593.8154907226562,0.63036275,-1,-1,-1
00289,2,2033.7261,706.79114,511.528564453125,584.420166015625,0.5680058,-1,-1,-1
00290,2,40.20234,399.38037,120.32678985595703,83.86642456054688,0.89549935,-1,-1,-1
00290,2,2439.9866,734.32166,119.41357421875,330.6614990234375,0.59303653,-1,-1,-1
00291,2,39.27417,397.083,119.341064453125,84.07223510742188,0.86209697,-1,-1,-1
00291,2,2374.911,603.99744,182.302978515625,302.90313720703125,0.8229982,-1,-1,-1
00292,2,38.149662,396.9272,113.77197265625,79.08749389648438,0.8995695,-1,-1,-1
00292,2,2092.916,433.39038,465.06201171875,539.26318359375,0.8590183,-1,-1,-1
00293,2,37.930706,393.75104,109.51760864257812,78.04751586914062,0.9171077,-1,-1,-1
00293,7,1800.6698,364.79385,758.7303466796875,600.896240234375,0.7226203,-1,-1,-1
00293,2,1797.6675,366.05997,761.732666015625,600.748291015625,0.6126628,-1,-1,-1
00294,2,34.710556,390.93848,107.51463317871094,77.88290405273438,0.9211591,-1,-1,-1
00294,2,1493.2072,363.38626,1066.1929931640625,607.4495849609375,0.5514212,-1,-1,-1
00294,7,1505.776,359.64496,1053.6241455078125,609.4909057617188,0.5347605,-1,-1,-1
00295,2,32.64644,390.63824,104.39653015136719,74.37881469726562,0.9093156,-1,-1,-1
00295,7,1197.9354,354.7895,1361.4647216796875,635.21240234375,0.73052204,-1,-1,-1
00296,2,32.116646,390.33246,101.17743682861328,72.53143310546875,0.87722564,-1,-1,-1
00296,7,852.1801,357.71146,1399.65869140625,632.0718994140625,0.71860695,-1,-1,-1
00296,2,866.9981,354.6258,1371.426025390625,639.5254516601562,0.6364649,-1,-1,-1
00297,2,31.003109,387.87347,98.0367431640625,71.45175170898438,0.8797059,-1,-1,-1
00297,7,538.04004,365.46185,1375.4130859375,630.451416015625,0.6958568,-1,-1,-1
00298,2,29.747425,387.38516,96.21742248535156,67.3468017578125,0.8713956,-1,-1,-1
00298,7,222.39838,342.50186,1361.33740234375,658.65234375,0.7710766,-1,-1,-1
00299,2,28.081066,385.96762,95.8824462890625,66.17977905273438,0.89773583,-1,-1,-1
00299,7,5.3380647,367.82462,1251.6072998046875,641.40966796875,0.81226456,-1,-1,-1
00300,7,1.671016,345.931,968.91552734375,655.1312255859375,0.8063741,-1,-1,-1
00301,7,6.1140046,349.57864,667.0000610351562,641.0872802734375,0.85293806,-1,-1,-1
00302,7,2.6481628,355.0415,390.0797424316406,631.1221313476562,0.6783834,-1,-1,-1
00303,2,22.353182,379.77945,87.0867691040039,62.863128662109375,0.7994355,-1,-1,-1
00303,2,2.920665,423.85263,119.80368041992188,479.4873962402344,0.5606758,-1,-1,-1
00304,2,20.132807,380.0075,85.7409439086914,58.848663330078125,0.90317637,-1,-1,-1
00305,2,16.894518,379.5327,88.07821655273438,57.42999267578125,0.9075616,-1,-1,-1
00306,2,15.40535,376.3929,85.08307647705078,57.350799560546875,0.8789627,-1,-1,-1
00306,2,0.0,1144.1917,1379.9476318359375,736.0980224609375,0.878226,-1,-1,-1
00307,2,0.0,1022.14856,2559.400146484375,871.407958984375,0.8915984,-1,-1,-1
00307,2,14.044755,375.41556,83.69261169433594,55.834197998046875,0.86590314,-1,-1,-1
00308,2,10.934089,373.28955,83.32780456542969,56.381011962890625,0.8607935,-1,-1,-1
00308,2,1146.1683,1018.11743,1413.2318115234375,892.7310791015625,0.7570753,-1,-1,-1
00308,2,0.0,1369.1556,1264.4127197265625,549.4444580078125,0.56850433,-1,-1,-1
00308,7,0.0,1049.2087,2559.400146484375,862.50732421875,0.5465706,-1,-1,-1
00309,2,8.82398,372.26486,83.41718292236328,56.422882080078125,0.866833,-1,-1,-1
00310,2,5.214704,372.7696,84.75255584716797,53.573486328125,0.8295326,-1,-1,-1
00311,2,3.760531,371.34808,83.46381378173828,52.119598388671875,0.849191,-1,-1,-1
00312,2,3.738611,370.11084,82.21569061279297,53.064971923828125,0.8840259,-1,-1,-1
00313,2,2.6170504,370.08603,79.76908111572266,51.543609619140625,0.86975175,-1,-1,-1
00314,2,2.1585526,369.48865,78.4942398071289,50.692626953125,0.8846849,-1,-1,-1
00315,2,1.7713675,369.28958,76.46577453613281,48.25897216796875,0.86538064,-1,-1,-1
00316,2,1.53223,368.86404,75.36568450927734,48.238922119140625,0.84622073,-1,-1,-1
00317,2,1.4237789,367.75836,73.11817169189453,47.930206298828125,0.77053964,-1,-1,-1
00318,2,1.6953341,367.60532,71.3276138305664,47.62078857421875,0.7023234,-1,-1,-1
00319,2,1.7346772,366.47626,68.7656478881836,48.04022216796875,0.62740153,-1,-1,-1
00320,2,1.7688378,363.93497,66.75696563720703,49.382415771484375,0.6501957,-1,-1,-1
00321,2,1.7379398,364.41925,65.1119613647461,48.68359375,0.64343256,-1,-1,-1
00322,2,1.8854713,363.86612,64.15948104858398,48.613128662109375,0.59159833,-1,-1,-1
00437,2,0.6913845,808.98755,91.10810852050781,291.55712890625,0.8238288,-1,-1,-1
00438,2,1.0259045,762.0897,185.646240234375,407.6397705078125,0.9644269,-1,-1,-1
00439,2,0.0,721.4421,288.44384765625,534.9837036132812,0.96999604,-1,-1,-1
00440,2,1.9311494,689.6204,426.67926025390625,647.8756713867188,0.96992797,-1,-1,-1
00441,2,3.4939637,610.5849,593.0795288085938,840.0370483398438,0.9523901,-1,-1,-1
00442,2,2.0357964,644.124,778.4739990234375,909.8109130859375,0.9707427,-1,-1,-1
00443,2,1.8658507,659.9351,968.4818115234375,955.3678588867188,0.93775684,-1,-1,-1
00444,2,0.0,666.3768,1229.0264892578125,1014.9972534179688,0.97472024,-1,-1,-1
00445,2,3.9051695,660.70355,1473.6192626953125,1126.70263671875,0.9806979,-1,-1,-1
00446,2,0.0,699.1139,1794.3082275390625,1185.0301513671875,0.9465622,-1,-1,-1
00447,2,73.28617,719.25104,2104.80224609375,1199.34912109375,0.9603392,-1,-1,-1
00448,2,291.39532,729.3639,2267.199951171875,1167.7442626953125,0.9272836,-1,-1,-1
00449,2,544.7456,778.84644,2014.654541015625,1116.703125,0.9513097,-1,-1,-1
00450,2,813.0768,817.20575,1746.3233642578125,1075.730712890625,0.93415123,-1,-1,-1
00451,2,1156.2816,821.3597,1403.1185302734375,1090.953369140625,0.88433105,-1,-1,-1
00452,2,1552.2334,826.8884,1007.166748046875,1063.8599853515625,0.8875731,-1,-1,-1
