00001,2,1467.169,518.058,308.248291015625,225.03643798828125,0.83008885,-1,-1,-1
00001,2,499.49146,550.3229,470.48046875,275.568115234375,0.7712634,-1,-1,-1
00001,2,1132.3405,90.26361,174.6253662109375,107.05331420898438,0.73696584,-1,-1,-1
00002,2,1456.9896,513.47894,301.0196533203125,226.87738037109375,0.87594396,-1,-1,-1
00002,2,538.90906,552.3169,490.8758544921875,289.879150390625,0.75501245,-1,-1,-1
00002,2,1151.4298,87.0151,165.2830810546875,103.7633285522461,0.7544573,-1,-1,-1
00003,2,1174.0007,82.6513,156.4266357421875,97.2881851196289,0.8955934,-1,-1,-1
00003,2,572.15607,519.58203,498.97357177734375,303.42364501953125,0.84113395,-1,-1,-1
00003,2,1442.7727,505.2791,310.861572265625,226.10009765625,0.74209005,-1,-1,-1
00004,2,1192.8142,79.19886,144.2515869140625,92.44673919677734,0.85826814,-1,-1,-1
00004,2,619.4246,532.7939,506.77386474609375,324.88128662109375,0.84337115,-1,-1,-1
00004,2,1431.869,502.91714,310.554443359375,220.03994750976562,0.8302758,-1,-1,-1
00004,7,1017.9899,2.362684,157.22723388671875,96.29188537597656,0.541559,-1,-1,-1
00005,2,662.9326,547.47424,532.643310546875,335.35980224609375,0.9159373,-1,-1,-1
00005,2,1210.2368,72.43822,137.963623046875,93.18385314941406,0.8734402,-1,-1,-1
00005,2,1417.834,495.7478,316.8428955078125,221.2469482421875,0.74948674,-1,-1,-1
00005,7,1017.6519,3.4132357,155.62628173828125,95.62190246582031,0.5306312,-1,-1,-1
00006,2,713.41705,563.5869,534.2261352539062,344.42303466796875,0.90320545,-1,-1,-1
00006,2,1405.861,489.14545,315.2579345703125,226.03778076171875,0.83670914,-1,-1,-1
00006,2,1229.669,67.60447,127.8631591796875,91.59410858154297,0.7273939,-1,-1,-1
00006,7,1017.75995,2.9698222,156.23992919921875,96.19806671142578,0.53076977,-1,-1,-1
00007,2,769.55176,575.79724,535.0028076171875,353.65362548828125,0.87323344,-1,-1,-1
00007,2,1390.9701,479.2468,317.89892578125,228.55105590820312,0.7809336,-1,-1,-1
00007,2,1242.4628,65.902245,118.9822998046875,85.71036529541016,0.7219437,-1,-1,-1
00007,7,1017.8244,4.8342876,155.16436767578125,93.97422790527344,0.5230134,-1,-1,-1
00008,2,829.8578,588.513,533.7200927734375,361.43011474609375,0.87179077,-1,-1,-1
00008,2,1376.9471,469.34506,323.476806640625,230.58450317382812,0.86157477,-1,-1,-1
00008,2,1255.9064,62.09699,111.8536376953125,77.24832153320312,0.7140151,-1,-1,-1
00008,7,1017.9844,4.1543775,156.244873046875,94.62702178955078,0.52040505,-1,-1,-1
00009,2,875.6277,599.3695,542.4993896484375,372.7073974609375,0.84140193,-1,-1,-1
00009,2,1363.3881,466.79657,322.5697021484375,225.22625732421875,0.78673977,-1,-1,-1
00009,2,1267.4307,56.373375,103.9716796875,80.7910385131836,0.75436336,-1,-1,-1
00009,7,1017.90405,4.3086805,157.3406982421875,94.3865737915039,0.5523219,-1,-1,-1
00010,2,1341.8546,455.03268,329.624755859375,222.33615112304688,0.7905459,-1,-1,-1
00010,2,935.5603,629.6626,542.2745361328125,373.64599609375,0.78784275,-1,-1,-1
00010,7,1017.2053,4.342557,158.8460693359375,94.47624206542969,0.5608449,-1,-1,-1
00010,2,1276.849,54.196728,98.2052001953125,78.32566833496094,0.52817076,-1,-1,-1
00011,2,1327.3906,445.87463,324.28857421875,221.00347900390625,0.83401424,-1,-1,-1
00011,2,984.9988,655.3982,544.3028564453125,361.26971435546875,0.7962518,-1,-1,-1
00011,2,1285.5198,47.666443,94.6026611328125,78.12960815429688,0.73265845,-1,-1,-1
00011,7,1016.88025,5.3094954,156.701171875,93.5595703125,0.52248293,-1,-1,-1
00012,2,1310.6112,436.94687,327.576416015625,219.61416625976562,0.84619987,-1,-1,-1
00012,2,1073.8552,676.56995,519.629638671875,360.8590087890625,0.78328454,-1,-1,-1
00012,7,1015.7853,5.054321,158.6983642578125,93.95757293701172,0.5494205,-1,-1,-1
00012,2,1293.6495,42.441257,88.1568603515625,77.01222229003906,0.54226685,-1,-1,-1
00013,2,1287.8184,429.93182,332.620361328125,217.32916259765625,0.87130433,-1,-1,-1
00013,2,1126.2706,706.2742,513.86865234375,337.208984375,0.80244154,-1,-1,-1
00013,2,1302.973,38.673542,83.1431884765625,74.4833984375,0.74904233,-1,-1,-1
00013,7,1014.9602,6.7354665,158.076171875,91.9975357055664,0.5125766,-1,-1,-1
00014,2,1266.2961,419.43585,335.3582763671875,219.69317626953125,0.8129755,-1,-1,-1
00014,2,1196.4949,719.2928,498.71533203125,324.73284912109375,0.6952433,-1,-1,-1
00014,2,1309.4185,34.621655,78.692626953125,72.16256713867188,0.64002866,-1,-1,-1
00015,2,1243.793,410.3597,331.4293212890625,219.47158813476562,0.87736446,-1,-1,-1
00015,2,1314.6578,32.240665,76.4403076171875,69.40141296386719,0.83880585,-1,-1,-1
00015,2,1264.6844,755.0711,462.088134765625,296.35260009765625,0.8329879,-1,-1,-1
00016,2,1216.4486,403.73065,341.3543701171875,217.1015625,0.863632,-1,-1,-1
00016,2,1317.9381,28.750278,73.568115234375,68.38832092285156,0.8406432,-1,-1,-1
00016,2,1346.2675,819.2629,435.63720703125,260.56683349609375,0.81210804,-1,-1,-1
00017,2,1193.6598,396.6028,339.62744140625,210.52981567382812,0.9192634,-1,-1,-1
00017,2,1323.0914,25.393948,68.2403564453125,65.42379760742188,0.8802185,-1,-1,-1
00017,2,1418.9202,840.8391,396.9989013671875,238.9906005859375,0.7948932,-1,-1,-1
00018,2,1172.3197,386.80093,337.6182861328125,209.04794311523438,0.9207813,-1,-1,-1
00018,2,1326.2861,22.05802,65.8619384765625,63.15526580810547,0.80486894,-1,-1,-1
00018,2,1007.4392,10.086517,156.8482666015625,91.76216888427734,0.60557675,-1,-1,-1
00018,2,1475.0541,865.72,370.495361328125,214.1097412109375,0.51852226,-1,-1,-1
00019,2,1140.2667,377.2698,341.7510986328125,208.29397583007812,0.91240174,-1,-1,-1
00019,2,1328.5732,18.42351,63.677490234375,63.532798767089844,0.83576894,-1,-1,-1
00019,2,1532.0839,887.7162,345.078125,192.113525390625,0.7547917,-1,-1,-1
00019,2,1003.62836,7.1838965,158.17242431640625,95.72945404052734,0.5460058,-1,-1,-1
00020,2,1110.2255,368.52515,343.9796142578125,204.82525634765625,0.9053923,-1,-1,-1
00020,2,1330.9493,16.14733,60.6090087890625,60.55028533935547,0.8302667,-1,-1,-1
00020,2,1592.1276,908.8687,318.509033203125,170.96099853515625,0.6700248,-1,-1,-1
00020,2,1003.0733,7.5688663,158.42034912109375,97.02201843261719,0.61423504,-1,-1,-1
00021,2,1083.4558,359.0328,345.701416015625,199.50296020507812,0.9283265,-1,-1,-1
00021,2,1334.3866,11.964668,57.0439453125,60.08667755126953,0.7350538,-1,-1,-1
00021,2,1002.17883,8.640335,159.8701171875,97.26979064941406,0.51211137,-1,-1,-1
00022,2,1053.3239,353.49823,340.90380859375,190.95733642578125,0.9084855,-1,-1,-1
00022,2,1336.7454,9.67237,54.2445068359375,56.05651092529297,0.7981095,-1,-1,-1
00023,2,1021.5018,346.64676,341.53094482421875,187.09634399414062,0.94839114,-1,-1,-1
00023,2,1337.1948,6.657138,54.0372314453125,55.27334976196289,0.8448684,-1,-1,-1
00024,2,994.1988,335.62872,336.82684326171875,182.898193359375,0.93403494,-1,-1,-1
00024,2,1338.9446,2.5714123,52.8970947265625,55.4841194152832,0.79095644,-1,-1,-1
00025,2,961.29126,327.12918,339.9046630859375,180.67092895507812,0.9069263,-1,-1,-1
00025,2,1341.369,2.0380428,50.3585205078125,50.96050262451172,0.7647866,-1,-1,-1
00025,2,990.37213,10.671929,163.07843017578125,93.45050048828125,0.5290355,-1,-1,-1
00026,2,927.48676,322.63263,337.03973388671875,172.68984985351562,0.9446649,-1,-1,-1
00026,2,1341.2229,2.131577,51.7076416015625,47.34519577026367,0.68833596,-1,-1,-1
00026,2,984.0412,12.477746,164.60443115234375,92.19217681884766,0.56576705,-1,-1,-1
00027,2,898.71344,312.05188,335.28082275390625,176.324462890625,0.93032825,-1,-1,-1
00027,2,979.93256,7.307835,171.89739990234375,99.59552764892578,0.53742737,-1,-1,-1
00028,2,871.1761,305.1754,325.16949462890625,168.18658447265625,0.9355382,-1,-1,-1
00028,2,1343.5101,0.34327775,47.90478515625,43.571876525878906,0.76179826,-1,-1,-1
00029,2,837.6921,297.69672,327.87237548828125,162.96710205078125,0.9232002,-1,-1,-1
00029,2,1344.0239,0.79259014,47.6376953125,38.682952880859375,0.775692,-1,-1,-1
00029,7,972.53674,5.5773773,172.508056640625,101.95626831054688,0.52411866,-1,-1,-1
00030,2,807.63416,294.19397,317.7005615234375,157.13818359375,0.92248327,-1,-1,-1
00030,2,1344.478,1.1680571,49.4149169921875,35.75762939453125,0.7576583,-1,-1,-1
00030,2,0.25318864,600.2088,163.5570526123047,144.00848388671875,0.5453978,-1,-1,-1
00031,2,775.1366,287.11264,315.2015380859375,157.17352294921875,0.9677844,-1,-1,-1
00031,7,955.83374,7.752853,184.562744140625,105.40259552001953,0.65619993,-1,-1,-1
00031,2,2.186815,594.53503,178.0000762939453,147.77215576171875,0.58337176,-1,-1,-1
00031,2,1346.217,1.1908724,45.2352294921875,31.682212829589844,0.56151086,-1,-1,-1
00032,2,740.3429,279.21042,313.7034912109375,152.08822631835938,0.95196843,-1,-1,-1
00032,7,950.7516,3.7233322,190.58642578125,109.11363983154297,0.67636746,-1,-1,-1
00033,2,710.08997,276.48605,307.901123046875,147.55267333984375,0.9431326,-1,-1,-1
00033,2,4.6139336,582.7843,199.159912109375,152.5888671875,0.74944043,-1,-1,-1
00033,7,954.19135,5.4525743,182.67547607421875,101.9901123046875,0.6005278,-1,-1,-1
00034,2,680.28595,272.98297,299.8568115234375,143.621826171875,0.91737425,-1,-1,-1
00034,2,2.9596326,583.8397,212.98927307128906,158.30499267578125,0.5923776,-1,-1,-1
00034,7,935.51324,8.6564,201.53167724609375,106.70126342773438,0.5344434,-1,-1,-1
00034,2,932.4282,7.620897,192.9937744140625,109.94169616699219,0.5041351,-1,-1,-1
00035,2,649.3503,268.0101,297.2962646484375,139.91110229492188,0.94074446,-1,-1,-1
00035,2,5.5399013,578.4371,224.82908630371094,169.936279296875,0.66492623,-1,-1,-1
00035,2,925.3243,7.996655,200.90069580078125,111.62110900878906,0.5636546,-1,-1,-1
00036,2,620.991,267.55093,286.776611328125,130.15585327148438,0.96416295,-1,-1,-1
00036,2,15.871571,577.533,224.7277374267578,164.35052490234375,0.8633902,-1,-1,-1
00036,7,913.08496,5.461273,216.5714111328125,117.50210571289062,0.690932,-1,-1,-1
00037,2,591.3132,267.48996,278.7076416015625,125.323486328125,0.9769936,-1,-1,-1
00037,2,29.184351,573.86194,230.8759765625,165.0030517578125,0.7190679,-1,-1,-1
00037,7,905.45953,4.202717,208.81634521484375,120.13148498535156,0.6693168,-1,-1,-1
00038,2,560.2455,264.5684,272.913818359375,126.06988525390625,0.95109993,-1,-1,-1
00038,2,41.53103,573.85724,234.65213012695312,154.8616943359375,0.7744499,-1,-1,-1
00038,7,894.6105,9.056952,215.193359375,113.6038589477539,0.67720044,-1,-1,-1
00039,2,533.8793,264.89594,263.41546630859375,122.0728759765625,0.97352695,-1,-1,-1
00039,2,52.44248,569.5936,241.46173095703125,168.04058837890625,0.8169475,-1,-1,-1
00039,7,879.7969,13.490741,229.6209716796875,113.50135040283203,0.6141929,-1,-1,-1
00039,2,1874.0581,744.4227,45.50146484375,157.2900390625,0.57547295,-1,-1,-1
00040,2,503.36853,263.19876,263.62335205078125,119.99029541015625,0.9670252,-1,-1,-1
00040,2,61.980736,563.9711,254.08761596679688,170.56939697265625,0.84915304,-1,-1,-1
00040,7,869.03406,10.973389,224.3416748046875,123.58302307128906,0.79391354,-1,-1,-1
00041,2,478.5577,262.37097,251.83316040039062,120.1446533203125,0.9613959,-1,-1,-1
00041,2,73.743965,561.61566,256.587890625,172.54840087890625,0.8559263,-1,-1,-1
00041,7,857.6127,12.827248,229.7020263671875,122.40628814697266,0.81039584,-1,-1,-1
00042,2,450.4611,265.27603,246.51937866210938,119.88739013671875,0.9240547,-1,-1,-1
00042,2,84.48917,563.88196,270.4198303222656,165.85821533203125,0.7325383,-1,-1,-1
00042,7,841.47,20.230682,240.8214111328125,119.59463500976562,0.7256622,-1,-1,-1
00043,2,422.47986,266.86557,239.7762451171875,117.57830810546875,0.9338256,-1,-1,-1
00043,2,101.154755,563.6502,272.5686950683594,163.39422607421875,0.9270509,-1,-1,-1
00043,7,845.27185,16.396994,230.6253662109375,113.9499282836914,0.6200679,-1,-1,-1
00044,2,113.98409,565.26526,285.6405029296875,161.14013671875,0.9160584,-1,-1,-1
00044,2,398.09552,269.0231,231.91595458984375,115.72796630859375,0.8922248,-1,-1,-1
00044,7,815.69275,24.095047,242.6923828125,120.29598999023438,0.67371094,-1,-1,-1
00044,2,1833.1891,722.1251,86.3704833984375,157.6053466796875,0.6295383,-1,-1,-1
00044,2,0.4414655,499.1535,116.67791748046875,120.05169677734375,0.6266547,-1,-1,-1
00045,2,369.3852,277.11807,223.7344970703125,110.10238647460938,0.9125906,-1,-1,-1
00045,2,131.38626,561.5047,292.6965026855469,165.98382568359375,0.9040244,-1,-1,-1
00045,7,803.1166,24.235598,234.2930908203125,122.19337463378906,0.7472655,-1,-1,-1
00045,2,1825.5259,716.5524,94.03369140625,162.20208740234375,0.71275324,-1,-1,-1
00045,2,0.8008412,496.7988,120.35188293457031,125.89254760742188,0.5887341,-1,-1,-1
00046,2,146.80002,554.4949,302.50823974609375,174.00640869140625,0.94706637,-1,-1,-1
00046,2,345.06125,277.70804,222.34506225585938,116.1700439453125,0.91686743,-1,-1,-1
00046,2,1815.7203,709.77264,103.8392333984375,161.684814453125,0.77249366,-1,-1,-1
00046,7,786.75653,23.603992,247.47344970703125,128.02952575683594,0.6505193,-1,-1,-1
00046,2,0.0,491.73987,139.1528778076172,132.21527099609375,0.6329797,-1,-1,-1
00047,2,1810.4886,704.2402,109.0709228515625,173.064208984375,0.9254882,-1,-1,-1
00047,2,158.4797,553.8127,315.9076232910156,176.8177490234375,0.91918176,-1,-1,-1
00047,2,322.79745,281.93375,211.89315795898438,115.18527221679688,0.89561886,-1,-1,-1
00047,7,769.9569,22.479408,254.32757568359375,133.03237915039062,0.7582813,-1,-1,-1
00047,2,0.0,481.87143,151.0398712158203,155.85604858398438,0.63977754,-1,-1,-1
00048,2,182.08107,550.1786,323.5675048828125,185.33709716796875,0.8934869,-1,-1,-1
00048,2,300.45895,288.39075,204.50958251953125,115.74273681640625,0.8481911,-1,-1,-1
00048,2,1805.4861,703.47485,114.073486328125,170.72564697265625,0.7376023,-1,-1,-1
00048,7,759.53656,35.791447,256.69195556640625,124.34890747070312,0.6837363,-1,-1,-1
00049,2,198.99403,554.4189,338.06658935546875,188.2857666015625,0.92319465,-1,-1,-1
00049,2,277.2804,294.8108,197.03213500976562,115.20751953125,0.9195944,-1,-1,-1
00049,7,741.505,39.557175,253.0645751953125,126.4539794921875,0.79453933,-1,-1,-1
00049,2,1797.3632,701.10077,122.1964111328125,175.55047607421875,0.7691103,-1,-1,-1
00050,2,257.4964,296.90265,188.37380981445312,118.21206665039062,0.9195237,-1,-1,-1
00050,2,220.05437,555.03436,346.485595703125,192.9276123046875,0.90268534,-1,-1,-1
00050,2,1792.2533,698.3539,127.3062744140625,177.4676513671875,0.81354225,-1,-1,-1
00050,7,723.247,43.783966,257.3944091796875,127.36689758300781,0.7858172,-1,-1,-1
00051,2,242.05313,553.1407,361.9275207519531,199.927978515625,0.9322279,-1,-1,-1
00051,2,231.68085,304.40738,185.12405395507812,117.49887084960938,0.89866084,-1,-1,-1
00051,2,1788.4048,692.165,131.15478515625,189.61297607421875,0.75287294,-1,-1,-1
00051,7,704.5175,35.968346,245.70947265625,137.90118408203125,0.72705775,-1,-1,-1
00052,2,264.87344,554.7053,376.2951965332031,210.715576171875,0.92390466,-1,-1,-1
00052,2,210.7078,310.8356,180.21954345703125,120.19442749023438,0.90656203,-1,-1,-1
00052,2,1784.3296,689.1355,135.22998046875,199.69976806640625,0.8161439,-1,-1,-1
00052,7,686.71075,42.16023,259.671142578125,138.0186309814453,0.59343684,-1,-1,-1
00053,2,189.52779,317.19113,171.63807678222656,118.89096069335938,0.9289812,-1,-1,-1
00053,2,291.88855,562.90204,388.86700439453125,216.43035888671875,0.8277847,-1,-1,-1
00053,2,1779.9349,685.94037,139.6246337890625,209.84375,0.773235,-1,-1,-1
00053,7,666.0377,45.63713,262.61932373046875,139.47958374023438,0.54085225,-1,-1,-1
00053,2,667.34595,55.12227,246.91064453125,132.21629333496094,0.5244802,-1,-1,-1
00053,2,18.540018,446.46292,219.74879455566406,162.02243041992188,0.5135944,-1,-1,-1
00054,2,168.30435,324.38925,169.57156372070312,115.49261474609375,0.92631227,-1,-1,-1
00054,2,316.9287,565.27185,409.410400390625,230.50323486328125,0.8469718,-1,-1,-1
00054,2,1773.9214,682.22095,145.63818359375,218.42498779296875,0.6240142,-1,-1,-1
00054,7,648.4415,66.15641,258.6773681640625,126.09749603271484,0.5831657,-1,-1,-1
00054,2,10.569452,426.70447,251.18844604492188,172.52069091796875,0.5440509,-1,-1,-1
00055,2,342.66742,564.44836,422.6494140625,239.81732177734375,0.8977606,-1,-1,-1
00055,2,151.87495,333.76715,163.1224822998047,101.8629150390625,0.82895756,-1,-1,-1
00055,7,633.3808,47.39522,258.0823974609375,142.2135772705078,0.7014752,-1,-1,-1
00055,2,1770.2413,680.41736,149.3182373046875,215.41802978515625,0.6893527,-1,-1,-1
00056,2,375.75537,569.01935,434.286865234375,252.68609619140625,0.8822251,-1,-1,-1
00056,2,128.6319,340.9837,158.86727905273438,104.12017822265625,0.77003783,-1,-1,-1
00056,2,1766.5636,678.44684,152.9959716796875,218.447998046875,0.7031011,-1,-1,-1
00056,7,603.92,55.303596,278.52813720703125,141.94580078125,0.5998431,-1,-1,-1
00056,2,66.68102,415.86603,231.40078735351562,151.82244873046875,0.58206177,-1,-1,-1
00057,2,405.9519,573.17804,461.723388671875,262.04742431640625,0.9203313,-1,-1,-1
00057,2,111.1361,348.4329,155.4735107421875,111.84332275390625,0.7829471,-1,-1,-1
00057,7,585.9453,72.66965,264.46685791015625,139.74270629882812,0.76951164,-1,-1,-1
00057,2,1763.0071,676.2053,156.552490234375,222.34771728515625,0.6842318,-1,-1,-1
00057,2,104.782906,386.52762,201.12533569335938,139.49465942382812,0.5321278,-1,-1,-1
00058,2,438.98102,582.0889,471.572265625,268.3018798828125,0.9160123,-1,-1,-1
00058,2,92.401726,357.9102,150.55050659179688,111.35125732421875,0.79519606,-1,-1,-1
00058,7,568.97974,65.26188,266.508544921875,148.21688842773438,0.76407194,-1,-1,-1
00058,2,106.74193,371.57394,192.6952362060547,125.00540161132812,0.7258063,-1,-1,-1
00058,2,1760.401,673.1912,159.1585693359375,220.2366943359375,0.60110164,-1,-1,-1
00058,2,138.37547,395.10663,210.9082489013672,130.92779541015625,0.57472146,-1,-1,-1
00059,2,465.31058,550.7615,484.2162780761719,284.96356201171875,0.824268,-1,-1,-1
00059,7,539.3839,72.57649,278.84307861328125,147.22120666503906,0.7660657,-1,-1,-1
00059,2,78.4579,368.0378,136.24066162109375,112.31536865234375,0.73425555,-1,-1,-1
00059,2,95.05438,383.69727,279.26824951171875,140.548828125,0.66510683,-1,-1,-1
00059,2,1756.2092,670.11,163.350341796875,224.24530029296875,0.59323955,-1,-1,-1
00060,2,511.99493,564.41125,498.96832275390625,294.41510009765625,0.9237674,-1,-1,-1
00060,2,130.5389,377.58832,270.7283935546875,171.57598876953125,0.70077014,-1,-1,-1
00060,2,1753.4042,669.62604,166.1553955078125,196.96307373046875,0.6830966,-1,-1,-1
00060,7,514.47156,75.91976,254.6314697265625,156.35986328125,0.6824441,-1,-1,-1
00060,2,61.795723,375.09598,133.05343627929688,113.75173950195312,0.6729341,-1,-1,-1
00061,2,556.17773,558.1465,519.218017578125,315.677978515625,0.9269134,-1,-1,-1
00061,2,44.84964,386.78207,130.02037048339844,109.96047973632812,0.73838776,-1,-1,-1
00061,7,500.73346,78.249344,265.62750244140625,154.5032196044922,0.7118509,-1,-1,-1
00061,2,1748.3138,665.8391,171.2457275390625,215.38836669921875,0.71086293,-1,-1,-1
00061,2,149.76836,371.65598,282.128173828125,179.44638061523438,0.6852525,-1,-1,-1
00062,2,605.9091,569.20074,528.3223266601562,331.60687255859375,0.9179264,-1,-1,-1
00062,2,29.624746,394.00143,124.63440704345703,109.3470458984375,0.7375634,-1,-1,-1
00062,2,183.62625,352.93472,281.7913513183594,192.78750610351562,0.71459526,-1,-1,-1
00062,7,474.6658,83.52488,271.0223083496094,162.00518798828125,0.6857944,-1,-1,-1
00062,2,1743.5736,665.2251,175.9859619140625,218.70947265625,0.6395214,-1,-1,-1
00063,2,658.39154,590.7524,534.0248413085938,328.9437255859375,0.8962989,-1,-1,-1
00063,2,9.368733,400.9989,127.02381134033203,108.94427490234375,0.8197949,-1,-1,-1
00063,7,450.90338,91.916435,269.92486572265625,160.7781982421875,0.7688974,-1,-1,-1
00063,2,1737.3075,662.5023,182.2520751953125,228.3717041015625,0.7388589,-1,-1,-1
00063,2,204.04831,339.94427,294.6612243652344,185.20782470703125,0.66194427,-1,-1,-1
00064,2,713.2617,599.7867,533.97021484375,343.4295654296875,0.87472284,-1,-1,-1
00064,7,430.62433,94.058975,267.11322021484375,169.73143005371094,0.85134387,-1,-1,-1
00064,2,1728.4163,652.038,191.143310546875,230.74127197265625,0.73236656,-1,-1,-1
00064,2,0.8708251,411.08466,117.08512878417969,105.857666015625,0.57478315,-1,-1,-1
00064,2,228.55392,323.61575,308.1117858886719,193.39852905273438,0.5452705,-1,-1,-1
00065,2,755.7152,611.30945,547.9100341796875,350.63848876953125,0.82786673,-1,-1,-1
00065,2,1723.4086,650.34875,196.1510009765625,237.08734130859375,0.79102975,-1,-1,-1
00065,7,399.98022,108.205376,265.95880126953125,160.551513671875,0.777584,-1,-1,-1
00065,2,1.6176347,423.63693,94.79590606689453,98.02566528320312,0.6208964,-1,-1,-1
00065,7,260.3895,306.91357,322.5454406738281,201.61984252929688,0.5506598,-1,-1,-1
00066,7,380.3081,112.329445,253.9068603515625,171.59085083007812,0.78652185,-1,-1,-1
00066,2,805.1958,643.02765,557.8927001953125,350.05462646484375,0.77569926,-1,-1,-1
00066,2,0.0,431.70868,79.16842651367188,87.19952392578125,0.69747186,-1,-1,-1
00066,2,1714.6549,651.7803,204.9046630859375,230.52447509765625,0.66569525,-1,-1,-1
00067,2,1702.7728,647.87946,216.7867431640625,227.989990234375,0.7748663,-1,-1,-1
00067,7,355.3497,119.256424,257.7004699707031,175.45204162597656,0.7427984,-1,-1,-1
00067,2,866.72015,650.5869,556.8170776367188,357.5048828125,0.62812287,-1,-1,-1
00067,7,325.82388,291.2763,331.5158996582031,193.69400024414062,0.5958201,-1,-1,-1
00067,7,336.30917,202.44081,303.8354797363281,226.7637176513672,0.52339184,-1,-1,-1
00068,2,1697.8022,644.3266,220.5477294921875,226.38671875,0.77516675,-1,-1,-1
00068,7,323.95984,128.60088,261.84375,180.1610870361328,0.7341123,-1,-1,-1
00068,2,928.8333,668.09265,548.2146606445312,360.4466552734375,0.67176217,-1,-1,-1
00068,7,364.00427,271.775,340.390625,198.01129150390625,0.59927136,-1,-1,-1
00068,7,349.06662,202.75864,310.7008972167969,215.30194091796875,0.54197955,-1,-1,-1
00069,7,304.4449,130.49045,258.5909423828125,189.39736938476562,0.8478826,-1,-1,-1
00069,2,1681.7509,640.8063,236.092041015625,220.8001708984375,0.80076396,-1,-1,-1
00069,2,988.18896,697.90826,545.8544921875,337.83087158203125,0.7203329,-1,-1,-1
00069,7,401.4172,257.86493,345.9769592285156,197.20843505859375,0.6166077,-1,-1,-1
00070,2,1061.7324,717.5511,523.2017822265625,319.29351806640625,0.75033194,-1,-1,-1
00070,7,285.61618,139.51974,249.03494262695312,184.47598266601562,0.7322668,-1,-1,-1
00070,2,1668.3431,626.93243,250.279541015625,230.990966796875,0.6877209,-1,-1,-1
00070,7,444.20923,247.5419,345.00811767578125,190.66314697265625,0.66197646,-1,-1,-1
00071,2,1656.5865,613.6474,259.83837890625,239.40972900390625,0.770356,-1,-1,-1
00071,7,256.5786,156.56754,244.67251586914062,182.93649291992188,0.6039639,-1,-1,-1
00071,7,488.7105,234.03152,344.087158203125,196.631591796875,0.5877213,-1,-1,-1
00072,2,1208.7684,799.12,480.3270263671875,277.1168212890625,0.718496,-1,-1,-1
00072,2,1641.725,603.91736,271.5987548828125,245.45172119140625,0.6772748,-1,-1,-1
00072,7,232.5815,162.40009,240.99098205566406,183.14083862304688,0.57636046,-1,-1,-1
00072,7,529.924,219.14262,347.0272216796875,192.0134735107422,0.50950843,-1,-1,-1
00073,2,1275.2552,822.26917,454.682373046875,257.560546875,0.8397239,-1,-1,-1
00073,2,1622.9443,596.0164,279.404296875,241.3580322265625,0.70185083,-1,-1,-1
00073,7,209.95952,173.38841,233.0910186767578,192.99205017089844,0.6520788,-1,-1,-1
00073,2,570.74603,208.79434,345.1348876953125,183.68795776367188,0.65106905,-1,-1,-1
00073,7,570.81396,211.0327,347.2855224609375,179.26829528808594,0.527616,-1,-1,-1
00074,2,1339.1783,843.90283,436.571044921875,235.9268798828125,0.8637164,-1,-1,-1
00074,2,1601.9419,582.62177,292.056884765625,248.21246337890625,0.7082643,-1,-1,-1
00074,2,618.9479,198.8604,343.10028076171875,178.2854766845703,0.6040993,-1,-1,-1
00074,7,184.9187,193.6535,234.16091918945312,180.52035522460938,0.60014,-1,-1,-1
00075,7,163.19511,197.96397,229.1276092529297,177.22462463378906,0.67483324,-1,-1,-1
00075,2,663.056,191.17845,342.5382080078125,168.65858459472656,0.62425137,-1,-1,-1
00075,2,1406.6139,869.5798,390.58642578125,210.24993896484375,0.6223975,-1,-1,-1
00075,2,1582.4154,610.1333,292.522705078125,206.46099853515625,0.52278703,-1,-1,-1
00076,2,1468.224,887.739,359.3992919921875,192.0906982421875,0.69291925,-1,-1,-1
00076,7,140.88297,213.81393,235.50515747070312,176.14169311523438,0.66178083,-1,-1,-1
00076,2,1567.1624,621.5184,295.188232421875,190.9647216796875,0.5613009,-1,-1,-1
00076,2,706.96094,175.35246,335.4615478515625,165.86415100097656,0.54057926,-1,-1,-1
00077,2,1526.1382,907.7382,342.2086181640625,172.09149169921875,0.8258609,-1,-1,-1
00077,2,752.9225,164.48177,325.84130859375,168.33558654785156,0.7082977,-1,-1,-1
00077,7,115.82406,230.88289,220.63418579101562,178.3799285888672,0.65956575,-1,-1,-1
00078,7,102.502365,241.26346,210.89540100097656,188.38131713867188,0.82676566,-1,-1,-1
00078,2,797.8383,152.49998,311.70867919921875,161.8344268798828,0.65913945,-1,-1,-1
00078,2,1574.9696,930.44324,318.8006591796875,149.386474609375,0.5597693,-1,-1,-1
00078,2,1527.3264,583.47095,301.907958984375,207.7523193359375,0.5089048,-1,-1,-1
00079,7,82.360695,250.44217,207.54672241210938,189.78707885742188,0.7114755,-1,-1,-1
00079,2,1497.1206,539.6444,317.8712158203125,234.86480712890625,0.7095652,-1,-1,-1
00079,2,1630.1058,940.641,276.7242431640625,139.188720703125,0.6910529,-1,-1,-1
00079,2,838.19745,147.17104,303.38787841796875,154.35414123535156,0.59067225,-1,-1,-1
00080,7,70.41536,263.53854,193.61900329589844,191.3309326171875,0.7773003,-1,-1,-1
00080,2,1683.4913,955.2275,236.0682373046875,124.60223388671875,0.68691194,-1,-1,-1
00080,2,1477.5735,517.9299,324.59375,219.579833984375,0.6745811,-1,-1,-1
00080,2,878.7223,132.30292,296.1287841796875,151.3236083984375,0.62508005,-1,-1,-1
00080,2,1503.9768,605.606,286.0662841796875,165.61334228515625,0.53187287,-1,-1,-1
00081,7,50.551796,276.54892,193.65634155273438,185.61456298828125,0.792721,-1,-1,-1
00081,2,1448.938,574.4718,330.7860107421875,179.160400390625,0.6665185,-1,-1,-1
00081,2,1450.5122,509.59546,339.4320068359375,186.939453125,0.5409923,-1,-1,-1
00081,2,925.6592,126.658714,277.701904296875,145.449462890625,0.5151862,-1,-1,-1
00082,2,1419.0869,496.86627,335.571533203125,240.99700927734375,0.7299657,-1,-1,-1
00082,7,27.030266,288.15466,192.40408325195312,189.83944702148438,0.7279597,-1,-1,-1
00082,2,961.84247,116.35466,263.11138916015625,142.91090393066406,0.69795686,-1,-1,-1
00083,2,1389.6664,483.1472,346.2218017578125,248.60910034179688,0.7574526,-1,-1,-1
00083,7,10.099969,299.2465,190.20228576660156,189.02227783203125,0.7203001,-1,-1,-1
00083,2,996.32794,107.89346,250.84149169921875,139.75025939941406,0.682172,-1,-1,-1
00084,2,1037.0616,105.24214,229.3446044921875,129.88397216796875,0.7983655,-1,-1,-1
00084,2,1360.7687,468.4468,344.2908935546875,246.31466674804688,0.72399396,-1,-1,-1
00084,2,0.0,539.63446,80.80876159667969,90.9637451171875,0.6496763,-1,-1,-1
00084,7,2.076699,315.28,164.61683654785156,185.75946044921875,0.57518506,-1,-1,-1
00085,2,1328.8792,449.4046,352.5679931640625,256.578857421875,0.8561927,-1,-1,-1
00085,2,1069.6113,98.77594,210.4281005859375,121.08396911621094,0.7675336,-1,-1,-1
00085,2,0.0,538.43994,85.38899230957031,92.64385986328125,0.65448433,-1,-1,-1
00085,7,0.085095964,332.26144,148.286865234375,172.26669311523438,0.6244019,-1,-1,-1
00086,2,1293.135,433.88956,353.1671142578125,253.34542846679688,0.7377952,-1,-1,-1
00086,2,1097.9244,93.279686,201.0814208984375,118.0722427368164,0.65132606,-1,-1,-1
00086,2,0.0,538.8036,86.59846496582031,90.898681640625,0.61266226,-1,-1,-1
00086,7,0.8321257,347.81573,128.01045989990234,145.7708740234375,0.56081194,-1,-1,-1
00087,2,1267.2461,416.56244,349.9393310546875,249.10723876953125,0.8323297,-1,-1,-1
00087,2,1127.7599,83.31141,188.88720703125,114.29967498779297,0.7119689,-1,-1,-1
00087,2,0.0,537.68616,89.75337219238281,92.37774658203125,0.58696264,-1,-1,-1
00087,7,0.26517326,359.6871,110.66443634033203,142.65682983398438,0.5564222,-1,-1,-1
00088,2,1224.4308,404.52927,366.785400390625,235.01486206054688,0.84005934,-1,-1,-1
00088,2,1155.7241,76.64228,174.216552734375,112.12055206298828,0.62654024,-1,-1,-1
00089,2,1194.9355,396.1115,360.3795166015625,235.701904296875,0.8248808,-1,-1,-1
00089,2,1178.3676,74.041626,160.296875,103.34420776367188,0.5418156,-1,-1,-1
00090,2,1160.8481,381.38986,358.970947265625,232.24575805664062,0.8994505,-1,-1,-1
00091,2,1126.0325,366.13892,363.3609619140625,232.0211181640625,0.85872555,-1,-1,-1
00092,2,1086.8895,350.32874,362.3133544921875,232.25042724609375,0.8874378,-1,-1,-1
00093,2,1056.4924,343.30157,358.216796875,225.8719482421875,0.90542424,-1,-1,-1
00094,2,1017.6797,334.58496,359.1710205078125,212.50054931640625,0.87872136,-1,-1,-1
00095,2,981.9356,317.86502,355.73309326171875,212.16433715820312,0.88974035,-1,-1,-1
00096,2,945.0451,306.5103,355.19671630859375,207.91070556640625,0.9118077,-1,-1,-1
00097,2,915.49255,300.2087,339.1004638671875,198.50338745117188,0.89052796,-1,-1,-1
00097,2,1306.2551,37.37423,89.5706787109375,77.83380889892578,0.6838885,-1,-1,-1
00098,2,877.13525,286.60757,343.81494140625,198.23828125,0.8965094,-1,-1,-1
00098,2,1314.8303,33.0065,84.9273681640625,75.26615142822266,0.78868115,-1,-1,-1
00099,2,841.2478,277.21875,341.791259765625,193.94662475585938,0.9223078,-1,-1,-1
00099,2,1325.352,32.057167,78.3533935546875,69.56238555908203,0.6765095,-1,-1,-1
00100,2,804.0838,270.07953,340.27459716796875,184.15145874023438,0.9302116,-1,-1,-1
00100,2,1328.9004,25.847576,79.5543212890625,70.34246826171875,0.5619325,-1,-1,-1
00101,2,770.4226,263.4585,331.138427734375,180.47393798828125,0.9105564,-1,-1,-1
00101,2,1335.8987,23.338457,73.8729248046875,68.11863708496094,0.7036143,-1,-1,-1
00102,2,736.9765,257.81754,324.60247802734375,170.790771484375,0.9073361,-1,-1,-1
00102,2,1339.5579,19.056915,72.8604736328125,65.0779800415039,0.65783256,-1,-1,-1
00103,2,705.56305,252.51126,312.48236083984375,164.526611328125,0.92469656,-1,-1,-1
00103,2,1345.0759,16.060692,69.5906982421875,62.93030548095703,0.7496444,-1,-1,-1
00103,7,0.6157107,586.35126,132.76071166992188,150.333984375,0.55702853,-1,-1,-1
00104,2,670.1729,246.55566,305.8255615234375,160.58157348632812,0.9384948,-1,-1,-1
00104,2,1349.5841,12.640404,66.6549072265625,62.31700897216797,0.83576477,-1,-1,-1
00104,7,0.0,580.9308,146.12802124023438,156.47021484375,0.5978271,-1,-1,-1
00105,2,639.38965,244.49612,296.56036376953125,151.95809936523438,0.94044924,-1,-1,-1
00105,2,1353.2445,10.446553,64.3360595703125,59.05373001098633,0.8843355,-1,-1,-1
00105,7,1.3982458,525.537,157.5432586669922,205.74591064453125,0.58842236,-1,-1,-1
00106,2,606.41736,242.23271,292.9781494140625,147.22068786621094,0.9564134,-1,-1,-1
00106,2,1356.8303,8.845498,61.5377197265625,55.56996536254883,0.7860923,-1,-1,-1
00106,7,0.781087,553.3785,169.5848846435547,181.56494140625,0.6854241,-1,-1,-1
00106,2,1871.294,790.28345,48.265625,127.32708740234375,0.5015713,-1,-1,-1
00107,2,574.9662,242.8994,288.2686767578125,139.52635192871094,0.96557605,-1,-1,-1
00107,2,1361.9995,5.3754025,59.40283203125,55.47489929199219,0.73319924,-1,-1,-1
00107,2,1868.285,790.43317,51.2745361328125,124.84283447265625,0.60093176,-1,-1,-1
00108,2,545.4648,243.34848,281.603515625,134.77828979492188,0.96937156,-1,-1,-1
00108,2,1866.6807,789.516,52.87890625,124.241943359375,0.62027013,-1,-1,-1
00108,2,1362.869,3.6254573,56.97998046875,51.73149108886719,0.60802203,-1,-1,-1
00108,7,6.2378716,556.9649,191.8267364501953,169.1873779296875,0.54388505,-1,-1,-1
00109,2,514.03705,242.92142,271.2279052734375,133.83905029296875,0.95598173,-1,-1,-1
00109,2,1863.6787,789.18115,55.880859375,124.445556640625,0.573351,-1,-1,-1
00109,2,1366.5687,2.3638833,53.437744140625,48.49528503417969,0.50962985,-1,-1,-1
00110,2,485.56076,241.3133,265.7707214355469,132.23358154296875,0.93084824,-1,-1,-1
00110,7,6.2425637,536.7984,235.7641143798828,181.51275634765625,0.5365559,-1,-1,-1
00110,2,1862.378,787.9592,57.1815185546875,126.5323486328125,0.51506424,-1,-1,-1
00111,2,454.21408,243.07858,265.0174255371094,127.51495361328125,0.94962573,-1,-1,-1
00111,7,2.633378,525.6553,253.6671905517578,185.6103515625,0.56989205,-1,-1,-1
00112,2,429.42123,244.47437,254.19564819335938,129.02874755859375,0.9109341,-1,-1,-1
00112,7,4.0643616,514.74146,285.6677551269531,214.365966796875,0.6678048,-1,-1,-1
00113,2,401.0521,246.97972,249.16683959960938,127.58448791503906,0.9204222,-1,-1,-1
00113,7,16.785555,508.54388,288.2066955566406,221.83245849609375,0.6828298,-1,-1,-1
00114,2,373.35083,246.08412,240.90960693359375,129.85072326660156,0.8712039,-1,-1,-1
00114,7,25.939756,504.9008,315.13726806640625,215.49691772460938,0.5594788,-1,-1,-1
00115,2,348.63602,251.91594,232.95645141601562,127.22062683105469,0.868066,-1,-1,-1
00115,7,57.804436,489.2805,308.8956604003906,223.75363159179688,0.6794444,-1,-1,-1
00116,2,323.17282,249.5801,228.64584350585938,138.57395935058594,0.8758357,-1,-1,-1
00116,7,68.84922,476.41965,320.15802001953125,230.58383178710938,0.5186382,-1,-1,-1
00117,2,301.93878,254.27858,218.81781005859375,142.3577117919922,0.8424746,-1,-1,-1
00117,2,0.12530933,508.00906,167.35171508789062,135.08853149414062,0.5185661,-1,-1,-1
00117,7,86.194855,464.7945,341.4638671875,224.3699951171875,0.50019443,-1,-1,-1
00118,2,275.89804,269.31064,208.7559814453125,123.97406005859375,0.7845409,-1,-1,-1
00118,7,0.9553023,507.46823,132.09603881835938,134.61300659179688,0.52682835,-1,-1,-1
00119,2,254.14214,266.63693,203.74989318847656,142.8492431640625,0.81572515,-1,-1,-1
00119,7,124.96054,440.0407,369.1681823730469,231.85333251953125,0.62176794,-1,-1,-1
00120,2,230.98402,276.45657,203.82652282714844,138.26702880859375,0.69636196,-1,-1,-1
00120,7,151.95714,425.21628,379.6468505859375,234.30911254882812,0.64364266,-1,-1,-1
00121,2,209.57639,285.05948,189.47760009765625,135.5533447265625,0.70996076,-1,-1,-1
00121,7,189.8229,408.3171,375.0145568847656,245.47805786132812,0.6199251,-1,-1,-1
00121,2,1854.6028,782.3989,64.956787109375,130.50360107421875,0.5732928,-1,-1,-1
00122,2,187.96204,291.836,182.85247802734375,138.61801147460938,0.7596948,-1,-1,-1
00122,2,1853.031,781.3059,66.528564453125,130.56536865234375,0.5888164,-1,-1,-1
00122,5,213.12286,397.31476,407.66644287109375,227.20806884765625,0.5687584,-1,-1,-1
00123,2,165.92218,301.1785,179.35629272460938,140.26565551757812,0.7513752,-1,-1,-1
00123,5,243.35628,381.54718,400.46343994140625,217.2059326171875,0.58467114,-1,-1,-1
00123,2,1852.3439,779.69525,67.2156982421875,131.98724365234375,0.5166554,-1,-1,-1
00124,2,146.55452,308.81058,169.5729217529297,139.13131713867188,0.7342126,-1,-1,-1
00124,5,280.95288,370.45438,409.82080078125,243.38821411132812,0.70294553,-1,-1,-1
00124,7,287.46686,370.5312,404.2479248046875,241.650634765625,0.5602851,-1,-1,-1
00124,2,1851.6407,779.27673,67.9188232421875,131.9984130859375,0.51883626,-1,-1,-1
00125,5,312.1114,355.03604,427.5482177734375,233.16659545898438,0.73900926,-1,-1,-1
00125,2,125.60914,318.80475,164.690673828125,138.44351196289062,0.7139051,-1,-1,-1
00125,2,1851.1034,778.1484,68.4561767578125,131.89593505859375,0.57278854,-1,-1,-1
00125,7,320.96863,351.35077,421.18048095703125,234.76190185546875,0.568897,-1,-1,-1
00126,5,352.39783,340.5439,434.70977783203125,239.23873901367188,0.7889504,-1,-1,-1
00126,2,103.997345,326.98697,161.7105712890625,138.12533569335938,0.7137787,-1,-1,-1
00126,2,1849.8593,777.2774,69.7003173828125,133.0311279296875,0.590391,-1,-1,-1
00127,5,399.16254,326.74924,431.9871826171875,245.02865600585938,0.7443602,-1,-1,-1
00127,2,84.59711,336.73114,154.9125213623047,141.64730834960938,0.6780913,-1,-1,-1
00127,7,399.8359,327.85263,432.4548645019531,243.61831665039062,0.5646598,-1,-1,-1
00127,2,1848.8055,776.7104,70.7540283203125,133.21307373046875,0.5520919,-1,-1,-1
00127,2,26.419775,466.96234,174.44825744628906,143.530517578125,0.5028664,-1,-1,-1
00128,2,63.624702,349.01395,150.99154663085938,134.31008911132812,0.8263383,-1,-1,-1
00128,5,444.31622,313.26358,436.10675048828125,240.66207885742188,0.7852233,-1,-1,-1
00128,2,1845.9515,775.6022,73.6080322265625,133.96710205078125,0.6910973,-1,-1,-1
00128,7,439.64203,300.39862,435.9898681640625,231.1297607421875,0.61158067,-1,-1,-1
00128,2,25.425186,465.1255,180.33168029785156,136.8731689453125,0.503746,-1,-1,-1
00129,2,1843.7267,774.17816,75.8328857421875,136.3504638671875,0.7493382,-1,-1,-1
00129,2,48.574593,359.79642,138.53286743164062,132.08737182617188,0.61174625,-1,-1,-1
00129,7,489.02817,295.80515,435.1376647949219,240.98269653320312,0.5592464,-1,-1,-1
00130,2,1840.6339,773.42755,78.9256591796875,136.7899169921875,0.7768238,-1,-1,-1
00130,7,531.8643,284.58514,434.005859375,238.6029052734375,0.743827,-1,-1,-1
00130,2,27.617218,373.21774,141.29193115234375,133.40234375,0.66642153,-1,-1,-1
00130,5,529.67975,275.54736,424.74822998046875,239.773681640625,0.558817,-1,-1,-1
00130,2,1178.5983,0.0,59.595458984375,27.711063385009766,0.53960145,-1,-1,-1
00130,2,42.905678,450.7319,196.5677490234375,146.99423217773438,0.51289606,-1,-1,-1
00131,2,1837.3605,769.9826,82.1990966796875,140.59771728515625,0.75271595,-1,-1,-1
00131,7,580.4742,270.886,432.71527099609375,237.09921264648438,0.7417065,-1,-1,-1
00131,2,12.97937,384.6744,132.99114990234375,129.67428588867188,0.70015013,-1,-1,-1
00131,2,63.173832,447.59985,195.37249755859375,126.739013671875,0.66626143,-1,-1,-1
00131,2,1174.9048,0.0,61.434326171875,29.799989700317383,0.6436814,-1,-1,-1
00131,5,582.8292,270.34146,438.82598876953125,237.11572265625,0.5277559,-1,-1,-1
00132,2,1833.6328,769.2262,85.9267578125,140.859619140625,0.7969537,-1,-1,-1
00132,5,628.40936,259.33377,429.75738525390625,229.71688842773438,0.7024195,-1,-1,-1
00132,2,1171.2411,0.0,64.192626953125,32.29316711425781,0.57325035,-1,-1,-1
00132,2,69.29013,436.96884,197.8968505859375,141.47433471679688,0.5638143,-1,-1,-1
00132,7,628.33923,260.04346,425.7264404296875,226.97625732421875,0.5188084,-1,-1,-1
00132,2,1.5280721,395.00168,124.01280975341797,131.72879028320312,0.5113839,-1,-1,-1
00133,5,663.34094,242.7827,423.7010498046875,223.0359344482422,0.8271747,-1,-1,-1
00133,2,86.36078,428.00912,200.74038696289062,143.23263549804688,0.6958096,-1,-1,-1
00133,2,0.7600731,407.97214,102.75456237792969,110.30258178710938,0.6814258,-1,-1,-1
00133,2,1168.8125,0.0,63.0133056640625,35.90788650512695,0.635197,-1,-1,-1
00133,2,1829.102,766.7098,90.45751953125,145.51904296875,0.5766792,-1,-1,-1
00133,7,676.72363,246.29034,416.1993408203125,222.81582641601562,0.5487942,-1,-1,-1
00134,2,1165.8845,0.0,65.2320556640625,38.69544982910156,0.76427996,-1,-1,-1
00134,5,730.9742,236.30008,413.53582763671875,215.69781494140625,0.74249226,-1,-1,-1
00134,2,0.21134189,421.2237,82.69567108154297,102.06219482421875,0.7078093,-1,-1,-1
00134,2,1826.5491,765.07526,93.010498046875,147.1766357421875,0.6642615,-1,-1,-1
00134,2,97.91515,424.83792,201.1419677734375,128.40585327148438,0.64880913,-1,-1,-1
00135,2,1161.8616,0.0,67.249267578125,41.771244049072266,0.78838855,-1,-1,-1
00135,7,763.08685,220.86282,407.49395751953125,209.0318603515625,0.7198677,-1,-1,-1
00135,2,112.70181,410.52667,212.730224609375,139.07757568359375,0.68902344,-1,-1,-1
00135,5,778.83795,229.11928,400.45709228515625,203.95921325683594,0.6477743,-1,-1,-1
00135,2,0.39796188,431.3034,61.401180267333984,95.90472412109375,0.5742824,-1,-1,-1
00135,2,1821.0771,764.03284,98.482421875,147.88983154296875,0.5452572,-1,-1,-1
00136,2,123.72089,403.39142,222.4677734375,149.9051513671875,0.83264434,-1,-1,-1
00136,5,828.58636,215.45686,378.16729736328125,200.7307586669922,0.7498042,-1,-1,-1
00136,2,1157.5068,0.094957285,70.496826171875,44.0150260925293,0.6652739,-1,-1,-1
00136,2,0.6758068,445.2191,41.3846435546875,79.38522338867188,0.57654244,-1,-1,-1
00136,7,1815.2968,764.2779,104.2628173828125,145.57965087890625,0.57084435,-1,-1,-1
00136,7,819.648,207.64644,382.21051025390625,205.4724884033203,0.55144846,-1,-1,-1
00137,5,878.8157,199.93008,358.8533935546875,200.7393798828125,0.81761,-1,-1,-1
00137,2,147.01099,392.75974,221.03189086914062,150.40676879882812,0.7387639,-1,-1,-1
00137,2,1154.0431,0.0,71.2176513671875,46.49232482910156,0.6558062,-1,-1,-1
00137,2,1809.7975,759.6779,109.7620849609375,153.41546630859375,0.5893798,-1,-1,-1
00138,2,171.4883,386.23477,221.43614196777344,139.51730346679688,0.8286245,-1,-1,-1
00138,7,922.1601,188.33733,348.53594970703125,195.32350158691406,0.7141077,-1,-1,-1
00138,5,923.2649,189.12578,352.0391845703125,191.20387268066406,0.71174884,-1,-1,-1
00138,2,1151.2175,0.0,72.5584716796875,50.335243225097656,0.6933346,-1,-1,-1
00138,2,1804.3323,756.89795,115.227294921875,160.614990234375,0.5258665,-1,-1,-1
00139,2,190.33673,379.01633,224.83114624023438,139.06210327148438,0.8499687,-1,-1,-1
00139,2,1146.2744,0.0,75.9232177734375,53.945796966552734,0.7753208,-1,-1,-1
00139,5,968.5733,183.30156,333.04705810546875,178.51585388183594,0.5880486,-1,-1,-1
00139,2,1794.3744,753.5276,125.1851806640625,166.3411865234375,0.5419495,-1,-1,-1
00140,2,213.17639,359.32404,227.806884765625,153.48992919921875,0.8436256,-1,-1,-1
00140,2,1142.9739,0.0,75.53125,55.24325180053711,0.7940087,-1,-1,-1
00140,7,1005.768,173.86435,316.41229248046875,175.67739868164062,0.5638091,-1,-1,-1
00141,2,1137.5779,0.51487494,80.178955078125,56.891761779785156,0.9165011,-1,-1,-1
00141,2,234.45697,351.46643,234.30523681640625,150.00100708007812,0.8505041,-1,-1,-1
00141,7,1049.72,163.00807,296.6456298828125,169.8982696533203,0.820023,-1,-1,-1
00141,2,1777.3,746.8711,142.259521484375,167.30743408203125,0.58237517,-1,-1,-1
00142,2,260.29483,340.17947,237.29043579101562,144.09597778320312,0.9184692,-1,-1,-1
00142,2,1133.5367,0.5042238,80.788818359375,59.10972213745117,0.7416203,-1,-1,-1
00142,5,1086.1179,157.41522,269.281494140625,162.21621704101562,0.61694485,-1,-1,-1
00143,2,1129.566,0.88412327,83.964599609375,62.577415466308594,0.9134722,-1,-1,-1
00143,2,287.68622,330.22333,241.88763427734375,144.7681884765625,0.8389481,-1,-1,-1
00143,7,1120.4828,148.43698,255.803955078125,155.82830810546875,0.6356376,-1,-1,-1
00144,2,1126.7189,0.0,83.6695556640625,66.05754089355469,0.9353382,-1,-1,-1
00144,2,315.1521,315.24988,249.639892578125,148.61691284179688,0.9068033,-1,-1,-1
00144,7,1150.4442,133.57864,244.9215087890625,159.0704345703125,0.76002854,-1,-1,-1
00145,2,1122.4011,0.0,88.111328125,67.38055419921875,0.9354892,-1,-1,-1
00145,7,1176.7296,129.85847,231.3115234375,147.5056915283203,0.8606935,-1,-1,-1
00145,2,345.1042,298.93613,255.7933349609375,149.77163696289062,0.8582193,-1,-1,-1
00145,2,1721.5095,721.2043,198.050048828125,177.81494140625,0.5732368,-1,-1,-1
00146,2,1116.8448,0.0,91.463623046875,69.25016021728516,0.9615825,-1,-1,-1
00146,2,373.7272,292.82974,261.0084533691406,141.448974609375,0.8889635,-1,-1,-1
00146,7,1210.0643,120.690704,213.0048828125,145.092041015625,0.7036084,-1,-1,-1
00146,2,1705.3153,711.6709,211.9404296875,185.120361328125,0.6453037,-1,-1,-1
00146,2,1212.5698,119.88357,205.09375,145.1468505859375,0.5807591,-1,-1,-1
00147,2,1109.6248,0.13496713,96.758056640625,71.73464965820312,0.9489792,-1,-1,-1
00147,7,1231.8046,111.56555,197.356689453125,138.96421813964844,0.9106136,-1,-1,-1
00147,2,410.65964,280.6141,258.0769348144531,143.19061279296875,0.900573,-1,-1,-1
00147,2,1682.773,704.2611,225.540283203125,192.20172119140625,0.5787201,-1,-1,-1
00148,2,1104.2017,0.25338626,98.89306640625,74.82820129394531,0.88892895,-1,-1,-1
00148,2,445.18997,261.54016,268.3175964355469,150.48745727539062,0.8836816,-1,-1,-1
00148,7,1255.2388,110.18353,181.1881103515625,129.59120178222656,0.76407427,-1,-1,-1
00148,2,1664.1864,693.3929,230.25439453125,195.09344482421875,0.6087232,-1,-1,-1
00149,2,484.11966,253.30649,266.4764709472656,139.87020874023438,0.90966445,-1,-1,-1
00149,2,1098.217,0.77692866,104.172119140625,75.91259002685547,0.8822456,-1,-1,-1
00149,7,1278.5671,101.01197,167.6629638671875,128.0597152709961,0.8019645,-1,-1,-1
00149,2,1280.8882,97.996284,163.738037109375,134.82489013671875,0.54194546,-1,-1,-1
00149,2,1639.0388,686.5652,239.163330078125,195.92047119140625,0.5336066,-1,-1,-1
00150,2,518.6879,242.36478,270.9503173828125,138.71533203125,0.9502687,-1,-1,-1
00150,2,1091.3616,0.0,106.4622802734375,80.11709594726562,0.8894177,-1,-1,-1
00150,2,1614.7006,671.09863,250.32470703125,204.3914794921875,0.73754704,-1,-1,-1
00150,7,1297.3427,96.16869,154.6541748046875,121.9953842163086,0.6125003,-1,-1,-1
00150,2,1296.8,94.970245,154.189208984375,123.8856201171875,0.5247189,-1,-1,-1
00151,2,555.5364,225.22267,271.4515380859375,145.2997589111328,0.9166353,-1,-1,-1
00151,2,1090.4297,0.26261762,106.4381103515625,79.57749938964844,0.8730845,-1,-1,-1
00151,2,1586.6401,661.6707,266.1732177734375,209.87615966796875,0.6370841,-1,-1,-1
00151,2,1313.6292,88.74491,144.568603515625,119.73348236083984,0.6255935,-1,-1,-1
00151,7,1313.6375,89.735115,144.0966796875,118.25106048583984,0.6186441,-1,-1,-1
00152,2,592.9953,215.64005,270.86004638671875,134.55673217773438,0.9189443,-1,-1,-1
00152,2,1082.2147,0.47320813,107.8065185546875,82.02481842041016,0.84685904,-1,-1,-1
00152,2,1329.5984,85.728165,136.46240234375,113.00477600097656,0.72892773,-1,-1,-1
00152,2,1561.0637,653.75397,264.638671875,201.91143798828125,0.5696151,-1,-1,-1
00152,7,1558.7692,652.9482,270.6483154296875,202.7857666015625,0.5363724,-1,-1,-1
00153,2,636.53687,206.65303,269.68963623046875,128.17543029785156,0.9632197,-1,-1,-1
00153,2,1076.2919,2.6500301,113.8043212890625,82.15106964111328,0.91393536,-1,-1,-1
00153,2,0.0,629.75385,107.82581329345703,118.2587890625,0.5277404,-1,-1,-1
00153,2,1345.638,79.71903,123.603271484375,109.99207305908203,0.51395434,-1,-1,-1
00154,2,677.9757,197.92111,268.60003662109375,131.82601928710938,0.9621953,-1,-1,-1
00154,2,1069.8156,1.8710221,118.163818359375,83.80461883544922,0.8852919,-1,-1,-1
00154,2,1356.3612,74.75073,114.5255126953125,103.51274108886719,0.7126915,-1,-1,-1
00154,2,1490.1616,637.7817,292.0343017578125,194.2861328125,0.6474062,-1,-1,-1
00154,7,1356.9137,74.30785,112.66845703125,104.79402923583984,0.58774316,-1,-1,-1
00155,2,719.1961,187.10452,258.63861083984375,127.83816528320312,0.936482,-1,-1,-1
00155,2,1063.9562,1.3925706,122.5587158203125,85.25696563720703,0.80929476,-1,-1,-1
00155,2,1370.4985,69.77048,101.9376220703125,100.73861694335938,0.6829801,-1,-1,-1
00155,2,1453.3177,615.35913,304.4530029296875,213.8831787109375,0.5799386,-1,-1,-1
00155,7,1370.3336,71.46894,101.875,99.3617935180664,0.53658885,-1,-1,-1
00156,2,758.2423,175.1289,263.21258544921875,127.4017333984375,0.9236585,-1,-1,-1
00156,2,1374.776,64.835014,101.5791015625,96.2523422241211,0.84198904,-1,-1,-1
00156,2,1056.6313,2.039725,129.1290283203125,88.19937133789062,0.82728165,-1,-1,-1
00156,2,1420.1444,609.1377,313.20361328125,203.645751953125,0.6219165,-1,-1,-1
00157,2,798.4384,169.2575,250.57855224609375,116.69253540039062,0.9694538,-1,-1,-1
00157,2,1384.405,60.293045,95.0322265625,93.18293762207031,0.7730737,-1,-1,-1
00157,2,1049.9894,1.659777,134.4686279296875,90.73490905761719,0.71841645,-1,-1,-1
00157,2,1383.1547,600.8582,313.2364501953125,199.256103515625,0.52080446,-1,-1,-1
00158,2,835.6657,159.81297,250.83843994140625,118.21641540527344,0.9762626,-1,-1,-1
00158,2,1391.5785,54.26867,87.30859375,93.53357696533203,0.8158468,-1,-1,-1
00158,2,1334.2479,573.15564,330.32763671875,212.776611328125,0.65067255,-1,-1,-1
00158,2,1047.0687,2.8385007,137.22314453125,91.2265396118164,0.6021675,-1,-1,-1
00159,2,874.83167,151.84789,243.15673828125,114.41194152832031,0.9659217,-1,-1,-1
00159,2,1394.2158,49.43228,86.46630859375,89.27125549316406,0.8087947,-1,-1,-1
00159,2,1043.8281,5.721647,134.6324462890625,89.36492156982422,0.6168848,-1,-1,-1
00160,2,910.7911,145.35913,233.86346435546875,110.38853454589844,0.9436803,-1,-1,-1
00160,2,1398.1201,44.5967,84.408203125,82.63026428222656,0.7890693,-1,-1,-1
00160,2,1040.855,4.856288,137.2685546875,90.3843002319336,0.560306,-1,-1,-1
00161,2,949.3112,137.9196,221.78717041015625,104.4473876953125,0.9327452,-1,-1,-1
00161,2,1401.9606,41.269344,79.8790283203125,80.72810363769531,0.8327864,-1,-1,-1
00161,2,1191.3147,518.3108,361.051025390625,221.97491455078125,0.69179624,-1,-1,-1
00161,2,1036.9948,7.5037017,135.0098876953125,90.26477813720703,0.5331892,-1,-1,-1
00162,2,980.3937,131.045,216.0042724609375,102.39907836914062,0.9215667,-1,-1,-1
00162,2,1403.4985,36.49305,75.82177734375,77.89749908447266,0.7914684,-1,-1,-1
00162,2,1145.5215,491.93497,360.7325439453125,229.20321655273438,0.7492874,-1,-1,-1
00163,2,1013.41486,124.07662,206.80389404296875,101.52796173095703,0.95306855,-1,-1,-1
00163,2,1099.3373,481.42172,363.2620849609375,218.84048461914062,0.9346316,-1,-1,-1
00163,2,1407.4653,34.149895,70.0916748046875,76.14311981201172,0.7982037,-1,-1,-1
00164,2,1045.9829,117.24667,192.7459716796875,97.23448181152344,0.95324916,-1,-1,-1
00164,2,1050.358,468.9901,354.5450439453125,210.478271484375,0.9362572,-1,-1,-1
00164,2,1409.8158,30.78645,67.78759765625,71.38859558105469,0.860676,-1,-1,-1
00164,2,1026.6694,5.5230274,141.223388671875,94.05265045166016,0.5486692,-1,-1,-1
00165,2,1074.563,106.510895,183.129150390625,100.86778259277344,0.9511771,-1,-1,-1
00165,2,999.39087,448.3842,362.9449462890625,198.56228637695312,0.9092227,-1,-1,-1
00165,2,1410.2228,26.64018,66.35205078125,70.15821075439453,0.88554704,-1,-1,-1
00165,2,7.2505903,589.7259,193.73333740234375,154.10699462890625,0.6011744,-1,-1,-1
00165,2,1022.6438,8.662747,142.941650390625,92.59902954101562,0.56863,-1,-1,-1
00166,2,955.24634,434.5177,356.582763671875,199.51019287109375,0.9375357,-1,-1,-1
00166,2,1102.3339,100.71141,173.7100830078125,96.51412963867188,0.9052307,-1,-1,-1
00166,2,1410.6896,24.226353,63.712646484375,67.96040344238281,0.83839107,-1,-1,-1
00166,2,10.559769,588.59033,196.11009216308594,158.3768310546875,0.70106095,-1,-1,-1
00166,2,1018.2962,6.9592075,143.97967529296875,95.12295532226562,0.5986348,-1,-1,-1
00167,2,1129.9221,100.24732,164.462890625,89.97777557373047,0.88403976,-1,-1,-1
00167,2,909.0001,421.75836,354.8992919921875,194.48077392578125,0.8709472,-1,-1,-1
00167,2,1410.2875,19.421158,63.1097412109375,66.4054946899414,0.8379849,-1,-1,-1
00167,2,1016.6821,7.2124453,145.986328125,95.3268814086914,0.59745365,-1,-1,-1
00167,2,14.724782,583.2884,197.47239685058594,159.8121337890625,0.58746105,-1,-1,-1
00168,2,859.86847,404.1368,354.82110595703125,192.83609008789062,0.9261804,-1,-1,-1
00168,2,1409.4111,15.586587,61.1590576171875,64.64778137207031,0.872428,-1,-1,-1
00168,2,1155.8121,96.04412,151.009033203125,84.64392852783203,0.7902844,-1,-1,-1
00168,2,15.297028,585.3225,201.8670196533203,158.6558837890625,0.73129326,-1,-1,-1
00168,2,1010.1721,9.532288,149.20166015625,93.80738830566406,0.6071787,-1,-1,-1
00169,2,815.5328,393.52466,342.46759033203125,187.78717041015625,0.9357637,-1,-1,-1
00169,2,1409.8013,12.717668,58.6002197265625,60.32166290283203,0.8977352,-1,-1,-1
00169,2,1178.4644,91.13018,142.65185546875,80.52730560302734,0.877787,-1,-1,-1
00169,2,19.285244,583.21295,201.12545776367188,160.87445068359375,0.6663865,-1,-1,-1
00169,2,1002.5105,10.126377,152.7449951171875,93.63768005371094,0.5748454,-1,-1,-1
00170,2,772.0133,380.87817,336.1722412109375,180.1640625,0.954319,-1,-1,-1
00170,2,1195.3372,83.74267,135.85595703125,81.29505157470703,0.8887426,-1,-1,-1
00170,2,1408.4019,8.357892,56.9613037109375,61.4597282409668,0.8727962,-1,-1,-1
00170,2,19.772573,587.41565,202.91136169433594,148.33892822265625,0.74052507,-1,-1,-1
00170,2,999.02454,17.919428,155.073486328125,86.17887878417969,0.60627764,-1,-1,-1
00171,2,729.2539,370.2816,327.67333984375,171.98757934570312,0.9632536,-1,-1,-1
00171,2,1217.134,77.02122,128.8726806640625,82.60741424560547,0.8846822,-1,-1,-1
00171,2,1407.5906,5.5701456,55.4385986328125,57.86802291870117,0.83212274,-1,-1,-1
00171,2,22.670794,588.40247,199.88101196289062,148.8487548828125,0.7928871,-1,-1,-1
00171,2,993.6539,16.061964,159.80560302734375,88.74275970458984,0.50437605,-1,-1,-1
00172,2,689.1717,360.25064,310.87017822265625,163.78939819335938,0.9442291,-1,-1,-1
00172,2,1233.2778,77.49419,121.734375,73.58404541015625,0.8922925,-1,-1,-1
00172,2,1406.1599,2.7923155,54.423095703125,56.56014633178711,0.85125834,-1,-1,-1
00172,2,25.176373,588.2992,199.83456420898438,146.81524658203125,0.7503019,-1,-1,-1
00172,2,984.95154,19.67708,163.456787109375,87.70869445800781,0.5035673,-1,-1,-1
00173,2,646.0226,352.87424,301.49810791015625,154.82266235351562,0.95235366,-1,-1,-1
00173,2,1404.7273,2.6012373,53.4459228515625,50.821434020996094,0.8624955,-1,-1,-1
00173,2,1248.825,73.901695,115.802734375,70.12555694580078,0.85716003,-1,-1,-1
00173,2,25.285763,587.3122,200.990478515625,148.0684814453125,0.7199438,-1,-1,-1
00173,2,980.05273,15.200382,164.2364501953125,93.427490234375,0.60741335,-1,-1,-1
00174,2,603.9532,344.5112,291.18310546875,150.3155517578125,0.93538976,-1,-1,-1
00174,2,1404.9775,1.8050177,51.6630859375,47.1865348815918,0.8716454,-1,-1,-1
00174,2,1264.4469,68.408325,106.251953125,70.04806518554688,0.8606685,-1,-1,-1
00174,2,27.57879,585.8796,201.67201232910156,150.7010498046875,0.81977403,-1,-1,-1
00174,2,972.6347,20.225525,163.02911376953125,90.33555603027344,0.60064495,-1,-1,-1
00174,2,1879.3737,764.5066,40.1859130859375,136.9320068359375,0.50160086,-1,-1,-1
00175,2,564.92926,337.2771,281.16632080078125,143.90011596679688,0.94362956,-1,-1,-1
00175,2,30.468843,585.2527,200.240478515625,149.90362548828125,0.85394436,-1,-1,-1
00175,2,1278.0626,66.03479,97.469482421875,66.99520874023438,0.8237526,-1,-1,-1
00175,2,1404.0388,1.9377964,50.5916748046875,44.414306640625,0.80538356,-1,-1,-1
00175,2,964.88043,18.12947,169.29852294921875,95.71823120117188,0.60693926,-1,-1,-1
00176,2,529.60443,328.89175,268.8836669921875,135.45526123046875,0.9220674,-1,-1,-1
00176,2,30.160736,585.52,200.32574462890625,150.11474609375,0.87047875,-1,-1,-1
00176,2,1403.2838,1.0774037,48.9139404296875,42.06656265258789,0.80581355,-1,-1,-1
00176,2,1288.6274,57.968735,95.1688232421875,68.41580963134766,0.73579,-1,-1,-1
00176,2,956.8775,17.63537,170.75982666015625,97.45425415039062,0.5608017,-1,-1,-1
00176,2,1177.2133,0.0,64.3057861328125,28.9256649017334,0.54703367,-1,-1,-1
00177,2,491.44775,323.56158,257.6431884765625,128.97796630859375,0.9076514,-1,-1,-1
00177,2,30.067198,584.6769,200.2547607421875,153.11517333984375,0.89056665,-1,-1,-1
00177,2,1300.348,55.832893,86.172607421875,64.81660461425781,0.82157344,-1,-1,-1
00177,2,1403.2844,0.98404515,46.632568359375,38.841854095458984,0.74989396,-1,-1,-1
00177,2,944.0727,24.900455,177.74884033203125,93.57711791992188,0.60994875,-1,-1,-1
00177,2,1175.8683,0.0,63.334716796875,30.479110717773438,0.5842559,-1,-1,-1
00178,2,459.19913,320.56454,244.86563110351562,120.00848388671875,0.942818,-1,-1,-1
00178,2,1308.9963,51.1942,80.0711669921875,63.535377502441406,0.9022872,-1,-1,-1
00178,2,29.448294,584.70386,201.6007537841797,152.92706298828125,0.87318337,-1,-1,-1
00178,2,1402.8494,0.3932101,44.90869140625,35.62709045410156,0.7756231,-1,-1,-1
00178,2,934.04645,25.515465,182.29742431640625,95.68560791015625,0.64284754,-1,-1,-1
00178,2,1173.6052,0.0,65.634765625,32.6663875579834,0.5626154,-1,-1,-1
00179,2,420.21414,318.4675,238.61093139648438,117.26333618164062,0.9521404,-1,-1,-1
00179,2,1317.3792,47.449673,77.88134765625,60.69443893432617,0.8977218,-1,-1,-1
00179,2,30.00418,584.4252,200.16897583007812,152.5965576171875,0.8766491,-1,-1,-1
00179,2,1402.0479,0.6229607,45.964599609375,34.03110122680664,0.65266216,-1,-1,-1
00179,2,1171.2137,0.0,68.5772705078125,35.11762619018555,0.64641804,-1,-1,-1
00179,2,923.86835,24.474339,188.08526611328125,100.59275817871094,0.5350657,-1,-1,-1
00180,2,388.99905,316.3918,226.64462280273438,115.20571899414062,0.9162063,-1,-1,-1
00180,2,30.605722,584.72845,199.68954467773438,152.56842041015625,0.8747818,-1,-1,-1
00180,2,1324.0305,42.95787,74.777099609375,60.20365905761719,0.8559909,-1,-1,-1
00180,2,911.56213,26.749712,189.8223876953125,100.93866729736328,0.7065963,-1,-1,-1
00180,2,1169.5005,0.12773873,69.8026123046875,37.4986686706543,0.66296357,-1,-1,-1
00181,2,1329.6812,39.23493,68.1312255859375,57.66389846801758,0.90571666,-1,-1,-1
00181,2,29.716904,583.265,201.9479522705078,157.06134033203125,0.8902147,-1,-1,-1
00181,2,357.74393,317.97696,215.09121704101562,111.53182983398438,0.8897739,-1,-1,-1
00181,2,898.2377,22.995237,196.41015625,107.62393188476562,0.7281484,-1,-1,-1
00181,2,1167.4166,0.041834336,70.365966796875,38.81093215942383,0.6998444,-1,-1,-1
00182,2,327.0132,314.00354,205.85025024414062,114.67608642578125,0.943155,-1,-1,-1
00182,2,1333.232,34.9114,65.5576171875,58.12351989746094,0.91150045,-1,-1,-1
00182,2,30.261164,585.67676,200.03074645996094,151.28887939453125,0.88464683,-1,-1,-1
00182,2,1165.0067,0.0,69.3187255859375,39.757965087890625,0.69190156,-1,-1,-1
00182,2,883.27734,22.432234,204.7957763671875,111.04318237304688,0.6349419,-1,-1,-1
00183,2,297.38666,316.3803,195.53890991210938,112.3790283203125,0.98021436,-1,-1,-1
00183,2,1338.9567,30.79488,61.438720703125,56.58452224731445,0.9302546,-1,-1,-1
00183,2,30.160686,583.4394,201.6647491455078,156.968505859375,0.8847821,-1,-1,-1
00183,2,1162.2936,0.0,69.593994140625,41.8250846862793,0.7748404,-1,-1,-1
00183,2,867.1691,26.40917,209.57855224609375,107.15540313720703,0.65898097,-1,-1,-1
00184,2,268.16846,324.07687,186.7962646484375,106.03305053710938,0.97736925,-1,-1,-1
00184,2,30.825293,583.4452,200.9932403564453,157.459716796875,0.88671964,-1,-1,-1
00184,2,1341.3505,27.249294,57.55908203125,54.906490325927734,0.87361825,-1,-1,-1
00184,2,853.09186,24.756012,209.61907958984375,116.40252685546875,0.7956974,-1,-1,-1
00184,2,1159.3656,0.0,69.5355224609375,43.61396408081055,0.7125469,-1,-1,-1
00185,2,240.87473,329.95093,176.99774169921875,103.14108276367188,0.96457815,-1,-1,-1
00185,2,29.893282,585.10333,201.4470977783203,152.49285888671875,0.88602144,-1,-1,-1
00185,2,1343.6266,23.918198,57.0924072265625,53.12937927246094,0.86607,-1,-1,-1
00185,2,1155.8315,0.0,72.365966796875,46.32229232788086,0.72071624,-1,-1,-1
00185,2,836.88165,32.426273,210.11236572265625,111.80244445800781,0.62947357,-1,-1,-1
00186,2,218.02577,336.3053,165.62290954589844,101.31411743164062,0.95473355,-1,-1,-1
00186,2,1346.0895,21.151318,54.4937744140625,51.38999557495117,0.91845405,-1,-1,-1
00186,2,30.434914,585.0305,200.855224609375,152.85833740234375,0.89439726,-1,-1,-1
00186,2,821.509,38.411545,212.11029052734375,109.71635437011719,0.7582893,-1,-1,-1
00186,2,1154.4253,0.0,70.90869140625,46.6722526550293,0.7104203,-1,-1,-1
00187,2,193.54405,340.23178,155.42601013183594,101.70480346679688,0.9545062,-1,-1,-1
00187,2,1348.575,18.270876,53.406494140625,50.88098907470703,0.89492196,-1,-1,-1
00187,2,30.81296,585.3797,200.34629821777344,152.6302490234375,0.8786064,-1,-1,-1
00187,2,1152.3799,0.09382472,71.458251953125,48.19719314575195,0.6822361,-1,-1,-1
00187,2,804.5631,38.799137,217.52496337890625,114.64665222167969,0.6338917,-1,-1,-1
00188,2,31.436691,584.2203,199.8522186279297,154.02557373046875,0.89968604,-1,-1,-1
00188,2,1349.04,14.148878,50.00244140625,49.03180694580078,0.8818665,-1,-1,-1
00188,2,160.34558,348.21347,154.5762939453125,102.94088745117188,0.87085223,-1,-1,-1
00188,2,1148.9702,0.043795027,74.388916015625,51.752593994140625,0.6990675,-1,-1,-1
00188,7,785.3621,35.98336,222.16497802734375,122.5575180053711,0.6667589,-1,-1,-1
00189,2,31.312523,584.4703,200.36080932617188,153.435302734375,0.903439,-1,-1,-1
00189,2,138.55159,354.9273,147.80140686035156,100.63632202148438,0.8967026,-1,-1,-1
00189,2,1350.9539,13.066878,49.246826171875,45.94820785522461,0.8715158,-1,-1,-1
00189,2,1144.7228,0.0,76.95556640625,54.7257194519043,0.7599639,-1,-1,-1
00189,2,767.9607,42.17271,221.15020751953125,120.84062194824219,0.6139982,-1,-1,-1
00189,2,0.0,487.93695,109.44934844970703,142.991943359375,0.5934725,-1,-1,-1
00190,2,1352.37,9.261489,47.7567138671875,44.97933578491211,0.91168207,-1,-1,-1
00190,2,30.54173,581.8619,201.5683135986328,158.37286376953125,0.90191823,-1,-1,-1
00190,2,1141.5159,0.0,78.53076171875,56.67203903198242,0.79398954,-1,-1,-1
00190,2,115.464035,363.31393,136.66114807128906,100.2408447265625,0.76736176,-1,-1,-1
00190,2,749.2633,44.42559,223.28460693359375,123.80631256103516,0.5608558,-1,-1,-1
00190,7,749.03973,43.868927,229.7353515625,124.01742553710938,0.54771274,-1,-1,-1
00190,2,0.0,487.0828,114.73634338378906,144.62222290039062,0.53047436,-1,-1,-1
00191,2,29.136301,582.77325,202.8923797607422,157.14947509765625,0.90347236,-1,-1,-1
00191,2,91.42193,374.7277,130.452392578125,98.82745361328125,0.8676206,-1,-1,-1
00191,2,1137.39,0.0,80.6212158203125,57.882957458496094,0.8247466,-1,-1,-1
00191,2,1350.5037,4.9441376,49.0076904296875,44.379764556884766,0.80835915,-1,-1,-1
00191,2,728.11017,61.875706,230.81121826171875,107.93910217285156,0.59221965,-1,-1,-1
00191,2,0.0,481.2166,120.3921890258789,151.75909423828125,0.5794303,-1,-1,-1
00192,2,28.419899,586.05865,202.58135986328125,151.65484619140625,0.89339685,-1,-1,-1
00192,2,73.967606,382.57938,120.29119873046875,96.75808715820312,0.84869623,-1,-1,-1
00192,2,1133.4567,0.0,82.480224609375,58.832069396972656,0.80672795,-1,-1,-1
00192,2,1353.078,1.9155184,49.902099609375,45.312801361083984,0.7131683,-1,-1,-1
00192,2,0.0855005,477.77972,128.58759307861328,156.36297607421875,0.604853,-1,-1,-1
00192,2,704.13885,59.563984,229.05096435546875,120.86427307128906,0.5567515,-1,-1,-1
00192,7,705.1766,58.671276,232.5372314453125,119.85820007324219,0.51767445,-1,-1,-1
00192,7,1.0268525,478.29083,127.60663604736328,154.086669921875,0.5063464,-1,-1,-1
00193,2,29.342485,583.32965,202.86996459960938,156.5985107421875,0.91266817,-1,-1,-1
00193,2,1352.8625,1.4048203,45.72509765625,42.16938781738281,0.84494233,-1,-1,-1
00193,2,52.945457,397.25525,112.98712921142578,81.65655517578125,0.7750868,-1,-1,-1
00193,2,1131.169,0.3822392,84.470947265625,60.89936065673828,0.7404838,-1,-1,-1
00193,7,683.7228,55.70271,233.89715576171875,130.21717834472656,0.71184784,-1,-1,-1
00193,2,0.42723566,473.84357,135.01263427734375,161.4224853515625,0.64009154,-1,-1,-1
00193,7,1.0840629,472.40787,133.65599060058594,161.41793823242188,0.59165514,-1,-1,-1
00194,2,1128.443,0.36808732,85.0443115234375,63.19300842285156,0.9041905,-1,-1,-1
00194,2,28.4041,582.1005,204.0272674560547,157.5550537109375,0.87554336,-1,-1,-1
00194,2,1351.5314,1.3585706,44.3377685546875,36.47177505493164,0.79195684,-1,-1,-1
00194,2,45.22294,407.53116,95.0335922241211,69.54840087890625,0.7460417,-1,-1,-1
00194,7,660.51776,67.447716,236.2237548828125,122.51569366455078,0.6274311,-1,-1,-1
00194,2,0.0,467.80792,148.93218994140625,166.25140380859375,0.58556193,-1,-1,-1
00194,7,0.5004861,468.36243,149.79884338378906,167.130859375,0.5035442,-1,-1,-1
00195,2,1122.2028,1.5091709,89.4285888671875,63.54847717285156,0.916638,-1,-1,-1
00195,2,27.110224,582.431,204.9160614013672,158.0810546875,0.91486245,-1,-1,-1
00195,2,1352.3473,0.84011,43.6776123046875,34.60129165649414,0.8030037,-1,-1,-1
00195,2,0.0,463.17212,157.2853240966797,178.04888916015625,0.5668301,-1,-1,-1
00195,7,637.302,83.934105,242.95751953125,115.96417999267578,0.53507257,-1,-1,-1
00195,2,635.3553,83.33177,229.57830810546875,117.05557250976562,0.516029,-1,-1,-1
00196,2,27.2239,582.1387,205.193115234375,157.8856201171875,0.91020185,-1,-1,-1
00196,2,1120.5793,0.2374272,91.0836181640625,67.53195190429688,0.803616,-1,-1,-1
00196,2,1352.1621,0.8379355,45.7550048828125,31.426973342895508,0.7527831,-1,-1,-1
00196,7,612.4677,80.85354,237.1622314453125,124.66471099853516,0.57452184,-1,-1,-1
00196,2,0.0,448.974,167.09332275390625,194.37286376953125,0.5278174,-1,-1,-1
00197,2,1117.0074,0.6436959,91.97265625,68.19414520263672,0.90122104,-1,-1,-1
00197,2,26.796816,581.7213,206.16636657714844,158.02667236328125,0.8423341,-1,-1,-1
00197,7,591.9235,78.653854,233.50457763671875,136.57627868652344,0.615259,-1,-1,-1
00197,2,1353.0126,0.6834098,48.107666015625,29.07796287536621,0.52834284,-1,-1,-1
00198,2,1111.2755,2.5242457,94.1195068359375,67.85307312011719,0.88329905,-1,-1,-1
00198,2,26.60412,580.24414,205.1453094482422,161.41644287109375,0.80242157,-1,-1,-1
00198,7,563.4275,81.11614,238.077392578125,138.37921142578125,0.7496927,-1,-1,-1
00199,2,1107.7203,2.1878686,95.827880859375,70.02372741699219,0.8700521,-1,-1,-1
00199,2,30.544975,581.67487,202.59942626953125,160.878662109375,0.8108019,-1,-1,-1
00199,7,535.10266,91.98934,239.6033935546875,136.0548095703125,0.7263102,-1,-1,-1
00200,2,1104.4343,2.3539734,97.00634765625,71.60216522216797,0.88584334,-1,-1,-1
00200,2,29.754374,581.29767,204.25521850585938,161.40283203125,0.8212229,-1,-1,-1
00200,7,509.76544,98.146904,238.47381591796875,137.39804077148438,0.6359092,-1,-1,-1
00201,2,1100.2163,6.1998262,101.7379150390625,69.98697662353516,0.8851646,-1,-1,-1
00201,2,30.437353,582.17163,203.74234008789062,158.0615234375,0.85257846,-1,-1,-1
00201,7,486.1963,95.923485,231.24884033203125,149.86181640625,0.7894116,-1,-1,-1
00201,2,3.5283914,412.65036,245.29371643066406,163.08016967773438,0.6818648,-1,-1,-1
00202,2,1096.8383,7.770136,102.881591796875,69.73453521728516,0.8923573,-1,-1,-1
00202,2,31.852375,581.8265,204.24078369140625,157.56695556640625,0.81894726,-1,-1,-1
00202,2,4.5617795,393.10678,262.9241027832031,168.41458129882812,0.78650373,-1,-1,-1
00202,7,461.57196,109.52377,233.88787841796875,147.42189025878906,0.7006923,-1,-1,-1
00203,2,1093.8047,8.086266,103.16455078125,70.97795867919922,0.85982794,-1,-1,-1
00203,2,31.537226,580.5337,206.2122344970703,157.17401123046875,0.8554605,-1,-1,-1
00203,7,433.96417,116.646835,234.293701171875,144.5046844482422,0.7280069,-1,-1,-1
00203,2,6.196852,387.65564,283.3127136230469,163.28961181640625,0.61416316,-1,-1,-1
00204,2,32.83648,582.5754,207.88107299804688,153.82159423828125,0.8228882,-1,-1,-1
00204,2,1089.0116,7.1681323,105.66943359375,74.2170639038086,0.81705695,-1,-1,-1
00204,7,404.77576,118.665184,236.8704833984375,157.70706176757812,0.70604783,-1,-1,-1
00205,2,1086.3636,7.2398896,104.30126953125,74.73487091064453,0.84971195,-1,-1,-1
00205,2,35.888313,582.251,200.42434692382812,151.1558837890625,0.7166362,-1,-1,-1
00205,7,382.1199,126.980095,223.37149047851562,163.46917724609375,0.59854054,-1,-1,-1
00205,2,63.782467,369.49008,275.1443786621094,175.33914184570312,0.510637,-1,-1,-1
00206,2,1083.0743,8.901589,106.9632568359375,73.14898681640625,0.78751016,-1,-1,-1
00206,2,43.291664,586.06915,198.8607177734375,146.61236572265625,0.7666486,-1,-1,-1
00206,7,357.41153,138.65388,217.97006225585938,160.60801696777344,0.72858405,-1,-1,-1
00207,2,1081.3257,8.032804,107.6072998046875,75.69285583496094,0.8001684,-1,-1,-1
00207,2,40.073944,582.47455,206.1903839111328,156.42657470703125,0.75880986,-1,-1,-1
00207,2,106.15306,339.8376,289.2064208984375,214.5965576171875,0.5799505,-1,-1,-1
00207,7,332.09006,141.26982,218.66690063476562,167.4322967529297,0.5514194,-1,-1,-1
00208,2,1078.1663,8.51832,110.558349609375,76.23833465576172,0.83842987,-1,-1,-1
00208,2,40.659058,581.93494,206.66473388671875,153.57379150390625,0.7999741,-1,-1,-1
00208,7,303.7346,154.41844,210.49221801757812,168.44126892089844,0.74715286,-1,-1,-1
00208,2,127.40237,332.4988,306.8539123535156,204.52658081054688,0.65133905,-1,-1,-1
00209,2,1075.8206,9.218853,112.836181640625,76.7891845703125,0.82959497,-1,-1,-1
00209,2,43.621777,582.14746,208.38082885742188,141.14556884765625,0.63807124,-1,-1,-1
00209,2,165.55293,313.23236,296.682373046875,211.76239013671875,0.56765145,-1,-1,-1
00209,7,296.14105,167.70494,186.63748168945312,131.15501403808594,0.5442748,-1,-1,-1
00210,2,1072.4043,9.297175,113.42138671875,78.5993881225586,0.7695184,-1,-1,-1
00210,2,47.288044,580.81323,207.3415985107422,146.98065185546875,0.7095996,-1,-1,-1
00210,2,188.20195,299.93567,313.524169921875,213.107177734375,0.6361049,-1,-1,-1
00210,7,254.91513,181.847,205.66461181640625,145.4913787841797,0.53016645,-1,-1,-1
