00001,3,129,444,191,123,0.99879277,-1,-1,-1
00001,3,34,369,66,46,0.97500575,-1,-1,-1
00001,3,1722,522,839,467,0.8341466,-1,-1,-1
00001,3,104,371,41,32,0.7119027,-1,-1,-1
00002,3,135,441,172,119,0.9985,-1,-1,-1
00002,3,33,369,65,45,0.97374016,-1,-1,-1
00002,3,1719,511,842,471,0.83175653,-1,-1,-1
00002,3,108,370,43,32,0.749193,-1,-1,-1
00003,3,126,439,172,112,0.99846774,-1,-1,-1
00003,3,31,369,66,45,0.97239876,-1,-1,-1
00003,3,1719,511,842,471,0.8237971,-1,-1,-1
00004,3,122,433,168,115,0.9986823,-1,-1,-1
00004,3,28,368,65,45,0.9714093,-1,-1,-1
00004,3,1719,511,842,471,0.82561547,-1,-1,-1
00004,3,99,369,46,35,0.7281999,-1,-1,-1
00005,3,120,434,157,108,0.99839324,-1,-1,-1
00005,3,28,368,66,44,0.97222096,-1,-1,-1
00005,3,1720,512,841,471,0.8332678,-1,-1,-1
00005,3,99,370,47,34,0.70208144,-1,-1,-1
00006,3,113,429,156,108,0.9981729,-1,-1,-1
00006,3,27,368,64,43,0.9567351,-1,-1,-1
00006,3,1718,510,843,472,0.8203673,-1,-1,-1
00007,3,112,428,147,102,0.9981933,-1,-1,-1
00007,3,25,365,62,44,0.95766234,-1,-1,-1
00007,3,1717,508,844,473,0.802042,-1,-1,-1
00008,3,105,424,148,101,0.99767405,-1,-1,-1
00008,3,25,368,61,42,0.93456596,-1,-1,-1
00008,3,1717,508,844,473,0.8001859,-1,-1,-1
00009,3,101,424,144,97,0.9985253,-1,-1,-1
00009,3,23,367,61,41,0.93425685,-1,-1,-1
00009,3,1717,509,844,472,0.8088154,-1,-1,-1
00010,3,92,419,145,96,0.99883693,-1,-1,-1
00010,3,23,368,59,39,0.9417735,-1,-1,-1
00010,3,1717,509,844,472,0.81093943,-1,-1,-1
00011,3,89,418,140,92,0.9985391,-1,-1,-1
00011,3,23,368,58,37,0.91411257,-1,-1,-1
00011,3,1722,520,839,467,0.8414207,-1,-1,-1
00012,3,86,413,135,93,0.9985789,-1,-1,-1
00012,3,23,369,55,36,0.8766645,-1,-1,-1
00012,3,1722,520,839,468,0.8342201,-1,-1,-1
00013,3,83,410,130,91,0.9984144,-1,-1,-1
00013,3,24,369,50,34,0.8746459,-1,-1,-1
00013,3,1722,521,839,467,0.8385292,-1,-1,-1
00014,3,76,410,132,91,0.9979438,-1,-1,-1
00014,3,0,669,62,189,0.99501956,-1,-1,-1
00014,3,19,367,57,37,0.8556985,-1,-1,-1
00014,3,1721,520,840,466,0.84204084,-1,-1,-1
00015,3,74,407,127,87,0.9984018,-1,-1,-1
00015,3,3,650,121,243,0.99827063,-1,-1,-1
00015,3,19,366,56,38,0.8632233,-1,-1,-1
00015,3,1721,519,840,466,0.8451414,-1,-1,-1
00016,3,0,626,195,308,0.9985096,-1,-1,-1
00016,3,68,407,127,82,0.9981261,-1,-1,-1
00016,3,18,366,55,38,0.9036093,-1,-1,-1
00016,3,1721,518,840,466,0.8490356,-1,-1,-1
00017,3,2,603,265,366,0.9985342,-1,-1,-1
00017,3,64,405,123,79,0.99747074,-1,-1,-1
00017,3,17,366,54,38,0.90959144,-1,-1,-1
00017,3,1720,517,841,465,0.8426626,-1,-1,-1
00018,3,62,407,118,73,0.99740726,-1,-1,-1
00018,3,5,610,358,388,0.99460137,-1,-1,-1
00018,3,18,369,52,36,0.93511415,-1,-1,-1
00018,3,1721,517,840,466,0.8446265,-1,-1,-1
00019,3,0,605,478,440,0.9963121,-1,-1,-1
00019,3,63,404,112,72,0.9960328,-1,-1,-1
00019,3,18,370,51,35,0.9203943,-1,-1,-1
00019,3,1720,516,841,466,0.84314686,-1,-1,-1
00020,3,60,399,109,73,0.9950899,-1,-1,-1
00020,3,5,626,602,463,0.99372137,-1,-1,-1
00020,3,15,367,54,36,0.93340427,-1,-1,-1
00020,3,1721,520,840,467,0.8424314,-1,-1,-1
00021,3,55,397,109,75,0.99639386,-1,-1,-1
00021,3,0,625,771,522,0.9922511,-1,-1,-1
00021,3,13,367,56,36,0.9377459,-1,-1,-1
00021,3,1718,510,843,472,0.83942723,-1,-1,-1
00022,3,51,396,109,72,0.99739254,-1,-1,-1
00022,3,0,661,925,551,0.9962806,-1,-1,-1
00022,3,14,368,53,34,0.9435478,-1,-1,-1
00022,3,1719,512,842,471,0.8448374,-1,-1,-1
00023,3,0,655,1128,607,0.99859685,-1,-1,-1
00023,3,51,394,102,71,0.9969779,-1,-1,-1
00023,3,14,369,52,32,0.9432223,-1,-1,-1
00023,3,1718,510,843,472,0.8429927,-1,-1,-1
00024,3,78,668,1306,659,0.9983835,-1,-1,-1
00024,3,49,390,99,70,0.99541014,-1,-1,-1
00024,3,14,370,51,31,0.94025993,-1,-1,-1
00024,3,1718,510,843,472,0.832622,-1,-1,-1
00025,3,198,690,1474,709,0.99929523,-1,-1,-1
00025,3,45,391,98,68,0.99697804,-1,-1,-1
00025,3,14,370,50,31,0.9538883,-1,-1,-1
00025,3,1716,513,843,472,0.8493621,-1,-1,-1
00026,3,343,700,1639,777,0.99801815,-1,-1,-1
00026,3,44,390,96,63,0.99264526,-1,-1,-1
00026,3,13,370,50,32,0.9458333,-1,-1,-1
00026,3,1711,512,848,475,0.86920905,-1,-1,-1
00026,3,120,371,34,29,0.7044144,-1,-1,-1
00027,3,536,711,1822,836,0.99849916,-1,-1,-1
00027,3,42,392,94,59,0.98978466,-1,-1,-1
00027,3,13,372,49,29,0.93574536,-1,-1,-1
00027,3,1704,513,857,466,0.8833618,-1,-1,-1
00027,3,111,372,43,30,0.8314661,-1,-1,-1
00028,3,747,740,1806,894,0.99871016,-1,-1,-1
00028,3,39,395,93,54,0.9857507,-1,-1,-1
00028,3,11,369,50,34,0.92691606,-1,-1,-1
00028,3,111,372,43,30,0.8682576,-1,-1,-1
00028,3,1721,511,838,448,0.82579255,-1,-1,-1
00029,3,1027,773,1534,820,0.9996518,-1,-1,-1
00029,3,36,388,93,58,0.9879084,-1,-1,-1
00029,3,11,370,47,32,0.9250739,-1,-1,-1
00029,3,1759,514,802,397,0.8554844,-1,-1,-1
00029,3,108,370,47,32,0.7851151,-1,-1,-1
00030,3,1320,799,1241,760,0.999741,-1,-1,-1
00030,3,33,385,90,58,0.99113125,-1,-1,-1
00030,3,1718,515,840,344,0.9274694,-1,-1,-1
00030,3,10,371,47,32,0.9239828,-1,-1,-1
00030,3,105,371,49,32,0.7553481,-1,-1,-1
00030,3,30,378,43,48,0.7501628,-1,-1,-1
00031,3,1631,840,930,739,0.99974364,-1,-1,-1
00031,3,31,383,90,57,0.9922058,-1,-1,-1
00031,3,9,371,45,33,0.91646236,-1,-1,-1
00031,3,1726,507,821,454,0.82185763,-1,-1,-1
00031,3,27,377,46,37,0.7918137,-1,-1,-1
00031,3,101,370,51,33,0.77638125,-1,-1,-1
00032,3,1973,837,588,807,0.99906176,-1,-1,-1
00032,3,30,380,87,58,0.9931377,-1,-1,-1
00032,3,7,372,44,33,0.8554674,-1,-1,-1
00032,3,101,370,51,33,0.84323686,-1,-1,-1
00032,3,1723,514,836,479,0.76790905,-1,-1,-1
00032,3,26,376,47,33,0.7020401,-1,-1,-1
00033,3,28,380,84,55,0.9929859,-1,-1,-1
00033,3,2337,938,224,578,0.9813036,-1,-1,-1
00033,3,8,372,45,33,0.85278445,-1,-1,-1
00033,3,1725,522,836,468,0.8482484,-1,-1,-1
00033,3,104,371,47,32,0.7670427,-1,-1,-1
00034,3,26,378,84,55,0.99349314,-1,-1,-1
00034,3,1720,517,841,468,0.8722488,-1,-1,-1
00034,3,101,370,50,33,0.7575648,-1,-1,-1
00034,3,6,373,47,33,0.7381222,-1,-1,-1
00035,3,23,379,84,53,0.9919248,-1,-1,-1
00035,3,1719,516,842,468,0.87146956,-1,-1,-1
00035,3,92,368,50,36,0.72167283,-1,-1,-1
00036,3,22,376,82,54,0.9900761,-1,-1,-1
00036,3,1720,513,841,470,0.8671413,-1,-1,-1
00036,3,95,368,49,35,0.7148375,-1,-1,-1
00037,3,18,372,82,55,0.99229604,-1,-1,-1
00037,3,1718,509,843,474,0.8714009,-1,-1,-1
00037,3,93,368,50,37,0.7829662,-1,-1,-1
00038,3,13,372,83,52,0.98791915,-1,-1,-1
00038,3,1718,508,843,474,0.8624236,-1,-1,-1
00038,3,97,368,48,36,0.8022596,-1,-1,-1
00039,3,16,371,72,50,0.98336965,-1,-1,-1
00039,3,1719,511,842,471,0.882203,-1,-1,-1
00039,3,98,368,45,36,0.7913124,-1,-1,-1
00040,3,12,368,76,52,0.98550564,-1,-1,-1
00040,3,97,368,45,36,0.8282447,-1,-1,-1
00040,3,1723,507,838,488,0.7887072,-1,-1,-1
00040,3,77,364,35,42,0.77458835,-1,-1,-1
00041,3,11,367,75,52,0.98600906,-1,-1,-1
00041,3,1719,509,842,484,0.8424094,-1,-1,-1
00041,3,93,369,39,35,0.7887876,-1,-1,-1
00041,3,78,363,33,43,0.7188983,-1,-1,-1
00042,3,9,368,75,50,0.9876353,-1,-1,-1
00042,3,1707,503,850,481,0.8649476,-1,-1,-1
00042,3,104,370,46,33,0.8102303,-1,-1,-1
00042,3,84,367,35,38,0.74414355,-1,-1,-1
00043,3,8,369,75,47,0.9880845,-1,-1,-1
00043,3,1705,508,853,478,0.8475461,-1,-1,-1
00043,3,106,370,44,33,0.80187047,-1,-1,-1
00044,3,8,367,73,48,0.98922265,-1,-1,-1
00044,3,1696,504,864,475,0.8785566,-1,-1,-1
00044,3,107,370,44,33,0.8189245,-1,-1,-1
00045,3,9,367,68,48,0.9902436,-1,-1,-1
00045,3,1697,513,864,473,0.900488,-1,-1,-1
00045,3,108,370,43,33,0.8325666,-1,-1,-1
00046,3,9,366,66,47,0.99058646,-1,-1,-1
00046,3,1682,503,874,482,0.9006471,-1,-1,-1
00046,3,108,370,43,33,0.8502188,-1,-1,-1
00046,3,83,366,36,37,0.71321046,-1,-1,-1
00047,3,8,365,64,47,0.9925563,-1,-1,-1
00047,3,1674,514,880,475,0.9572405,-1,-1,-1
00047,3,108,370,42,33,0.8549389,-1,-1,-1
00047,3,84,367,35,36,0.70366096,-1,-1,-1
00048,3,8,364,66,48,0.9921331,-1,-1,-1
00048,3,1651,518,910,453,0.8985732,-1,-1,-1
00048,3,107,370,43,33,0.86962366,-1,-1,-1
00048,3,84,368,35,36,0.7375123,-1,-1,-1
00049,3,7,364,67,47,0.9913175,-1,-1,-1
00049,3,1646,516,915,450,0.8916838,-1,-1,-1
00049,3,108,371,43,33,0.8793255,-1,-1,-1
00049,3,84,368,34,36,0.73744375,-1,-1,-1
00050,3,7,364,65,47,0.9929664,-1,-1,-1
00050,3,1609,521,946,470,0.9232515,-1,-1,-1
00050,3,109,371,42,33,0.8755165,-1,-1,-1
00050,3,75,365,39,40,0.7471347,-1,-1,-1
00051,3,7,365,64,46,0.99198043,-1,-1,-1
00051,3,109,372,42,32,0.8926647,-1,-1,-1
00051,3,1590,511,957,482,0.76481014,-1,-1,-1
00051,3,77,366,38,39,0.70661676,-1,-1,-1
00052,3,6,364,63,46,0.99075085,-1,-1,-1
00052,3,109,371,43,34,0.89446926,-1,-1,-1
00052,3,1548,502,1013,469,0.82596576,-1,-1,-1
00052,3,1860,523,294,150,0.7773196,-1,-1,-1
00053,3,6,364,62,45,0.98963845,-1,-1,-1
00053,3,109,372,43,33,0.8973781,-1,-1,-1
00053,8,1495,517,1065,475,0.79693806,-1,-1,-1
00053,3,81,366,37,39,0.70998985,-1,-1,-1
00054,3,6,364,61,45,0.98852265,-1,-1,-1
00054,3,108,372,43,33,0.89751023,-1,-1,-1
00054,3,83,367,36,38,0.7358999,-1,-1,-1
00054,8,1454,514,1098,476,0.7209907,-1,-1,-1
00054,3,59,366,42,40,0.7180301,-1,-1,-1
00055,3,6,364,60,44,0.98755264,-1,-1,-1
00055,3,108,372,44,33,0.9022657,-1,-1,-1
00055,8,1376,512,1181,482,0.8991656,-1,-1,-1
00055,3,85,367,34,38,0.71951866,-1,-1,-1
00055,3,1699,528,282,141,0.70376587,-1,-1,-1
00056,3,6,364,60,44,0.98723316,-1,-1,-1
00056,3,108,372,43,33,0.905816,-1,-1,-1
00056,8,1336,528,1225,474,0.8552137,-1,-1,-1
00056,3,86,368,34,37,0.7326447,-1,-1,-1
00057,3,5,364,61,43,0.9877487,-1,-1,-1
00057,8,1254,522,1307,480,0.96837234,-1,-1,-1
00057,3,108,372,43,33,0.90675557,-1,-1,-1
00057,3,86,368,34,37,0.7620707,-1,-1,-1
00057,3,62,366,41,39,0.70172524,-1,-1,-1
00058,3,5,364,60,42,0.98660755,-1,-1,-1
00058,8,1183,513,1369,491,0.9810573,-1,-1,-1
00058,3,108,372,43,33,0.9020242,-1,-1,-1
00058,3,83,367,37,38,0.79185754,-1,-1,-1
00058,3,57,366,41,39,0.7052515,-1,-1,-1
00059,3,5,366,60,40,0.98420745,-1,-1,-1
00059,8,1091,522,1457,485,0.9534912,-1,-1,-1
00059,3,107,372,44,33,0.9103063,-1,-1,-1
00059,3,83,367,37,38,0.7892708,-1,-1,-1
00060,3,5,367,60,39,0.9787313,-1,-1,-1
00060,8,1006,536,1456,459,0.97009474,-1,-1,-1
00060,3,107,372,44,33,0.91239005,-1,-1,-1
00060,3,1319,536,245,142,0.79214734,-1,-1,-1
00060,3,83,368,37,37,0.7861327,-1,-1,-1
00061,8,906,525,1435,478,0.9629006,-1,-1,-1
00061,3,7,369,58,35,0.94849914,-1,-1,-1
00061,3,106,373,46,32,0.88287455,-1,-1,-1
00061,3,54,367,38,36,0.7211437,-1,-1,-1
00062,8,802,520,1451,486,0.9810083,-1,-1,-1
00062,3,6,369,60,35,0.93276733,-1,-1,-1
00062,3,107,375,45,30,0.8546441,-1,-1,-1
00063,8,707,513,1410,493,0.96595675,-1,-1,-1
00063,3,6,367,61,37,0.93860376,-1,-1,-1
00063,3,108,375,46,31,0.8634139,-1,-1,-1
00064,8,607,511,1419,505,0.9583503,-1,-1,-1
00064,3,5,367,64,37,0.9321764,-1,-1,-1
00064,3,107,374,46,31,0.861788,-1,-1,-1
00065,8,466,528,1419,480,0.98662007,-1,-1,-1
00065,3,3,369,62,35,0.90091366,-1,-1,-1
00065,3,106,375,47,31,0.87774336,-1,-1,-1
00066,8,377,520,1393,497,0.98358625,-1,-1,-1
00066,3,5,367,65,37,0.90341204,-1,-1,-1
00066,3,107,375,47,31,0.86204153,-1,-1,-1
00067,8,261,532,1380,472,0.98737866,-1,-1,-1
00067,3,4,367,67,37,0.88669676,-1,-1,-1
00067,3,107,375,47,30,0.8492399,-1,-1,-1
00068,8,150,516,1371,501,0.9896498,-1,-1,-1
00068,3,4,367,65,36,0.92061144,-1,-1,-1
00068,3,107,375,46,30,0.8537587,-1,-1,-1
00069,8,29,520,1365,499,0.99200726,-1,-1,-1
00069,3,3,370,62,34,0.8984376,-1,-1,-1
00069,3,107,375,47,30,0.8632906,-1,-1,-1
00070,8,0,532,1261,484,0.9854431,-1,-1,-1
00070,3,3,370,61,34,0.88734984,-1,-1,-1
00070,3,106,374,47,31,0.85189444,-1,-1,-1
00071,8,0,527,1144,489,0.9783366,-1,-1,-1
00071,3,2,370,61,34,0.88833654,-1,-1,-1
00071,3,105,373,49,32,0.8669196,-1,-1,-1
00072,3,2,371,60,33,0.876427,-1,-1,-1
00072,3,105,373,48,32,0.8392754,-1,-1,-1
00072,8,0,527,1029,473,0.8332856,-1,-1,-1
00072,3,2517,644,44,207,0.7047718,-1,-1,-1
00073,8,6,496,911,510,0.9668335,-1,-1,-1
00073,3,2,371,60,34,0.86741805,-1,-1,-1
00073,3,106,373,48,32,0.8144732,-1,-1,-1
00073,8,2423,625,138,282,0.7422426,-1,-1,-1
00074,8,8,545,768,459,0.9945089,-1,-1,-1
00074,3,2,371,56,33,0.8914408,-1,-1,-1
00074,3,2323,615,238,289,0.8291793,-1,-1,-1
00074,3,106,373,46,31,0.8265738,-1,-1,-1
00075,8,4,546,660,464,0.99437016,-1,-1,-1
00075,3,2,372,54,31,0.9057208,-1,-1,-1
00075,3,107,372,46,32,0.84984756,-1,-1,-1
00076,8,3,578,550,433,0.9457188,-1,-1,-1
00076,3,1,373,53,30,0.90425974,-1,-1,-1
00076,3,106,372,47,32,0.86485773,-1,-1,-1
00077,8,3,616,426,391,0.9440166,-1,-1,-1
00077,3,0,373,51,30,0.8934217,-1,-1,-1
00077,3,107,372,46,32,0.88483423,-1,-1,-1
00078,3,1,374,48,29,0.8752092,-1,-1,-1
00078,3,105,373,48,31,0.8710378,-1,-1,-1
00078,3,1909,498,652,493,0.7659153,-1,-1,-1
00079,3,105,373,48,31,0.88107544,-1,-1,-1
00079,3,0,374,46,30,0.86749786,-1,-1,-1
00079,3,43,370,45,33,0.77358085,-1,-1,-1
00079,3,85,371,41,35,0.716406,-1,-1,-1
00080,3,1676,506,884,482,0.93173873,-1,-1,-1
00080,3,103,372,49,32,0.8658964,-1,-1,-1
00080,3,1,378,38,25,0.7999723,-1,-1,-1
00081,3,105,371,47,33,0.9092494,-1,-1,-1
00081,3,1,378,39,26,0.8642106,-1,-1,-1
00081,3,39,371,38,31,0.7709194,-1,-1,-1
00082,3,105,371,47,33,0.91242516,-1,-1,-1
00082,8,1448,519,1105,467,0.8934282,-1,-1,-1
00082,3,1,376,43,28,0.8794739,-1,-1,-1
00082,3,37,371,39,31,0.8086548,-1,-1,-1
00083,8,1255,512,1306,484,0.9746182,-1,-1,-1
00083,3,0,945,131,368,0.9725804,-1,-1,-1
00083,3,105,371,47,33,0.9057899,-1,-1,-1
00083,3,1,376,44,28,0.8597031,-1,-1,-1
00083,3,37,372,40,30,0.7845804,-1,-1,-1
00084,3,7,837,453,646,0.9939166,-1,-1,-1
00084,8,1137,520,1414,465,0.9906273,-1,-1,-1
00084,3,105,372,47,33,0.9089062,-1,-1,-1
00084,3,1,379,37,24,0.8454028,-1,-1,-1
00084,3,38,372,40,30,0.7632971,-1,-1,-1
00085,3,9,763,781,791,0.99916553,-1,-1,-1
00085,8,985,526,1416,470,0.9315697,-1,-1,-1
00085,3,104,372,47,33,0.855406,-1,-1,-1
00085,3,1,379,36,25,0.7955673,-1,-1,-1
00085,3,37,370,35,31,0.7099473,-1,-1,-1
00086,3,0,689,1136,865,0.999074,-1,-1,-1
00086,8,813,515,1455,482,0.9372232,-1,-1,-1
00086,3,104,371,47,34,0.88751304,-1,-1,-1
00086,3,1,379,35,25,0.7974351,-1,-1,-1
00086,3,38,371,41,31,0.7497382,-1,-1,-1
00086,3,77,368,42,38,0.7248051,-1,-1,-1
00087,3,0,717,1542,824,0.9969963,-1,-1,-1
00087,8,762,511,1337,482,0.94503695,-1,-1,-1
00087,3,104,371,48,33,0.8846595,-1,-1,-1
00087,3,0,379,34,25,0.75242716,-1,-1,-1
00087,3,83,370,39,35,0.71706676,-1,-1,-1
00088,3,41,663,1906,881,0.9933652,-1,-1,-1
00088,8,504,515,1444,455,0.93430895,-1,-1,-1
00088,3,107,374,46,30,0.85874057,-1,-1,-1
00089,3,238,598,2118,968,0.9658965,-1,-1,-1
00089,8,598,494,1202,352,0.81658685,-1,-1,-1
00089,3,106,374,46,30,0.76629287,-1,-1,-1
00089,3,87,373,41,32,0.72642475,-1,-1,-1
00090,3,644,691,1917,872,0.9955487,-1,-1,-1
00090,3,108,374,46,30,0.7395309,-1,-1,-1
00091,3,1051,709,1510,836,0.99512744,-1,-1,-1
00091,8,68,528,1413,483,0.9739832,-1,-1,-1
00091,3,2450,620,111,171,0.96820146,-1,-1,-1
00091,3,106,375,47,29,0.74917084,-1,-1,-1
00092,3,1459,707,1089,834,0.99756783,-1,-1,-1
00092,8,0,524,1309,486,0.97570205,-1,-1,-1
00092,3,2364,573,197,130,0.8743921,-1,-1,-1
00092,3,105,375,48,29,0.702393,-1,-1,-1
00093,3,1861,679,684,838,0.9981364,-1,-1,-1
00093,3,2240,530,321,172,0.97533745,-1,-1,-1
00093,8,0,527,1147,469,0.9647321,-1,-1,-1
00094,3,2216,709,345,690,0.997821,-1,-1,-1
00094,3,2102,529,459,284,0.9904426,-1,-1,-1
00094,8,0,515,1006,476,0.9781115,-1,-1,-1
00095,3,2010,512,545,313,0.99873656,-1,-1,-1
00095,8,9,481,846,526,0.995401,-1,-1,-1
00096,3,1901,502,650,322,0.9988605,-1,-1,-1
00096,8,0,529,708,484,0.99068624,-1,-1,-1
00097,3,1796,506,761,327,0.9963727,-1,-1,-1
00097,8,4,575,558,439,0.9917074,-1,-1,-1
00098,3,1685,508,870,323,0.9968202,-1,-1,-1
00098,8,3,611,424,393,0.94656867,-1,-1,-1
00098,3,106,374,47,30,0.78066367,-1,-1,-1
00099,3,1586,507,892,329,0.99847263,-1,-1,-1
00099,3,106,373,48,30,0.7401069,-1,-1,-1
00100,3,1481,508,891,329,0.99858874,-1,-1,-1
00100,8,0,635,134,241,0.94763947,-1,-1,-1
00100,3,105,372,48,31,0.83762085,-1,-1,-1
00101,3,1366,502,901,334,0.99822587,-1,-1,-1
00101,3,105,373,48,31,0.844664,-1,-1,-1
00102,3,1274,504,877,333,0.99731535,-1,-1,-1
00102,3,105,373,48,31,0.82635367,-1,-1,-1
00103,3,1185,505,857,330,0.99753606,-1,-1,-1
00103,3,105,373,48,31,0.8321829,-1,-1,-1
00104,3,1080,505,855,330,0.9977296,-1,-1,-1
00104,3,105,373,48,31,0.848523,-1,-1,-1
00105,3,1004,502,833,328,0.9977229,-1,-1,-1
00105,3,105,373,48,31,0.8425584,-1,-1,-1
00106,3,925,505,798,321,0.99745864,-1,-1,-1
00106,3,105,373,48,31,0.8112758,-1,-1,-1
00107,3,835,512,802,309,0.997595,-1,-1,-1
00107,3,0,939,193,370,0.9943699,-1,-1,-1
00107,3,105,373,48,31,0.79659444,-1,-1,-1
00108,3,762,511,785,308,0.9985965,-1,-1,-1
00108,3,5,832,573,603,0.9985921,-1,-1,-1
00108,3,105,373,48,31,0.8167012,-1,-1,-1
00109,3,0,779,913,644,0.9991898,-1,-1,-1
00109,3,689,511,766,303,0.9982352,-1,-1,-1
00109,3,105,374,47,30,0.8269944,-1,-1,-1
00109,3,83,373,39,32,0.70091844,-1,-1,-1
00110,3,0,776,1359,663,0.99953485,-1,-1,-1
00110,3,627,514,753,298,0.9976285,-1,-1,-1
00110,3,104,374,48,30,0.8379497,-1,-1,-1
00110,3,82,372,40,33,0.70938164,-1,-1,-1
00111,3,55,768,1761,662,0.99971336,-1,-1,-1
00111,3,557,512,738,282,0.9964676,-1,-1,-1
00111,3,105,375,47,29,0.8743129,-1,-1,-1
00112,3,478,777,1761,657,0.99979454,-1,-1,-1
00112,3,508,507,712,293,0.995946,-1,-1,-1
00112,3,105,375,47,29,0.8674945,-1,-1,-1
00113,3,946,765,1615,675,0.9996898,-1,-1,-1
00113,3,462,502,676,297,0.9984999,-1,-1,-1
00113,3,105,375,47,29,0.8616891,-1,-1,-1
00114,3,1430,755,1122,670,0.9997075,-1,-1,-1
00114,3,415,501,649,289,0.99824786,-1,-1,-1
00114,3,104,375,48,30,0.86321014,-1,-1,-1
00115,3,385,495,618,288,0.9967629,-1,-1,-1
00115,3,1821,733,740,686,0.9956481,-1,-1,-1
00115,3,105,375,47,30,0.8506172,-1,-1,-1
00116,3,356,496,583,278,0.9984652,-1,-1,-1
00116,3,2231,781,328,520,0.9977646,-1,-1,-1
00116,3,105,375,47,30,0.8430878,-1,-1,-1
00117,3,315,498,563,273,0.9962016,-1,-1,-1
00117,3,106,375,47,30,0.8341884,-1,-1,-1
00118,3,292,493,529,270,0.9952178,-1,-1,-1
00118,3,106,375,47,30,0.8356933,-1,-1,-1
00119,3,268,491,503,261,0.99507755,-1,-1,-1
00119,3,106,374,47,31,0.83593327,-1,-1,-1
00120,3,246,489,481,257,0.99763644,-1,-1,-1
00120,3,106,374,47,31,0.81513774,-1,-1,-1
00121,3,229,480,448,253,0.9975713,-1,-1,-1
00121,3,106,372,48,32,0.8357825,-1,-1,-1
00121,3,86,372,41,33,0.7069105,-1,-1,-1
00122,3,218,482,421,245,0.99839884,-1,-1,-1
00122,3,106,372,48,32,0.85657173,-1,-1,-1
00122,3,86,371,41,34,0.7041024,-1,-1,-1
00123,3,203,479,396,241,0.9984806,-1,-1,-1
00123,3,1,908,168,311,0.9841887,-1,-1,-1
00123,3,106,372,48,32,0.841966,-1,-1,-1
00124,3,6,788,577,557,0.9984548,-1,-1,-1
00124,3,188,478,377,232,0.99827635,-1,-1,-1
00124,3,106,372,48,31,0.83269596,-1,-1,-1
00125,3,0,749,960,563,0.99966276,-1,-1,-1
00125,3,172,475,364,227,0.9981421,-1,-1,-1
00125,3,106,372,48,31,0.83263516,-1,-1,-1
00126,3,0,741,1406,587,0.9997347,-1,-1,-1
00126,3,167,471,336,218,0.9982034,-1,-1,-1
00126,3,106,372,47,32,0.8304628,-1,-1,-1
00127,3,420,743,1462,598,0.9997495,-1,-1,-1
00127,3,154,466,321,216,0.99845886,-1,-1,-1
00127,3,106,372,47,32,0.85271025,-1,-1,-1
00128,3,888,734,1459,604,0.9996866,-1,-1,-1
00128,3,146,452,304,215,0.99788207,-1,-1,-1
00128,3,105,371,48,33,0.8748464,-1,-1,-1
00128,3,85,370,42,35,0.7018332,-1,-1,-1
00129,3,1338,748,1223,576,0.9997228,-1,-1,-1
00129,3,139,453,286,205,0.9985164,-1,-1,-1
00129,3,106,371,47,33,0.8793306,-1,-1,-1
00129,3,86,371,41,34,0.7301911,-1,-1,-1
00130,3,132,450,272,198,0.9981589,-1,-1,-1
00130,3,1761,705,800,615,0.9971915,-1,-1,-1
00130,3,105,371,48,32,0.8468652,-1,-1,-1
00131,3,2173,728,386,545,0.9981481,-1,-1,-1
00131,3,127,444,263,194,0.997759,-1,-1,-1
00131,3,105,373,47,30,0.84813,-1,-1,-1
00132,3,119,442,254,187,0.9939628,-1,-1,-1
00132,3,105,373,46,30,0.8278476,-1,-1,-1
00133,3,116,437,242,181,0.9976432,-1,-1,-1
00133,3,104,373,48,30,0.8473785,-1,-1,-1
00134,3,119,430,225,179,0.99813783,-1,-1,-1
00134,3,104,373,47,30,0.8514883,-1,-1,-1
00135,3,113,429,219,170,0.99807405,-1,-1,-1
00135,3,104,374,47,30,0.84711117,-1,-1,-1
00136,3,108,425,216,166,0.9962992,-1,-1,-1
00136,3,104,373,47,30,0.79296345,-1,-1,-1
00137,3,105,419,208,165,0.99667007,-1,-1,-1
00137,3,2,1337,280,565,0.9403403,-1,-1,-1
00137,3,105,374,47,29,0.7879951,-1,-1,-1
00138,3,9,1202,1127,703,0.997101,-1,-1,-1
00138,3,101,415,204,163,0.9895048,-1,-1,-1
00138,3,104,374,48,29,0.7391781,-1,-1,-1
00139,3,0,1115,2204,796,0.9986112,-1,-1,-1
00139,3,95,417,198,150,0.9973295,-1,-1,-1
00140,3,0,1125,2556,791,0.9991159,-1,-1,-1
00140,3,90,411,192,145,0.9955525,-1,-1,-1
00140,3,1945,1270,614,525,0.8117463,-1,-1,-1
00140,3,101,375,50,30,0.76132804,-1,-1,-1
00141,3,667,1170,1888,731,0.992815,-1,-1,-1
00141,3,89,416,193,138,0.992554,-1,-1,-1
00141,3,101,375,56,35,0.7438819,-1,-1,-1
00142,3,1651,1154,910,723,0.99386954,-1,-1,-1
00142,3,90,411,180,138,0.9935122,-1,-1,-1
00142,3,99,376,58,35,0.7401081,-1,-1,-1
00143,3,87,407,173,134,0.9961429,-1,-1,-1
00143,3,2485,1360,76,342,0.9862422,-1,-1,-1
00143,3,98,373,59,37,0.7581449,-1,-1,-1
00144,3,82,406,170,132,0.995628,-1,-1,-1
00145,3,81,399,166,129,0.9955505,-1,-1,-1
00146,3,79,402,161,124,0.99568874,-1,-1,-1
00147,3,75,401,157,115,0.9977847,-1,-1,-1
00148,3,74,395,151,118,0.9972156,-1,-1,-1
00149,3,68,394,155,113,0.99668723,-1,-1,-1
00150,3,67,393,146,107,0.9954893,-1,-1,-1
00150,3,2496,627,64,140,0.8675503,-1,-1,-1
00151,3,64,395,143,104,0.99612373,-1,-1,-1
00152,3,63,396,139,99,0.99720395,-1,-1,-1
00152,8,2238,505,320,324,0.8321927,-1,-1,-1
00152,3,67,385,37,35,0.7750315,-1,-1,-1
00153,3,63,400,132,91,0.9959245,-1,-1,-1
00153,8,2143,493,418,349,0.90363437,-1,-1,-1
00153,3,69,389,106,34,0.81983346,-1,-1,-1
00153,3,69,386,33,34,0.7548421,-1,-1,-1
00154,3,59,399,130,85,0.9955212,-1,-1,-1
00154,3,2031,487,530,359,0.80296576,-1,-1,-1
00154,3,64,388,113,42,0.79761887,-1,-1,-1
00154,3,63,386,31,33,0.76838386,-1,-1,-1
00155,3,59,399,128,82,0.9895628,-1,-1,-1
00155,3,1917,477,644,368,0.84838736,-1,-1,-1
00155,3,62,384,103,43,0.8097444,-1,-1,-1
00155,3,60,378,37,35,0.75196284,-1,-1,-1
00156,3,59,399,121,79,0.9927073,-1,-1,-1
00156,3,63,385,101,40,0.892198,-1,-1,-1
00156,3,1818,494,730,348,0.8683289,-1,-1,-1
00156,3,59,377,40,35,0.7635454,-1,-1,-1
00157,3,58,395,116,77,0.9938281,-1,-1,-1
00157,8,2352,580,207,258,0.8211754,-1,-1,-1
00157,3,62,380,100,41,0.773562,-1,-1,-1
00157,3,54,376,28,33,0.7713362,-1,-1,-1
00157,3,1706,504,825,341,0.76920533,-1,-1,-1
00158,3,56,391,112,79,0.9933335,-1,-1,-1
00158,8,1612,474,946,376,0.976404,-1,-1,-1
00158,3,61,381,96,39,0.8236009,-1,-1,-1
00158,3,50,374,30,30,0.70267963,-1,-1,-1
00159,3,52,393,113,72,0.99101627,-1,-1,-1
00159,8,1440,485,1072,371,0.9727826,-1,-1,-1
00159,3,59,379,95,41,0.8552756,-1,-1,-1
00160,3,49,384,112,77,0.9766417,-1,-1,-1
00160,8,1341,504,1091,350,0.85732335,-1,-1,-1
00160,3,1335,481,1121,364,0.7139776,-1,-1,-1
00161,3,46,375,112,83,0.97936475,-1,-1,-1
00161,8,1268,504,1021,352,0.8906893,-1,-1,-1
00162,3,43,375,111,82,0.9905912,-1,-1,-1
00162,8,1137,491,1036,363,0.95163435,-1,-1,-1
00163,3,42,372,108,81,0.97851,-1,-1,-1
00163,8,1035,477,1033,363,0.96999335,-1,-1,-1
00164,3,40,374,104,77,0.9846646,-1,-1,-1
00164,8,948,497,1012,352,0.9235155,-1,-1,-1
00164,3,34,367,64,42,0.7262599,-1,-1,-1
00165,3,37,370,104,80,0.9675312,-1,-1,-1
00165,8,844,501,999,345,0.83576006,-1,-1,-1
00166,3,35,368,102,79,0.98237234,-1,-1,-1
00166,8,748,496,991,350,0.93165785,-1,-1,-1
00167,3,36,374,96,70,0.9885705,-1,-1,-1
00167,8,677,505,950,331,0.88582665,-1,-1,-1
00168,3,36,370,95,73,0.98830545,-1,-1,-1
00168,8,600,504,952,326,0.89296675,-1,-1,-1
00169,3,33,371,94,68,0.98102957,-1,-1,-1
00169,8,509,497,944,331,0.94051546,-1,-1,-1
00170,3,31,372,91,65,0.99191535,-1,-1,-1
00170,8,453,489,910,332,0.94264764,-1,-1,-1
00171,3,6,903,326,480,0.99328184,-1,-1,-1
00171,3,30,372,89,63,0.9916843,-1,-1,-1
00171,8,407,482,864,333,0.9834214,-1,-1,-1
00171,3,108,371,39,30,0.7161957,-1,-1,-1
00172,3,0,787,806,657,0.997895,-1,-1,-1
00172,3,28,368,90,65,0.9918914,-1,-1,-1
00172,8,361,492,825,320,0.94760907,-1,-1,-1
00172,3,106,369,40,32,0.77678186,-1,-1,-1
00173,3,0,779,1290,651,0.9995053,-1,-1,-1
00173,3,25,369,88,62,0.9935135,-1,-1,-1
00173,8,325,489,784,318,0.9243457,-1,-1,-1
00173,3,107,370,45,34,0.73328424,-1,-1,-1
00174,3,0,781,1788,667,0.9997818,-1,-1,-1
00174,3,23,366,88,64,0.9912101,-1,-1,-1
00174,8,273,496,759,286,0.9806953,-1,-1,-1
00174,3,106,369,47,35,0.7632096,-1,-1,-1
00175,3,470,754,1848,689,0.9996526,-1,-1,-1
00175,3,22,369,88,60,0.9918943,-1,-1,-1
00175,8,252,489,705,313,0.98498017,-1,-1,-1
00175,3,110,371,42,33,0.7393261,-1,-1,-1
00176,3,1068,761,1490,686,0.9997441,-1,-1,-1
00176,3,20,366,86,61,0.9917108,-1,-1,-1
00176,8,226,487,650,305,0.97044855,-1,-1,-1
00176,3,107,369,44,36,0.77148545,-1,-1,-1
00177,3,1573,755,988,675,0.99957377,-1,-1,-1
00177,3,21,364,82,61,0.9890519,-1,-1,-1
00177,8,191,484,619,297,0.9635119,-1,-1,-1
00177,3,101,368,49,38,0.85654557,-1,-1,-1
00178,3,2025,743,530,642,0.9985305,-1,-1,-1
00178,3,20,364,80,58,0.9852561,-1,-1,-1
00178,3,104,369,47,36,0.90606576,-1,-1,-1
00178,8,172,481,577,296,0.9014013,-1,-1,-1
00179,3,18,364,78,57,0.9844044,-1,-1,-1
00179,8,147,474,554,292,0.9609879,-1,-1,-1
00179,3,105,369,46,35,0.90777236,-1,-1,-1
00179,3,2486,866,75,286,0.8700133,-1,-1,-1
00180,3,15,364,80,55,0.983145,-1,-1,-1
00180,8,136,474,509,279,0.9068647,-1,-1,-1
00180,3,104,368,47,36,0.89236563,-1,-1,-1
00181,3,16,363,75,54,0.97853744,-1,-1,-1
00181,8,135,473,474,264,0.94040054,-1,-1,-1
00181,3,102,369,48,36,0.91086304,-1,-1,-1
00181,3,84,362,43,48,0.7096256,-1,-1,-1
00182,3,14,363,75,53,0.974784,-1,-1,-1
00182,8,126,470,430,256,0.9396812,-1,-1,-1
00182,3,103,368,46,36,0.8896303,-1,-1,-1
00183,8,117,462,406,256,0.97592473,-1,-1,-1
00183,3,14,359,77,57,0.96310556,-1,-1,-1
00183,3,105,367,45,36,0.8861399,-1,-1,-1
00184,3,12,359,77,57,0.97465104,-1,-1,-1
00184,8,112,457,375,248,0.96066177,-1,-1,-1
00184,3,104,367,46,36,0.8894725,-1,-1,-1
00185,3,11,358,78,56,0.9771289,-1,-1,-1
00185,8,108,452,349,242,0.9713827,-1,-1,-1
00185,3,104,367,46,36,0.8977192,-1,-1,-1
00186,3,10,358,76,55,0.9692379,-1,-1,-1
00186,3,98,366,55,36,0.90676683,-1,-1,-1
00187,3,9,359,75,53,0.9695124,-1,-1,-1
00187,3,106,442,304,227,0.947747,-1,-1,-1
00187,3,105,367,45,35,0.9038916,-1,-1,-1
00188,3,8,358,71,53,0.97244906,-1,-1,-1
00188,3,99,439,291,214,0.9324794,-1,-1,-1
00188,3,104,366,44,36,0.86581135,-1,-1,-1
00188,3,81,362,39,41,0.77241576,-1,-1,-1
00189,3,7,358,71,53,0.9755356,-1,-1,-1
00189,3,95,428,276,217,0.90326726,-1,-1,-1
00189,3,103,368,46,34,0.88991296,-1,-1,-1
00189,3,68,361,37,43,0.7296162,-1,-1,-1
00190,3,7,358,67,51,0.9735869,-1,-1,-1
00190,3,104,369,45,34,0.9071059,-1,-1,-1
00190,3,77,362,40,42,0.74823576,-1,-1,-1
00190,8,100,427,255,218,0.7262676,-1,-1,-1
00191,3,7,357,66,51,0.9741853,-1,-1,-1
00191,3,104,370,46,34,0.90982616,-1,-1,-1
00191,3,83,419,260,197,0.8915539,-1,-1,-1
00191,3,82,368,40,36,0.7067197,-1,-1,-1
00192,3,6,359,65,49,0.97371054,-1,-1,-1
00192,3,104,371,46,33,0.91037047,-1,-1,-1
00192,3,87,416,242,199,0.8595979,-1,-1,-1
00193,3,7,358,64,49,0.9712803,-1,-1,-1
00193,3,104,371,47,32,0.88704115,-1,-1,-1
00193,3,80,421,237,196,0.72239995,-1,-1,-1
00194,3,5,359,63,46,0.96173614,-1,-1,-1
00194,3,103,371,48,32,0.8736959,-1,-1,-1
00194,3,82,418,230,181,0.78188527,-1,-1,-1
00195,3,5,357,61,48,0.9588168,-1,-1,-1
00195,3,98,371,49,33,0.8645872,-1,-1,-1
00195,3,84,415,215,165,0.7566249,-1,-1,-1
00196,3,3,357,62,48,0.97070616,-1,-1,-1
00196,3,93,370,44,34,0.813706,-1,-1,-1
00197,3,2,357,62,49,0.97150075,-1,-1,-1
00197,3,86,407,196,165,0.79610527,-1,-1,-1
00197,3,93,371,43,34,0.7873811,-1,-1,-1
00198,3,2,357,61,48,0.9745291,-1,-1,-1
00198,3,85,405,188,156,0.87621635,-1,-1,-1
00198,3,94,372,41,33,0.8038976,-1,-1,-1
00199,3,1,357,60,48,0.9638151,-1,-1,-1
00199,3,80,398,189,153,0.9433653,-1,-1,-1
00199,3,95,372,40,33,0.7643917,-1,-1,-1
00200,3,1,358,60,47,0.9557487,-1,-1,-1
00200,3,78,401,189,150,0.7669009,-1,-1,-1
00200,3,99,373,51,35,0.7374184,-1,-1,-1
00201,3,3,360,60,44,0.9607848,-1,-1,-1
00201,3,81,400,178,137,0.846986,-1,-1,-1
00201,3,100,374,52,35,0.7999414,-1,-1,-1
00201,3,2465,607,96,185,0.7856719,-1,-1,-1
00202,3,2,360,60,44,0.95536387,-1,-1,-1
00202,3,74,398,182,145,0.9350165,-1,-1,-1
00202,3,95,380,65,32,0.823028,-1,-1,-1
00202,3,2522,703,39,134,0.74889404,-1,-1,-1
00202,8,2297,569,261,248,0.74864876,-1,-1,-1
00203,3,78,400,165,134,0.97573483,-1,-1,-1
00203,3,2,364,59,38,0.9516665,-1,-1,-1
00203,8,2172,503,389,339,0.8716729,-1,-1,-1
00203,3,90,382,71,34,0.80004174,-1,-1,-1
00203,3,2385,499,169,113,0.7804095,-1,-1,-1
00204,3,79,401,161,127,0.9599754,-1,-1,-1
00204,3,0,360,59,44,0.94124407,-1,-1,-1
00204,3,86,386,70,40,0.9087359,-1,-1,-1
00205,3,77,406,153,107,0.9816348,-1,-1,-1
00205,3,2,363,59,39,0.94448036,-1,-1,-1
00205,8,1899,487,661,353,0.9365458,-1,-1,-1
00205,3,81,387,77,36,0.9019453,-1,-1,-1
00206,8,1765,485,788,352,0.97062165,-1,-1,-1
00206,3,74,397,152,119,0.94837207,-1,-1,-1
00206,3,1,364,56,37,0.91075003,-1,-1,-1
00206,3,79,387,73,36,0.8954707,-1,-1,-1
00207,8,1675,498,874,324,0.95462537,-1,-1,-1
00207,3,66,391,160,118,0.9306995,-1,-1,-1
00207,3,2,362,59,40,0.89700097,-1,-1,-1
00207,3,76,384,66,35,0.7483176,-1,-1,-1
00207,3,1613,488,878,346,0.7447416,-1,-1,-1
00208,8,2116,546,438,293,0.98615813,-1,-1,-1
00208,8,1487,488,836,354,0.95872456,-1,-1,-1
00208,3,67,393,152,110,0.93334866,-1,-1,-1
00208,3,1,363,60,39,0.8896878,-1,-1,-1
00208,3,1483,489,712,340,0.82111615,-1,-1,-1
00208,3,72,384,64,36,0.80246615,-1,-1,-1
00209,8,1374,503,1070,340,0.99704784,-1,-1,-1
00209,3,65,392,144,107,0.9433687,-1,-1,-1
00209,3,0,364,57,39,0.9153752,-1,-1,-1
00209,3,70,380,56,33,0.7768956,-1,-1,-1
00210,8,1243,489,950,347,0.9920189,-1,-1,-1
00210,3,60,390,142,106,0.9229812,-1,-1,-1
00210,3,0,365,53,40,0.91473234,-1,-1,-1
00210,3,68,379,57,33,0.76110995,-1,-1,-1
00211,8,1084,500,1073,329,0.9969302,-1,-1,-1
00211,3,0,366,51,38,0.93594426,-1,-1,-1
00211,3,59,388,137,103,0.8794366,-1,-1,-1
00211,3,65,379,57,32,0.86283606,-1,-1,-1
00212,8,996,495,1024,328,0.9956328,-1,-1,-1
00212,3,55,386,135,101,0.94028586,-1,-1,-1
00212,3,0,365,51,39,0.9296167,-1,-1,-1
00212,3,62,380,56,29,0.8790381,-1,-1,-1
00213,8,904,497,969,327,0.9972696,-1,-1,-1
00213,3,0,366,50,38,0.92804086,-1,-1,-1
00213,3,50,398,136,83,0.91574824,-1,-1,-1
00213,3,59,372,60,36,0.8829182,-1,-1,-1
00213,3,89,372,71,33,0.7827878,-1,-1,-1
00214,8,765,495,990,324,0.9908579,-1,-1,-1
00214,3,0,366,49,38,0.9290121,-1,-1,-1
00214,3,53,395,127,82,0.90836775,-1,-1,-1
00214,3,88,375,71,30,0.87865454,-1,-1,-1
00214,3,59,376,48,29,0.8442932,-1,-1,-1
00215,8,686,496,950,318,0.996327,-1,-1,-1
00215,3,50,392,122,78,0.9391603,-1,-1,-1
00215,3,0,367,47,37,0.9216949,-1,-1,-1
00215,3,57,376,49,27,0.8347954,-1,-1,-1
00215,3,94,375,64,27,0.7400696,-1,-1,-1
00216,8,613,493,908,319,0.99817836,-1,-1,-1
00216,3,53,395,114,71,0.94039947,-1,-1,-1
00216,3,0,372,43,31,0.9175372,-1,-1,-1
00216,3,52,377,51,26,0.814224,-1,-1,-1
00216,3,55,374,105,52,0.753475,-1,-1,-1
00217,8,532,484,892,320,0.9969093,-1,-1,-1
00217,3,47,383,116,83,0.9694914,-1,-1,-1
00217,3,0,370,42,34,0.9318079,-1,-1,-1
00217,3,46,372,51,33,0.775183,-1,-1,-1
00218,8,461,472,841,333,0.9986588,-1,-1,-1
00218,3,0,370,49,33,0.93702453,-1,-1,-1
00218,3,44,383,116,80,0.9198479,-1,-1,-1
00218,3,42,368,61,33,0.85379887,-1,-1,-1
00219,8,401,469,803,328,0.99409264,-1,-1,-1
00219,3,41,373,113,90,0.9278904,-1,-1,-1
00219,3,0,370,50,34,0.92193407,-1,-1,-1
00219,3,40,370,49,30,0.8550326,-1,-1,-1
00220,8,350,471,762,316,0.9977442,-1,-1,-1
00220,3,41,372,110,88,0.9250473,-1,-1,-1
00220,3,0,373,45,31,0.9060849,-1,-1,-1
00220,3,41,367,51,33,0.7950975,-1,-1,-1
00221,8,300,468,717,318,0.99793905,-1,-1,-1
00221,3,39,374,107,80,0.9056655,-1,-1,-1
00221,3,0,374,43,31,0.9007057,-1,-1,-1
00221,3,38,365,60,36,0.75205076,-1,-1,-1
00222,8,263,467,666,308,0.9988457,-1,-1,-1
00222,3,37,373,106,81,0.88790023,-1,-1,-1
00222,3,1,374,41,31,0.7827568,-1,-1,-1
00222,3,33,366,55,35,0.72263026,-1,-1,-1
00223,8,231,463,621,300,0.9985996,-1,-1,-1
00223,3,36,363,104,89,0.8213775,-1,-1,-1
00223,3,0,374,40,32,0.7853565,-1,-1,-1
00224,8,202,462,577,279,0.9971577,-1,-1,-1
00224,3,1,374,39,31,0.80076647,-1,-1,-1
00224,3,34,363,100,78,0.7496592,-1,-1,-1
00225,8,181,462,540,273,0.99055403,-1,-1,-1
00225,3,34,362,96,75,0.82998174,-1,-1,-1
00225,3,35,360,61,33,0.7657307,-1,-1,-1
00225,3,3,371,42,34,0.70598793,-1,-1,-1
00226,8,156,453,505,271,0.9959928,-1,-1,-1
00226,3,33,363,96,78,0.8785889,-1,-1,-1
00226,3,120,370,33,29,0.7047739,-1,-1,-1
00227,8,146,448,472,264,0.9947761,-1,-1,-1
00227,3,33,365,91,68,0.86388266,-1,-1,-1
00227,3,119,371,34,29,0.71302617,-1,-1,-1
00228,8,135,445,430,252,0.9878407,-1,-1,-1
00228,3,31,365,91,68,0.8412591,-1,-1,-1
00228,3,3,374,30,31,0.7181561,-1,-1,-1
00229,3,2490,666,71,132,0.98527086,-1,-1,-1
00229,8,128,434,398,253,0.98484796,-1,-1,-1
00229,3,29,362,90,69,0.8489085,-1,-1,-1
00230,3,2358,647,203,165,0.99354583,-1,-1,-1
00230,8,114,433,373,244,0.98711675,-1,-1,-1
00230,3,27,364,91,67,0.88425994,-1,-1,-1
00230,3,117,371,36,28,0.72443384,-1,-1,-1
00231,3,2219,584,339,254,0.9928838,-1,-1,-1
00231,8,106,432,352,229,0.9882118,-1,-1,-1
00231,3,24,362,90,67,0.88240606,-1,-1,-1
00231,3,115,370,38,30,0.70970577,-1,-1,-1
00232,3,2095,570,459,268,0.99598444,-1,-1,-1
00232,8,110,431,315,216,0.94681,-1,-1,-1
00232,3,22,356,90,64,0.8981693,-1,-1,-1
00233,3,1963,566,594,263,0.99634004,-1,-1,-1
00233,8,115,425,281,212,0.9421936,-1,-1,-1
00233,3,20,355,88,67,0.9045872,-1,-1,-1
00234,3,1842,563,719,267,0.99648404,-1,-1,-1
00234,3,19,353,86,69,0.8748962,-1,-1,-1
00234,3,93,421,270,174,0.83275634,-1,-1,-1
00234,8,115,430,258,197,0.72826636,-1,-1,-1
00234,3,107,369,43,34,0.7266538,-1,-1,-1
00235,3,1725,566,825,263,0.9973321,-1,-1,-1
00235,8,93,412,272,200,0.89553833,-1,-1,-1
00235,3,17,356,84,62,0.8878307,-1,-1,-1
00235,3,99,371,53,36,0.8271657,-1,-1,-1
00236,3,1590,575,850,258,0.99877244,-1,-1,-1
00236,3,14,353,85,68,0.900752,-1,-1,-1
00236,3,101,370,51,35,0.8105938,-1,-1,-1
00237,3,1465,572,842,262,0.9985329,-1,-1,-1
00237,8,86,407,243,188,0.9251954,-1,-1,-1
00237,3,14,354,82,64,0.9022104,-1,-1,-1
00237,3,99,370,52,36,0.82943827,-1,-1,-1
00238,3,1344,565,837,267,0.9987984,-1,-1,-1
00238,3,13,355,81,61,0.90450567,-1,-1,-1
00238,3,97,371,55,36,0.82352334,-1,-1,-1
00238,8,86,402,230,185,0.7131577,-1,-1,-1
00239,3,1239,564,825,265,0.9981806,-1,-1,-1
00239,8,81,400,221,178,0.8896164,-1,-1,-1
00239,3,13,360,77,54,0.88486296,-1,-1,-1
00239,3,96,369,59,39,0.7333276,-1,-1,-1
00240,3,1127,562,805,266,0.99889815,-1,-1,-1
00240,3,9,359,80,55,0.85753447,-1,-1,-1
00240,3,89,399,207,164,0.7013213,-1,-1,-1
00241,3,1025,568,798,258,0.9982461,-1,-1,-1
00241,3,7,356,83,56,0.87216985,-1,-1,-1
00242,3,942,564,773,258,0.9984971,-1,-1,-1
00242,3,7,356,80,56,0.90054274,-1,-1,-1
00242,8,94,396,178,155,0.7506771,-1,-1,-1
00243,3,847,567,756,248,0.99848855,-1,-1,-1
00243,3,7,358,77,53,0.9074521,-1,-1,-1
00244,3,760,562,734,246,0.9980755,-1,-1,-1
00244,3,6,357,76,54,0.92124355,-1,-1,-1
00245,3,682,562,716,240,0.9966389,-1,-1,-1
00245,3,4,357,71,54,0.92310566,-1,-1,-1
00246,3,612,567,700,235,0.99787104,-1,-1,-1
00246,3,5,358,68,52,0.9446238,-1,-1,-1
00247,3,551,566,672,230,0.99793756,-1,-1,-1
00247,3,4,356,70,54,0.938819,-1,-1,-1
00248,3,496,564,639,230,0.99821043,-1,-1,-1
00248,3,4,356,69,52,0.9395172,-1,-1,-1
00248,3,66,383,160,126,0.70989364,-1,-1,-1
00249,3,461,552,586,229,0.9983,-1,-1,-1
00249,3,4,358,64,49,0.9311432,-1,-1,-1
00249,3,64,379,159,127,0.7488709,-1,-1,-1
00250,3,414,550,559,233,0.9989668,-1,-1,-1
00250,3,3,359,63,48,0.9313378,-1,-1,-1
00250,3,62,376,151,127,0.87315136,-1,-1,-1
00251,3,374,539,523,229,0.9986487,-1,-1,-1
00251,3,60,376,144,121,0.9608835,-1,-1,-1
00251,3,2,361,63,45,0.93786526,-1,-1,-1
00252,3,348,538,492,227,0.9990428,-1,-1,-1
00252,3,55,375,145,118,0.9798125,-1,-1,-1
00252,3,2,360,63,46,0.9479225,-1,-1,-1
00252,3,62,373,52,36,0.7124082,-1,-1,-1
00253,3,322,529,462,228,0.999253,-1,-1,-1
00253,3,53,374,142,115,0.9455787,-1,-1,-1
00253,3,2,361,62,45,0.9385876,-1,-1,-1
00253,3,61,371,60,31,0.7148123,-1,-1,-1
00254,3,308,528,420,217,0.9990701,-1,-1,-1
00254,3,54,375,133,108,0.96453965,-1,-1,-1
00254,3,2,362,58,43,0.94084394,-1,-1,-1
00254,3,55,369,69,44,0.8299165,-1,-1,-1
00255,3,284,523,401,211,0.99900264,-1,-1,-1
00255,3,53,373,127,105,0.9447766,-1,-1,-1
00255,3,1,362,55,43,0.9337174,-1,-1,-1
00255,3,54,369,77,46,0.8045695,-1,-1,-1
00256,3,271,518,369,203,0.9984028,-1,-1,-1
00256,3,49,371,126,104,0.93362856,-1,-1,-1
00256,3,1,363,53,40,0.9215305,-1,-1,-1
00257,3,257,513,347,197,0.99663097,-1,-1,-1
00257,3,46,368,125,105,0.9567189,-1,-1,-1
00257,3,1,366,53,38,0.91339123,-1,-1,-1
00258,3,251,510,319,190,0.99729747,-1,-1,-1
00258,3,42,367,123,98,0.9690995,-1,-1,-1
00258,3,0,362,53,43,0.9250176,-1,-1,-1
00259,3,244,506,300,184,0.99760395,-1,-1,-1
00259,3,41,366,120,97,0.97461504,-1,-1,-1
00259,3,0,361,53,43,0.93221754,-1,-1,-1
00260,3,226,499,292,180,0.99849033,-1,-1,-1
00260,3,41,366,113,94,0.9773465,-1,-1,-1
00260,3,1,363,49,39,0.90442765,-1,-1,-1
00261,3,217,497,279,178,0.99704534,-1,-1,-1
00261,3,39,364,111,94,0.9860027,-1,-1,-1
00261,3,4,362,44,40,0.9044125,-1,-1,-1
00262,3,206,488,268,177,0.9981042,-1,-1,-1
00262,3,36,361,111,93,0.9820519,-1,-1,-1
00262,3,4,363,39,38,0.8763583,-1,-1,-1
00263,3,192,481,262,172,0.99601644,-1,-1,-1
00263,3,35,362,109,89,0.97534627,-1,-1,-1
00263,3,4,363,37,38,0.8748273,-1,-1,-1
00264,3,188,473,243,171,0.99766636,-1,-1,-1
00264,3,33,362,108,86,0.9693732,-1,-1,-1
00264,3,4,362,36,40,0.8621334,-1,-1,-1
00265,3,176,468,241,162,0.9949951,-1,-1,-1
00265,3,32,361,104,85,0.9298162,-1,-1,-1
00265,3,4,361,34,41,0.8790277,-1,-1,-1
00266,3,163,465,238,159,0.99144894,-1,-1,-1
00266,3,31,360,101,85,0.9133299,-1,-1,-1
00266,3,3,360,30,47,0.8118867,-1,-1,-1
00267,3,154,464,230,153,0.98997575,-1,-1,-1
00267,3,29,361,103,80,0.94768393,-1,-1,-1
00267,3,4,360,29,45,0.76024836,-1,-1,-1
00267,3,21,360,29,48,0.7177416,-1,-1,-1
00268,3,146,457,222,151,0.99481577,-1,-1,-1
00268,3,29,360,99,76,0.9276273,-1,-1,-1
00268,3,16,359,27,49,0.78583163,-1,-1,-1
00269,3,132,459,222,141,0.99634475,-1,-1,-1
00269,3,24,359,99,74,0.92000383,-1,-1,-1
00270,3,123,456,219,136,0.99452776,-1,-1,-1
00270,3,24,356,93,73,0.93569034,-1,-1,-1
00271,3,113,450,216,135,0.9944892,-1,-1,-1
00271,3,20,353,93,77,0.9048934,-1,-1,-1
00272,3,111,443,203,135,0.9828934,-1,-1,-1
00272,3,16,353,94,73,0.917669,-1,-1,-1
00272,3,109,369,42,35,0.80635023,-1,-1,-1
00273,3,104,441,191,130,0.9807195,-1,-1,-1
00273,3,16,352,90,71,0.8269642,-1,-1,-1
00273,3,106,369,44,36,0.8110433,-1,-1,-1
00274,3,92,442,191,119,0.98432434,-1,-1,-1
00274,3,99,370,52,38,0.8665909,-1,-1,-1
00274,3,13,353,91,64,0.7335999,-1,-1,-1
00275,3,82,436,191,116,0.9886395,-1,-1,-1
00275,3,97,370,54,38,0.8756241,-1,-1,-1
00275,3,11,354,87,64,0.8106519,-1,-1,-1
00276,3,78,428,184,121,0.99038106,-1,-1,-1
00276,3,97,370,54,37,0.87590206,-1,-1,-1
00276,3,11,353,84,64,0.81972945,-1,-1,-1
00277,3,76,423,175,122,0.9803965,-1,-1,-1
00277,3,8,353,88,63,0.8598493,-1,-1,-1
00277,3,95,369,56,38,0.82552713,-1,-1,-1
00278,3,74,424,167,116,0.9892139,-1,-1,-1
00278,3,7,353,85,62,0.8474089,-1,-1,-1
00278,3,97,369,54,37,0.80457836,-1,-1,-1
00279,3,69,423,163,107,0.9936559,-1,-1,-1
00279,3,7,352,80,60,0.8962324,-1,-1,-1
00279,3,97,368,54,36,0.85095793,-1,-1,-1
00280,3,67,421,157,108,0.9965899,-1,-1,-1
00280,3,0,860,81,300,0.9836405,-1,-1,-1
00280,3,6,351,81,60,0.89570934,-1,-1,-1
00280,3,98,367,53,37,0.84152263,-1,-1,-1
00281,3,65,416,151,106,0.9966163,-1,-1,-1
00281,3,6,715,501,735,0.9780918,-1,-1,-1
00281,3,3,351,83,59,0.8744956,-1,-1,-1
00281,3,95,368,53,36,0.8003876,-1,-1,-1
00282,3,63,415,145,101,0.9972817,-1,-1,-1
00282,3,0,609,922,801,0.9697304,-1,-1,-1
00282,3,4,352,79,59,0.8844905,-1,-1,-1
00282,3,99,368,53,36,0.81779474,-1,-1,-1
00283,3,60,413,141,98,0.99825555,-1,-1,-1
00283,3,4,600,1388,842,0.99327326,-1,-1,-1
00283,3,10,1400,432,520,0.99009436,-1,-1,-1
00283,3,4,352,78,59,0.85291237,-1,-1,-1
00283,3,97,369,56,36,0.7282483,-1,-1,-1
00284,3,58,412,137,94,0.99853814,-1,-1,-1
00284,3,0,1128,1827,765,0.9874243,-1,-1,-1
00284,3,22,573,1886,903,0.9797085,-1,-1,-1
00284,3,1,352,77,59,0.8220023,-1,-1,-1
00285,3,56,410,131,89,0.9969374,-1,-1,-1
00285,3,21,1040,2525,869,0.97975415,-1,-1,-1
00285,3,674,542,1727,822,0.8746815,-1,-1,-1
00285,3,1,351,76,58,0.7238503,-1,-1,-1
00286,3,52,407,130,89,0.99504673,-1,-1,-1
00286,3,1100,1050,1461,826,0.97548896,-1,-1,-1
00286,3,0,352,74,55,0.79961187,-1,-1,-1
00286,3,645,574,1916,881,0.7765991,-1,-1,-1
00287,3,2309,1240,252,665,0.9971635,-1,-1,-1
00287,3,49,406,126,87,0.9948473,-1,-1,-1
00287,8,1154,558,1407,887,0.83216614,-1,-1,-1
00287,3,2,353,69,57,0.75109136,-1,-1,-1
00288,3,48,404,124,87,0.99193585,-1,-1,-1
00288,3,0,351,69,59,0.71049815,-1,-1,-1
00289,3,49,401,115,83,0.9926018,-1,-1,-1
00289,3,0,352,67,57,0.8803486,-1,-1,-1
00290,3,45,400,115,78,0.99478143,-1,-1,-1
00290,3,0,355,63,54,0.91350424,-1,-1,-1
00291,3,43,400,115,77,0.99567753,-1,-1,-1
00291,3,2380,605,181,289,0.99140745,-1,-1,-1
00291,3,0,355,63,55,0.9361707,-1,-1,-1
00292,3,43,398,108,75,0.99733967,-1,-1,-1
00292,3,2098,397,459,572,0.96329576,-1,-1,-1
00292,3,0,356,62,54,0.959118,-1,-1,-1
00293,3,38,398,111,73,0.99685466,-1,-1,-1
00293,3,0,355,62,54,0.95162123,-1,-1,-1
00293,3,1797,351,752,615,0.89175487,-1,-1,-1
00294,3,38,395,105,71,0.99587435,-1,-1,-1
00294,3,0,355,60,53,0.9247064,-1,-1,-1
00294,3,1519,353,1036,610,0.8397313,-1,-1,-1
00294,3,112,372,45,32,0.70977503,-1,-1,-1
00295,3,37,393,100,69,0.9950205,-1,-1,-1
00295,3,0,357,53,49,0.9218475,-1,-1,-1
00295,3,109,372,46,32,0.7445739,-1,-1,-1
00295,3,1203,344,1358,649,0.7200609,-1,-1,-1
00296,3,35,392,97,65,0.99408287,-1,-1,-1
00296,3,0,358,51,47,0.92449856,-1,-1,-1
00296,8,870,319,1425,666,0.79690343,-1,-1,-1
00296,3,108,371,46,32,0.7956622,-1,-1,-1
00297,3,35,390,97,65,0.99317485,-1,-1,-1
00297,3,0,358,49,45,0.9139515,-1,-1,-1
00297,3,105,371,48,32,0.8656985,-1,-1,-1
00297,8,563,358,1353,640,0.80113906,-1,-1,-1
00298,3,35,388,93,65,0.991523,-1,-1,-1
00298,3,0,359,51,44,0.89226246,-1,-1,-1
00298,3,104,370,50,32,0.8610232,-1,-1,-1
00298,8,236,355,1340,642,0.82484365,-1,-1,-1
00299,3,33,389,92,62,0.9910725,-1,-1,-1
00299,3,1,358,47,46,0.9163105,-1,-1,-1
00299,8,30,350,1236,647,0.8416904,-1,-1,-1
00299,3,105,371,48,32,0.83686554,-1,-1,-1
00300,8,13,353,953,641,0.95926845,-1,-1,-1
00300,3,0,360,46,46,0.90950143,-1,-1,-1
00300,3,38,385,67,33,0.90938705,-1,-1,-1
00301,8,8,362,665,633,0.97742677,-1,-1,-1
00302,8,3,356,391,633,0.84154004,-1,-1,-1
00303,3,28,380,82,60,0.9819421,-1,-1,-1
00303,3,1,362,39,44,0.91016155,-1,-1,-1
00303,3,95,370,51,34,0.89212126,-1,-1,-1
00303,3,0,418,114,480,0.88023853,-1,-1,-1
00304,3,29,383,77,54,0.98052925,-1,-1,-1
00304,3,0,363,39,39,0.9479579,-1,-1,-1
00304,3,95,371,48,32,0.91436154,-1,-1,-1
00305,3,25,378,78,56,0.98232377,-1,-1,-1
00305,3,1,365,35,38,0.9422966,-1,-1,-1
00305,3,102,372,45,28,0.9229152,-1,-1,-1
00306,3,28,1103,1511,805,0.99502903,-1,-1,-1
00306,3,23,376,77,54,0.9895978,-1,-1,-1
00306,3,95,369,51,34,0.93619376,-1,-1,-1
00306,3,2,365,34,38,0.83490974,-1,-1,-1
00307,3,14,1047,2535,860,0.9943784,-1,-1,-1
00307,3,22,375,75,54,0.989901,-1,-1,-1
00307,3,97,368,50,35,0.9236035,-1,-1,-1
00307,3,2,366,34,38,0.79998326,-1,-1,-1
00308,3,21,372,72,54,0.9893271,-1,-1,-1
00308,3,102,369,49,34,0.91985416,-1,-1,-1
00308,3,412,1471,482,163,0.890801,-1,-1,-1
00308,3,333,999,2228,922,0.8892313,-1,-1,-1
00308,8,0,930,2561,983,0.7904772,-1,-1,-1
00308,3,3,367,35,43,0.7260415,-1,-1,-1
00309,3,18,372,73,53,0.990281,-1,-1,-1
00309,3,97,368,49,36,0.9173404,-1,-1,-1
00309,3,923,1005,1611,916,0.7316074,-1,-1,-1
00309,8,972,1256,1054,642,0.7127314,-1,-1,-1
00309,3,1429,1457,521,132,0.70886374,-1,-1,-1
00310,3,15,372,74,51,0.9903465,-1,-1,-1
00310,3,102,368,48,35,0.9093601,-1,-1,-1
00311,3,13,369,74,50,0.9866237,-1,-1,-1
00311,3,103,368,47,35,0.9184605,-1,-1,-1
00312,3,10,368,72,48,0.9893372,-1,-1,-1
00312,3,106,370,44,34,0.908054,-1,-1,-1
00312,3,75,366,39,42,0.70240045,-1,-1,-1
00313,3,7,366,74,50,0.9902844,-1,-1,-1
00313,3,107,370,44,34,0.9000437,-1,-1,-1
00314,3,6,365,72,50,0.9908201,-1,-1,-1
00314,3,107,370,44,34,0.91131085,-1,-1,-1
00315,3,6,365,68,49,0.9919143,-1,-1,-1
00315,3,107,370,43,33,0.9067349,-1,-1,-1
00315,3,69,365,35,40,0.71454597,-1,-1,-1
00316,3,5,365,67,48,0.9928906,-1,-1,-1
00316,3,107,370,43,34,0.91252553,-1,-1,-1
00316,3,69,366,35,39,0.7592158,-1,-1,-1
00317,3,4,364,67,48,0.9942788,-1,-1,-1
00317,3,106,370,44,34,0.9078386,-1,-1,-1
00317,3,70,365,34,39,0.74756944,-1,-1,-1
00318,3,4,364,67,47,0.9932974,-1,-1,-1
00318,3,105,369,44,35,0.9105935,-1,-1,-1
00318,3,83,366,36,39,0.7637844,-1,-1,-1
00319,3,3,363,67,48,0.9915473,-1,-1,-1
00319,3,106,369,45,35,0.92383325,-1,-1,-1
00319,3,83,365,35,40,0.7868675,-1,-1,-1
00320,3,3,363,65,47,0.9896017,-1,-1,-1
00320,3,105,369,46,35,0.9303625,-1,-1,-1
00320,3,84,366,36,39,0.78675866,-1,-1,-1
00321,3,3,364,64,44,0.9862179,-1,-1,-1
00321,3,106,370,46,34,0.9250196,-1,-1,-1
00321,3,85,367,35,37,0.8053972,-1,-1,-1
00321,3,63,365,38,39,0.7569987,-1,-1,-1
00322,3,3,364,63,43,0.9792772,-1,-1,-1
00322,3,105,371,47,34,0.91712457,-1,-1,-1
00322,3,86,368,36,37,0.78217626,-1,-1,-1
00323,3,2,365,63,41,0.9738641,-1,-1,-1
00323,3,105,372,46,33,0.9118016,-1,-1,-1
00323,3,85,368,37,37,0.7828505,-1,-1,-1
00324,3,1,364,61,41,0.96997726,-1,-1,-1
00324,3,104,372,47,33,0.91074777,-1,-1,-1
00324,3,85,369,37,36,0.7988618,-1,-1,-1
00324,3,58,368,31,35,0.7229245,-1,-1,-1
00325,3,1,367,61,38,0.9665747,-1,-1,-1
00325,3,104,371,47,33,0.92001104,-1,-1,-1
00325,3,85,369,37,36,0.7978189,-1,-1,-1
00325,3,52,370,34,34,0.76626915,-1,-1,-1
00326,3,0,366,60,39,0.97172844,-1,-1,-1
00326,3,104,371,47,33,0.9192465,-1,-1,-1
00326,3,85,368,37,36,0.7955963,-1,-1,-1
00326,3,51,369,35,35,0.74748063,-1,-1,-1
00327,3,1,366,58,39,0.9709518,-1,-1,-1
00327,3,105,371,46,33,0.9219826,-1,-1,-1
00327,3,84,368,38,36,0.79830205,-1,-1,-1
00327,3,41,368,31,35,0.76142186,-1,-1,-1
00327,3,61,368,32,34,0.7238269,-1,-1,-1
00328,3,1,366,57,40,0.96495646,-1,-1,-1
00328,3,105,371,47,33,0.9212126,-1,-1,-1
00328,3,43,368,36,33,0.8004655,-1,-1,-1
00328,3,83,368,38,36,0.77755934,-1,-1,-1
00329,3,1,368,54,37,0.95986676,-1,-1,-1
00329,3,105,371,47,33,0.91884947,-1,-1,-1
00329,3,43,369,36,31,0.82950866,-1,-1,-1
00329,3,83,368,38,36,0.7770605,-1,-1,-1
00330,3,0,368,52,37,0.9642616,-1,-1,-1
00330,3,105,372,47,32,0.91662174,-1,-1,-1
00330,3,43,369,31,33,0.8462149,-1,-1,-1
00330,3,84,368,37,36,0.7630248,-1,-1,-1
00331,3,0,368,51,37,0.9584619,-1,-1,-1
00331,3,105,371,47,33,0.91346353,-1,-1,-1
00331,3,38,369,37,34,0.8286537,-1,-1,-1
00331,3,84,368,37,36,0.765306,-1,-1,-1
00332,3,0,368,49,37,0.95792437,-1,-1,-1
00332,3,105,373,46,32,0.92014515,-1,-1,-1
00332,3,37,370,32,30,0.8359357,-1,-1,-1
00332,3,85,370,37,35,0.80063313,-1,-1,-1
00333,3,0,370,49,35,0.94967246,-1,-1,-1
00333,3,105,373,47,32,0.9188496,-1,-1,-1
00333,3,37,370,32,30,0.8205852,-1,-1,-1
00333,3,86,370,36,35,0.79457176,-1,-1,-1
00334,3,0,370,50,36,0.9527992,-1,-1,-1
00334,3,105,373,47,32,0.9181107,-1,-1,-1
00334,3,37,370,32,30,0.8089093,-1,-1,-1
00334,3,85,370,37,35,0.7893347,-1,-1,-1
00335,3,0,371,46,34,0.94038147,-1,-1,-1
00335,3,106,373,46,32,0.9016355,-1,-1,-1
00335,3,37,370,32,30,0.79410446,-1,-1,-1
00335,3,85,370,37,35,0.76920074,-1,-1,-1
00336,3,0,370,45,35,0.93745446,-1,-1,-1
00336,3,106,373,46,32,0.90825385,-1,-1,-1
00336,3,36,370,33,30,0.8001559,-1,-1,-1
00336,3,85,370,37,35,0.7725488,-1,-1,-1
00337,3,105,373,47,32,0.90739864,-1,-1,-1
00337,3,0,371,37,33,0.9064772,-1,-1,-1
00337,3,32,369,39,33,0.759359,-1,-1,-1
00337,3,86,370,38,35,0.75727296,-1,-1,-1
00338,3,104,373,48,32,0.90832084,-1,-1,-1
00338,3,0,370,36,34,0.90462965,-1,-1,-1
00338,3,34,369,38,33,0.7631032,-1,-1,-1
00338,3,86,370,38,35,0.762192,-1,-1,-1
00339,3,104,374,48,31,0.9063164,-1,-1,-1
00339,3,0,371,35,33,0.89866287,-1,-1,-1
00339,3,86,371,37,34,0.7579478,-1,-1,-1
00339,3,36,370,36,32,0.74406934,-1,-1,-1
00340,3,104,374,49,31,0.9007655,-1,-1,-1
00340,3,0,371,34,32,0.8934769,-1,-1,-1
00340,3,36,370,36,31,0.7551664,-1,-1,-1
00340,3,86,371,38,34,0.7311318,-1,-1,-1
00341,3,104,374,48,31,0.9031819,-1,-1,-1
00341,3,0,372,34,31,0.8659388,-1,-1,-1
00341,3,37,370,36,31,0.7538501,-1,-1,-1
00341,3,86,371,38,35,0.74397707,-1,-1,-1
00342,3,104,375,48,30,0.87619144,-1,-1,-1
00342,3,0,373,34,30,0.8132517,-1,-1,-1
00342,3,85,371,37,34,0.7735859,-1,-1,-1
00342,3,38,370,37,32,0.7120022,-1,-1,-1
00343,3,105,375,47,30,0.86070657,-1,-1,-1
00343,3,0,374,34,29,0.7808628,-1,-1,-1
00343,3,85,371,38,34,0.76769227,-1,-1,-1
00344,3,105,375,47,30,0.8588163,-1,-1,-1
00344,3,84,371,38,34,0.7530233,-1,-1,-1
00344,3,0,373,33,30,0.74541855,-1,-1,-1
00345,3,105,375,47,30,0.85790527,-1,-1,-1
00345,3,84,371,38,34,0.74922997,-1,-1,-1
00346,3,105,375,47,30,0.8659929,-1,-1,-1
00346,3,84,371,39,34,0.75742495,-1,-1,-1
00347,3,105,375,47,30,0.8666521,-1,-1,-1
00347,3,84,371,39,34,0.7523236,-1,-1,-1
00348,3,105,374,47,31,0.87440056,-1,-1,-1
00348,3,83,371,40,34,0.7521388,-1,-1,-1
00349,3,105,375,46,30,0.85121965,-1,-1,-1
00349,3,84,371,39,34,0.72288036,-1,-1,-1
00350,3,105,375,46,30,0.8512536,-1,-1,-1
00350,3,84,371,39,34,0.7244179,-1,-1,-1
00351,3,106,375,45,30,0.8466709,-1,-1,-1
00351,3,84,372,39,33,0.7286176,-1,-1,-1
00352,3,105,375,46,29,0.84355354,-1,-1,-1
00352,3,84,372,39,33,0.72198945,-1,-1,-1
00353,3,105,375,46,30,0.8429114,-1,-1,-1
00353,3,84,372,39,33,0.71870154,-1,-1,-1
00354,3,105,375,46,30,0.84321016,-1,-1,-1
00354,3,84,372,39,33,0.72438157,-1,-1,-1
00355,3,105,375,46,29,0.8463159,-1,-1,-1
00355,3,84,372,39,33,0.732032,-1,-1,-1
00356,3,105,375,46,29,0.8322685,-1,-1,-1
00356,3,84,372,39,33,0.7186201,-1,-1,-1
00357,3,105,374,47,30,0.83610916,-1,-1,-1
00357,3,84,372,39,33,0.7199187,-1,-1,-1
00358,3,105,374,46,30,0.8327292,-1,-1,-1
00358,3,84,372,40,33,0.73729956,-1,-1,-1
00359,3,105,374,46,30,0.8387848,-1,-1,-1
00359,3,84,371,40,34,0.7383292,-1,-1,-1
00360,3,105,374,46,30,0.8429281,-1,-1,-1
00360,3,85,372,39,33,0.74076456,-1,-1,-1
00361,3,105,375,46,29,0.85166854,-1,-1,-1
00361,3,84,372,39,33,0.7213835,-1,-1,-1
00362,3,105,375,46,29,0.8500655,-1,-1,-1
00362,3,84,371,39,34,0.72767556,-1,-1,-1
00363,3,105,375,46,29,0.84557515,-1,-1,-1
00363,3,84,371,39,34,0.7169549,-1,-1,-1
00364,3,105,375,46,29,0.8413986,-1,-1,-1
00364,3,90,371,37,32,0.74569374,-1,-1,-1
00365,3,105,375,46,29,0.83824235,-1,-1,-1
00365,3,84,371,39,34,0.7170379,-1,-1,-1
00366,3,105,375,46,29,0.83860534,-1,-1,-1
00366,3,84,371,39,34,0.7257619,-1,-1,-1
00367,3,105,375,46,29,0.8256719,-1,-1,-1
00367,3,85,371,38,34,0.715166,-1,-1,-1
00368,3,105,375,46,29,0.8276688,-1,-1,-1
00368,3,85,371,38,34,0.7169499,-1,-1,-1
00369,3,105,375,46,29,0.83379525,-1,-1,-1
00369,3,85,371,38,34,0.7310593,-1,-1,-1
00370,3,105,375,46,29,0.82752126,-1,-1,-1
00370,3,85,372,38,33,0.7261615,-1,-1,-1
00371,3,105,375,46,29,0.81959826,-1,-1,-1
00371,3,85,372,38,33,0.71797585,-1,-1,-1
00372,3,105,374,46,30,0.8291624,-1,-1,-1
00372,3,85,371,38,34,0.715687,-1,-1,-1
00373,3,105,375,47,29,0.83601743,-1,-1,-1
00373,3,85,372,39,33,0.7125502,-1,-1,-1
00374,3,105,375,47,29,0.8378589,-1,-1,-1
00374,3,85,372,39,33,0.71583825,-1,-1,-1
00375,3,105,374,47,30,0.8377542,-1,-1,-1
00375,3,85,371,39,34,0.70004344,-1,-1,-1
00376,3,105,374,47,30,0.8452495,-1,-1,-1
00376,3,84,371,40,34,0.70619744,-1,-1,-1
00377,3,105,374,47,30,0.8415714,-1,-1,-1
00377,3,84,371,39,34,0.7024468,-1,-1,-1
00378,3,105,374,47,30,0.8447174,-1,-1,-1
00378,3,84,371,39,34,0.7086055,-1,-1,-1
00379,3,105,374,46,30,0.8470624,-1,-1,-1
00379,3,84,371,39,34,0.71954626,-1,-1,-1
00380,3,105,374,47,30,0.8446093,-1,-1,-1
00380,3,84,371,39,34,0.7170866,-1,-1,-1
00381,3,105,374,47,30,0.84554857,-1,-1,-1
00381,3,84,371,39,34,0.71636117,-1,-1,-1
00382,3,105,374,47,30,0.8723596,-1,-1,-1
00382,3,83,371,40,34,0.7038344,-1,-1,-1
00383,3,105,374,47,30,0.8775363,-1,-1,-1
00383,3,83,371,39,34,0.70017713,-1,-1,-1
00384,3,105,374,48,30,0.87804866,-1,-1,-1
00384,3,83,371,39,34,0.70197767,-1,-1,-1
00385,3,105,373,48,31,0.89419484,-1,-1,-1
00385,3,82,370,40,35,0.70852095,-1,-1,-1
00386,3,105,373,48,31,0.89668334,-1,-1,-1
00386,3,82,370,40,35,0.7115452,-1,-1,-1
00387,3,105,373,48,31,0.8963362,-1,-1,-1
00387,3,83,370,39,35,0.7136893,-1,-1,-1
00388,3,105,373,48,31,0.895698,-1,-1,-1
00388,3,82,370,40,35,0.7117518,-1,-1,-1
00389,3,105,373,48,31,0.8960532,-1,-1,-1
00389,3,82,370,40,35,0.709567,-1,-1,-1
00390,3,105,373,48,31,0.8939553,-1,-1,-1
00390,3,83,370,39,35,0.715972,-1,-1,-1
00391,3,105,373,48,31,0.89295125,-1,-1,-1
00391,3,82,370,40,35,0.7198859,-1,-1,-1
00392,3,105,373,48,31,0.8947671,-1,-1,-1
00392,3,82,370,40,35,0.7135825,-1,-1,-1
00393,3,105,373,48,31,0.8948112,-1,-1,-1
00393,3,83,370,39,35,0.7152499,-1,-1,-1
00394,3,105,373,48,31,0.8932435,-1,-1,-1
00394,3,82,370,40,35,0.71156704,-1,-1,-1
00395,3,105,373,48,31,0.8932824,-1,-1,-1
00395,3,82,370,40,35,0.7091086,-1,-1,-1
00396,3,105,373,48,31,0.89399815,-1,-1,-1
00396,3,82,370,40,35,0.70697385,-1,-1,-1
00397,3,105,372,49,32,0.90734416,-1,-1,-1
00397,3,83,370,40,34,0.71936816,-1,-1,-1
00398,3,105,372,49,32,0.906672,-1,-1,-1
00398,3,83,369,40,35,0.71733284,-1,-1,-1
00399,3,105,372,49,32,0.9033368,-1,-1,-1
00399,3,83,369,40,35,0.717959,-1,-1,-1
00400,3,105,372,49,32,0.9049811,-1,-1,-1
00400,3,83,369,40,35,0.7178029,-1,-1,-1
00401,3,105,373,48,31,0.8946774,-1,-1,-1
00401,3,83,369,40,35,0.71635646,-1,-1,-1
00402,3,105,373,49,31,0.89274603,-1,-1,-1
00402,3,83,369,40,35,0.7150849,-1,-1,-1
00403,3,105,373,49,31,0.892439,-1,-1,-1
00403,3,83,369,39,35,0.7135086,-1,-1,-1
00404,3,105,373,49,31,0.89427555,-1,-1,-1
00404,3,83,369,40,35,0.7115829,-1,-1,-1
00405,3,103,371,52,33,0.8973256,-1,-1,-1
00405,3,83,369,40,35,0.71588403,-1,-1,-1
00406,3,105,373,49,31,0.89625156,-1,-1,-1
00406,3,83,369,40,35,0.7149018,-1,-1,-1
00407,3,105,373,49,31,0.89606947,-1,-1,-1
00407,3,83,369,40,35,0.7165918,-1,-1,-1
00408,3,105,373,49,31,0.8971465,-1,-1,-1
00408,3,83,369,40,35,0.7217209,-1,-1,-1
00409,3,105,373,49,31,0.8998322,-1,-1,-1
00410,3,105,373,49,31,0.90110123,-1,-1,-1
00411,3,105,373,49,31,0.90517676,-1,-1,-1
00412,3,105,373,49,31,0.9045489,-1,-1,-1
00412,3,82,370,41,35,0.70031714,-1,-1,-1
00413,3,105,373,49,31,0.90607125,-1,-1,-1
00414,3,105,373,49,31,0.9066637,-1,-1,-1
00414,3,82,369,41,36,0.70210224,-1,-1,-1
00415,3,105,373,49,31,0.90586746,-1,-1,-1
00415,3,82,369,41,36,0.70380217,-1,-1,-1
00416,3,105,373,49,31,0.9084912,-1,-1,-1
00416,3,82,369,41,35,0.7053035,-1,-1,-1
00417,3,105,373,49,31,0.9075099,-1,-1,-1
00417,3,82,369,41,35,0.70937127,-1,-1,-1
00418,3,105,373,49,31,0.90614337,-1,-1,-1
00418,3,82,370,41,35,0.70720416,-1,-1,-1
00419,3,105,373,49,31,0.90798646,-1,-1,-1
00419,3,83,370,40,35,0.7116064,-1,-1,-1
00420,3,105,373,49,31,0.9090294,-1,-1,-1
00420,3,82,370,41,35,0.7122471,-1,-1,-1
00421,3,103,373,51,32,0.89921975,-1,-1,-1
00421,3,83,370,40,35,0.70091206,-1,-1,-1
00422,3,103,373,51,31,0.8995388,-1,-1,-1
00422,3,83,370,40,35,0.7014976,-1,-1,-1
00423,3,103,373,51,31,0.89890957,-1,-1,-1
00423,3,83,370,40,35,0.7019849,-1,-1,-1
00424,3,103,373,51,31,0.8980405,-1,-1,-1
00424,3,84,370,39,35,0.7041515,-1,-1,-1
00425,3,103,373,51,31,0.902336,-1,-1,-1
00425,3,84,370,39,35,0.703784,-1,-1,-1
00426,3,103,373,51,32,0.8999318,-1,-1,-1
00426,3,84,370,40,35,0.7035518,-1,-1,-1
00427,3,103,373,51,32,0.9025589,-1,-1,-1
00427,3,84,370,39,35,0.7061338,-1,-1,-1
00428,3,103,373,51,32,0.90261436,-1,-1,-1
00428,3,84,370,39,35,0.70493644,-1,-1,-1
00429,3,103,373,51,32,0.90352654,-1,-1,-1
00429,3,84,370,39,35,0.7032994,-1,-1,-1
00430,3,103,373,51,32,0.9047721,-1,-1,-1
00430,3,84,370,39,35,0.70813894,-1,-1,-1
00431,3,103,373,51,32,0.90551007,-1,-1,-1
00431,3,84,370,39,35,0.7121953,-1,-1,-1
00432,3,103,373,51,32,0.9045229,-1,-1,-1
00432,3,84,370,39,35,0.7050841,-1,-1,-1
00433,3,103,372,52,33,0.87454593,-1,-1,-1
00433,3,83,371,39,34,0.71955705,-1,-1,-1
00434,3,105,373,48,32,0.8741967,-1,-1,-1
00434,3,83,370,39,35,0.7180912,-1,-1,-1
00435,3,105,373,48,32,0.8723642,-1,-1,-1
00435,3,83,370,39,35,0.7165179,-1,-1,-1
00436,3,105,373,48,32,0.8761586,-1,-1,-1
00436,3,83,371,39,34,0.7197039,-1,-1,-1
00437,3,0,814,94,282,0.99363977,-1,-1,-1
00437,3,105,373,48,32,0.87343687,-1,-1,-1
00437,3,82,370,40,35,0.71722317,-1,-1,-1
00438,3,1,736,187,427,0.9957014,-1,-1,-1
00438,3,104,373,49,32,0.8535193,-1,-1,-1
00439,3,4,737,296,524,0.99829143,-1,-1,-1
00439,3,104,373,49,32,0.84511364,-1,-1,-1
00440,3,12,697,422,632,0.9886058,-1,-1,-1
00440,3,105,373,48,32,0.8356381,-1,-1,-1
00441,3,9,671,578,742,0.99773955,-1,-1,-1
00441,3,105,373,49,32,0.84381413,-1,-1,-1
00442,3,7,686,772,835,0.99707794,-1,-1,-1
00442,3,105,373,48,32,0.85799164,-1,-1,-1
00443,3,5,688,976,919,0.9972326,-1,-1,-1
00443,3,105,373,48,32,0.8760866,-1,-1,-1
00444,3,0,705,1217,972,0.99642295,-1,-1,-1
00444,3,104,373,49,32,0.8625912,-1,-1,-1
00445,3,0,683,1522,1081,0.9830707,-1,-1,-1
00445,3,105,374,47,31,0.8205313,-1,-1,-1
00446,3,12,725,1841,1124,0.99364763,-1,-1,-1
00446,3,104,373,48,32,0.844328,-1,-1,-1
00447,3,73,748,2144,1146,0.9937862,-1,-1,-1
00447,3,104,373,48,32,0.85606515,-1,-1,-1
00448,3,278,762,2283,1145,0.99312955,-1,-1,-1
00448,3,104,373,48,32,0.8648241,-1,-1,-1
00449,3,549,807,1979,1103,0.9940519,-1,-1,-1
00449,3,104,373,48,32,0.873221,-1,-1,-1
00450,3,844,834,1717,1061,0.99822193,-1,-1,-1
00450,3,104,373,48,32,0.88762695,-1,-1,-1
00450,3,964,823,1567,332,0.7287501,-1,-1,-1
00451,3,1164,857,1397,1053,0.9950299,-1,-1,-1
00451,3,105,374,47,31,0.8880553,-1,-1,-1
00452,3,1552,884,1002,1028,0.99852556,-1,-1,-1
00452,3,105,374,48,31,0.87876105,-1,-1,-1
00452,3,1,689,24,142,0.82541907,-1,-1,-1
