00001,3,1465,513,302,225,0.98959446,-1,-1,-1
00001,3,1132,86,177,110,0.98634446,-1,-1,-1
00001,3,506,556,446,250,0.9240682,-1,-1,-1
00001,3,1016,4,160,93,0.88277125,-1,-1,-1
00002,3,1150,85,172,103,0.99287635,-1,-1,-1
00002,3,1459,508,296,225,0.99222344,-1,-1,-1
00002,3,548,570,473,257,0.97975725,-1,-1,-1
00002,3,1016,5,159,92,0.86519605,-1,-1,-1
00003,3,1444,501,304,229,0.9925418,-1,-1,-1
00003,3,590,577,486,274,0.9680835,-1,-1,-1
00003,3,1170,79,165,99,0.9630639,-1,-1,-1
00003,3,1016,5,160,94,0.8493582,-1,-1,-1
00004,3,1195,77,143,90,0.9945446,-1,-1,-1
00004,3,1434,494,306,230,0.9929595,-1,-1,-1
00004,3,637,587,493,287,0.9763425,-1,-1,-1
00004,3,1016,5,160,92,0.84744865,-1,-1,-1
00004,3,931,0,76,23,0.71116906,-1,-1,-1
00005,3,1211,73,139,91,0.9935353,-1,-1,-1
00005,3,1420,486,308,230,0.9923481,-1,-1,-1
00005,3,686,612,509,287,0.9855363,-1,-1,-1
00005,3,1010,3,166,95,0.789519,-1,-1,-1
00005,3,929,0,78,23,0.73020196,-1,-1,-1
00006,3,1411,478,303,226,0.9955928,-1,-1,-1
00006,3,732,614,522,301,0.9789858,-1,-1,-1
00006,3,1229,68,129,85,0.9733262,-1,-1,-1
00006,3,1016,5,161,89,0.7924011,-1,-1,-1
00006,3,929,0,78,23,0.73173696,-1,-1,-1
00007,3,1245,63,118,85,0.9931043,-1,-1,-1
00007,3,1393,475,309,226,0.9903514,-1,-1,-1
00007,3,780,621,536,322,0.9737588,-1,-1,-1
00007,3,928,0,78,23,0.78919864,-1,-1,-1
00007,3,1014,6,160,92,0.7498611,-1,-1,-1
00008,3,1377,463,316,231,0.9972849,-1,-1,-1
00008,3,1253,58,119,76,0.990003,-1,-1,-1
00008,3,834,627,539,342,0.97394955,-1,-1,-1
00008,3,1017,5,158,92,0.76561624,-1,-1,-1
00008,3,930,0,77,23,0.7554391,-1,-1,-1
00009,3,1361,451,323,237,0.9973634,-1,-1,-1
00009,3,1269,55,108,77,0.9932047,-1,-1,-1
00009,3,887,647,543,350,0.9907452,-1,-1,-1
00009,3,1010,3,166,94,0.8033193,-1,-1,-1
00009,3,931,0,76,23,0.7758152,-1,-1,-1
00010,3,1347,452,321,231,0.9980414,-1,-1,-1
00010,3,1276,50,103,76,0.9918075,-1,-1,-1
00010,3,941,663,538,361,0.9749001,-1,-1,-1
00010,3,1015,4,160,93,0.8577481,-1,-1,-1
00010,3,931,0,76,23,0.7382547,-1,-1,-1
00011,3,1326,445,326,223,0.99715555,-1,-1,-1
00011,3,1285,47,97,73,0.9962984,-1,-1,-1
00011,3,1008,681,530,363,0.9849598,-1,-1,-1
00011,3,1016,5,159,92,0.8759455,-1,-1,-1
00012,3,1310,436,324,213,0.99716187,-1,-1,-1
00012,3,1293,45,94,71,0.98917973,-1,-1,-1
00012,3,1079,713,503,349,0.97290254,-1,-1,-1
00012,3,1014,6,160,94,0.895424,-1,-1,-1
00013,3,1288,427,328,212,0.99691296,-1,-1,-1
00013,3,1300,38,90,70,0.99277264,-1,-1,-1
00013,3,1148,735,496,335,0.9765486,-1,-1,-1
00013,3,1014,7,167,90,0.8721392,-1,-1,-1
00014,3,1268,421,328,215,0.9972574,-1,-1,-1
00014,3,1308,33,84,70,0.99077505,-1,-1,-1
00014,3,1211,758,480,309,0.9557678,-1,-1,-1
00014,3,1011,6,165,92,0.8651204,-1,-1,-1
00015,3,1247,411,327,221,0.9977323,-1,-1,-1
00015,3,1316,27,76,69,0.98476505,-1,-1,-1
00015,3,1276,781,463,289,0.90974003,-1,-1,-1
00015,3,1012,8,167,90,0.8930842,-1,-1,-1
00016,3,1219,403,340,213,0.99746454,-1,-1,-1
00016,3,1318,23,74,68,0.99234444,-1,-1,-1
00016,3,1346,812,437,255,0.9269506,-1,-1,-1
00016,3,1013,14,160,87,0.8968275,-1,-1,-1
00017,3,1197,396,339,214,0.9972696,-1,-1,-1
00017,3,1320,17,75,69,0.9922535,-1,-1,-1
00017,3,1006,7,169,92,0.91335076,-1,-1,-1
00018,3,1172,385,341,212,0.9966704,-1,-1,-1
00018,3,1323,14,73,67,0.9909061,-1,-1,-1
00018,3,1005,9,168,90,0.9078032,-1,-1,-1
00018,3,1473,859,367,214,0.71631706,-1,-1,-1
00019,3,1140,374,354,209,0.99751055,-1,-1,-1
00019,3,1327,13,68,62,0.98890185,-1,-1,-1
00019,3,1004,11,165,87,0.9023852,-1,-1,-1
00020,3,1118,367,336,206,0.99796593,-1,-1,-1
00020,3,1331,11,63,58,0.99513227,-1,-1,-1
00020,3,1004,14,155,86,0.94329166,-1,-1,-1
00021,3,1331,8,64,59,0.99631184,-1,-1,-1
00021,3,1086,354,346,203,0.9957639,-1,-1,-1
00021,3,999,9,171,89,0.90798557,-1,-1,-1
00021,3,1546,35,72,39,0.70644474,-1,-1,-1
00022,3,1062,348,330,199,0.9972011,-1,-1,-1
00022,3,1335,5,59,58,0.9967604,-1,-1,-1
00022,3,996,13,165,86,0.92356646,-1,-1,-1
00023,3,1026,337,338,192,0.99707484,-1,-1,-1
00023,3,1336,4,62,55,0.9949759,-1,-1,-1
00023,3,992,9,171,90,0.91253287,-1,-1,-1
00024,3,994,327,336,192,0.9979001,-1,-1,-1
00024,3,1338,2,59,55,0.99366647,-1,-1,-1
00024,3,990,7,169,92,0.8793599,-1,-1,-1
00024,3,1548,35,72,39,0.72994834,-1,-1,-1
00025,3,963,321,336,185,0.99798644,-1,-1,-1
00025,3,1341,1,53,48,0.99246734,-1,-1,-1
00025,3,989,8,171,93,0.9456073,-1,-1,-1
00026,3,932,312,335,179,0.997163,-1,-1,-1
00026,3,1342,1,52,43,0.9916545,-1,-1,-1
00026,3,980,6,182,95,0.8590466,-1,-1,-1
00027,3,902,306,328,176,0.99735343,-1,-1,-1
00027,3,1342,0,52,42,0.9851189,-1,-1,-1
00027,3,1550,40,73,36,0.7429605,-1,-1,-1
00028,3,869,298,328,171,0.99692506,-1,-1,-1
00028,3,1343,0,52,38,0.9813176,-1,-1,-1
00029,3,841,290,317,168,0.9968831,-1,-1,-1
00029,3,1342,1,52,33,0.9528335,-1,-1,-1
00029,3,969,7,194,93,0.71230114,-1,-1,-1
00030,3,807,285,319,163,0.99808586,-1,-1,-1
00030,3,1343,0,52,31,0.9245828,-1,-1,-1
00031,3,778,279,308,159,0.99772257,-1,-1,-1
00031,3,0,588,182,158,0.96010286,-1,-1,-1
00031,3,1345,0,50,27,0.8305657,-1,-1,-1
00032,3,740,275,313,151,0.9975758,-1,-1,-1
00032,3,0,577,192,164,0.83914554,-1,-1,-1
00032,3,1347,0,47,27,0.8271079,-1,-1,-1
00033,3,715,269,298,151,0.99635893,-1,-1,-1
00033,3,0,580,207,172,0.9308647,-1,-1,-1
00033,8,942,5,210,105,0.8920286,-1,-1,-1
00033,3,1347,0,49,23,0.7522975,-1,-1,-1
00034,3,682,265,296,145,0.99478984,-1,-1,-1
00034,8,935,2,209,107,0.9639607,-1,-1,-1
00034,3,0,575,216,161,0.9621665,-1,-1,-1
00034,3,1350,0,45,22,0.7046076,-1,-1,-1
00035,3,651,264,292,139,0.9967391,-1,-1,-1
00035,8,933,4,205,103,0.9833013,-1,-1,-1
00035,3,4,574,230,163,0.97024745,-1,-1,-1
00036,3,621,260,285,135,0.9965121,-1,-1,-1
00036,3,10,569,235,170,0.97246325,-1,-1,-1
00036,8,927,8,200,97,0.93579733,-1,-1,-1
00036,3,0,532,86,98,0.75961804,-1,-1,-1
00037,3,591,256,279,135,0.99653506,-1,-1,-1
00037,3,19,567,246,170,0.9874657,-1,-1,-1
00037,8,914,9,203,100,0.8767009,-1,-1,-1
00038,3,561,257,274,129,0.9969055,-1,-1,-1
00038,3,34,563,248,174,0.9892999,-1,-1,-1
00038,8,894,7,217,114,0.9827139,-1,-1,-1
00038,3,1,527,90,105,0.8930326,-1,-1,-1
00039,3,532,257,265,122,0.99734145,-1,-1,-1
00039,3,42,560,261,176,0.9896848,-1,-1,-1
00039,8,883,28,216,98,0.8999776,-1,-1,-1
00039,3,3,524,86,102,0.8278182,-1,-1,-1
00040,3,504,255,259,123,0.9966826,-1,-1,-1
00040,3,60,552,261,180,0.98752826,-1,-1,-1
00040,8,872,17,227,107,0.95270777,-1,-1,-1
00040,3,4,520,88,103,0.88666946,-1,-1,-1
00041,3,478,256,250,123,0.9967386,-1,-1,-1
00041,3,72,545,266,189,0.98992354,-1,-1,-1
00041,8,854,27,221,107,0.9739493,-1,-1,-1
00041,3,3,512,90,107,0.95648664,-1,-1,-1
00042,3,446,259,250,120,0.99573696,-1,-1,-1
00042,8,839,17,245,120,0.9824918,-1,-1,-1
00042,3,79,554,286,183,0.9782944,-1,-1,-1
00042,3,4,508,92,108,0.87360406,-1,-1,-1
00043,3,421,264,238,115,0.9959228,-1,-1,-1
00043,3,98,552,282,174,0.98320997,-1,-1,-1
00043,8,823,16,247,124,0.951458,-1,-1,-1
00043,3,1,505,106,111,0.8284876,-1,-1,-1
00043,3,1837,708,83,173,0.78491414,-1,-1,-1
00044,3,394,268,232,115,0.99351877,-1,-1,-1
00044,3,111,552,291,176,0.9875608,-1,-1,-1
00044,3,1831,703,90,167,0.9630617,-1,-1,-1
00044,3,2,501,109,119,0.93805444,-1,-1,-1
00044,8,813,25,243,118,0.924499,-1,-1,-1
00045,3,366,269,229,116,0.99489367,-1,-1,-1
00045,3,1822,711,99,159,0.9914512,-1,-1,-1
00045,3,127,553,297,176,0.98452675,-1,-1,-1
00045,8,795,34,249,113,0.9714452,-1,-1,-1
00045,3,3,506,103,111,0.92234236,-1,-1,-1
00046,3,341,274,221,114,0.9969387,-1,-1,-1
00046,3,147,548,308,185,0.987631,-1,-1,-1
00046,8,781,34,246,114,0.96458775,-1,-1,-1
00046,3,1815,702,106,169,0.9555142,-1,-1,-1
00046,3,4,519,106,103,0.852293,-1,-1,-1
00047,3,316,277,217,113,0.9955556,-1,-1,-1
00047,3,166,551,318,179,0.9920156,-1,-1,-1
00047,3,1806,697,115,174,0.9858878,-1,-1,-1
00047,8,766,27,253,124,0.9756433,-1,-1,-1
00047,3,8,484,132,117,0.92853683,-1,-1,-1
00048,3,293,282,207,114,0.99624383,-1,-1,-1
00048,3,1803,694,118,177,0.9815989,-1,-1,-1
00048,3,181,541,330,191,0.9614572,-1,-1,-1
00048,8,755,27,249,129,0.9487021,-1,-1,-1
00048,3,2,476,145,143,0.86603135,-1,-1,-1
00049,3,274,290,200,113,0.9963972,-1,-1,-1
00049,3,1797,689,124,182,0.9893778,-1,-1,-1
00049,3,202,546,336,194,0.9788957,-1,-1,-1
00049,8,738,28,258,130,0.96560484,-1,-1,-1
00049,3,0,464,172,161,0.88326657,-1,-1,-1
00050,3,1790,684,131,193,0.9952468,-1,-1,-1
00050,3,254,294,195,113,0.9947748,-1,-1,-1
00050,3,216,547,359,195,0.9712903,-1,-1,-1
00050,8,718,29,264,134,0.9527282,-1,-1,-1
00050,3,0,459,187,164,0.92386526,-1,-1,-1
00051,3,1784,682,137,194,0.99564916,-1,-1,-1
00051,3,224,302,187,110,0.99348664,-1,-1,-1
00051,3,241,552,362,198,0.9910685,-1,-1,-1
00051,8,701,32,270,135,0.96718264,-1,-1,-1
00051,3,0,453,193,169,0.89577013,-1,-1,-1
00052,3,204,306,183,113,0.99662507,-1,-1,-1
00052,3,1783,683,138,202,0.9925201,-1,-1,-1
00052,3,269,552,365,204,0.986445,-1,-1,-1
00052,8,680,37,270,140,0.9723031,-1,-1,-1
00052,3,116,449,86,89,0.88352287,-1,-1,-1
00052,3,2,442,208,180,0.85755396,-1,-1,-1
00053,3,1780,680,141,209,0.9951875,-1,-1,-1
00053,3,189,315,171,111,0.9948867,-1,-1,-1
00053,3,289,556,391,214,0.98777837,-1,-1,-1
00053,8,660,48,275,135,0.9652057,-1,-1,-1
00054,3,170,322,164,107,0.9967456,-1,-1,-1
00054,3,1775,678,146,216,0.99411654,-1,-1,-1
00054,3,316,562,399,218,0.9902817,-1,-1,-1
00054,8,641,51,272,136,0.98802596,-1,-1,-1
00054,3,21,419,232,169,0.87385136,-1,-1,-1
00055,8,621,43,278,151,0.9936274,-1,-1,-1
00055,3,150,329,162,98,0.9919362,-1,-1,-1
00055,3,1773,673,148,223,0.99160767,-1,-1,-1
00055,3,346,561,419,232,0.9889705,-1,-1,-1
00055,3,42,408,241,164,0.9160758,-1,-1,-1
00056,3,374,573,426,243,0.9964347,-1,-1,-1
00056,3,1767,671,153,222,0.9954594,-1,-1,-1
00056,8,600,53,280,149,0.9911175,-1,-1,-1
00056,3,126,335,158,101,0.9709367,-1,-1,-1
00057,8,577,47,280,166,0.99611926,-1,-1,-1
00057,3,1766,670,154,224,0.9903347,-1,-1,-1
00057,3,408,578,438,244,0.98247355,-1,-1,-1
00057,3,104,343,157,115,0.961729,-1,-1,-1
00057,3,42,398,277,166,0.93063045,-1,-1,-1
00058,8,561,57,276,160,0.99593204,-1,-1,-1
00058,3,1762,669,158,219,0.9915901,-1,-1,-1
00058,3,438,588,465,252,0.97075677,-1,-1,-1
00058,3,90,355,149,111,0.856618,-1,-1,-1
00059,8,533,62,277,161,0.9957487,-1,-1,-1
00059,3,476,599,481,256,0.9867422,-1,-1,-1
00059,3,1759,666,162,221,0.9831117,-1,-1,-1
00059,3,75,357,141,115,0.7703784,-1,-1,-1
00060,8,516,65,277,170,0.99223703,-1,-1,-1
00060,3,527,600,494,285,0.9834321,-1,-1,-1
00060,3,1756,661,165,227,0.98278195,-1,-1,-1
00060,3,60,364,143,118,0.9706506,-1,-1,-1
00060,3,133,377,258,172,0.9015152,-1,-1,-1
00061,8,489,73,282,174,0.98987365,-1,-1,-1
00061,3,1754,660,167,221,0.9878286,-1,-1,-1
00061,3,564,603,505,295,0.98067105,-1,-1,-1
00061,3,43,381,131,107,0.9596385,-1,-1,-1
00061,3,161,363,276,184,0.83488184,-1,-1,-1
00062,3,28,387,125,105,0.99294335,-1,-1,-1
00062,3,1744,657,176,225,0.9864937,-1,-1,-1
00062,3,615,612,517,307,0.95998234,-1,-1,-1
00062,8,467,78,282,172,0.9573226,-1,-1,-1
00062,3,179,349,284,191,0.8796976,-1,-1,-1
00063,3,1740,649,181,231,0.99163026,-1,-1,-1
00063,8,445,90,278,170,0.9900907,-1,-1,-1
00063,3,13,395,125,110,0.98894453,-1,-1,-1
00063,3,668,625,527,322,0.89133334,-1,-1,-1
00063,3,198,334,299,200,0.8153972,-1,-1,-1
00064,3,1736,646,185,229,0.99329007,-1,-1,-1
00064,8,417,97,285,174,0.9926617,-1,-1,-1
00064,3,710,636,547,321,0.98126066,-1,-1,-1
00064,3,0,407,117,105,0.9789442,-1,-1,-1
00065,3,1724,640,197,241,0.99520326,-1,-1,-1
00065,3,0,419,98,97,0.99433124,-1,-1,-1
00065,8,394,107,280,176,0.9780619,-1,-1,-1
00065,3,758,652,561,336,0.9066171,-1,-1,-1
00066,3,0,425,80,94,0.9962126,-1,-1,-1
00066,3,1717,639,204,234,0.99389887,-1,-1,-1
00066,8,360,115,284,167,0.97297734,-1,-1,-1
00066,3,818,666,553,338,0.9629867,-1,-1,-1
00067,3,1706,631,215,242,0.99246615,-1,-1,-1
00067,8,341,117,272,180,0.9816991,-1,-1,-1
00067,3,0,435,66,85,0.9800598,-1,-1,-1
00067,3,872,688,563,340,0.90860456,-1,-1,-1
00067,8,317,277,344,207,0.8891096,-1,-1,-1
00068,3,1693,629,228,240,0.9945633,-1,-1,-1
00068,8,318,123,267,191,0.98148364,-1,-1,-1
00068,3,941,697,554,351,0.9049866,-1,-1,-1
00068,3,0,444,46,76,0.8855037,-1,-1,-1
00068,8,360,267,346,202,0.875201,-1,-1,-1
00069,3,1683,629,238,234,0.9857342,-1,-1,-1
00069,8,298,135,255,188,0.97523856,-1,-1,-1
00069,3,997,722,545,338,0.9628366,-1,-1,-1
00069,8,407,249,332,207,0.9573284,-1,-1,-1
00070,3,1665,620,256,242,0.98466474,-1,-1,-1
00070,8,275,142,261,192,0.9743435,-1,-1,-1
00070,8,441,243,346,201,0.9535619,-1,-1,-1
00070,3,1073,744,519,325,0.94284207,-1,-1,-1
00071,8,259,144,252,204,0.95732456,-1,-1,-1
00071,8,478,226,350,195,0.9512797,-1,-1,-1
00071,3,1657,601,261,252,0.8749631,-1,-1,-1
00071,3,1146,767,501,304,0.7437751,-1,-1,-1
00071,6,1485,0,119,50,0.715313,-1,-1,-1
00072,8,236,162,242,191,0.9867415,-1,-1,-1
00072,8,521,220,353,190,0.9839181,-1,-1,-1
00072,3,1640,600,277,248,0.9395642,-1,-1,-1
00072,3,1212,790,482,283,0.8085503,-1,-1,-1
00072,3,3,613,51,139,0.80666214,-1,-1,-1
00073,8,211,153,252,218,0.97608125,-1,-1,-1
00073,8,561,208,357,184,0.96785486,-1,-1,-1
00073,3,1622,591,284,245,0.94641,-1,-1,-1
00073,3,1280,811,459,263,0.83385104,-1,-1,-1
00073,3,2,588,50,171,0.82854605,-1,-1,-1
00074,8,183,174,247,207,0.96692544,-1,-1,-1
00074,8,610,191,347,182,0.95381236,-1,-1,-1
00074,3,1604,583,298,243,0.93017393,-1,-1,-1
00075,8,159,195,245,196,0.99081063,-1,-1,-1
00075,3,1590,577,315,243,0.9496314,-1,-1,-1
00075,8,656,183,344,175,0.94809127,-1,-1,-1
00075,3,3,569,55,186,0.76312184,-1,-1,-1
00076,8,134,216,239,186,0.9881898,-1,-1,-1
00076,8,706,173,339,168,0.93004864,-1,-1,-1
00076,3,1564,561,313,249,0.92381096,-1,-1,-1
00077,8,120,231,223,177,0.9803546,-1,-1,-1
00077,8,752,153,321,174,0.8895881,-1,-1,-1
00077,3,1545,554,322,246,0.7701983,-1,-1,-1
00078,8,99,239,214,191,0.98461735,-1,-1,-1
00078,3,1520,546,335,243,0.9130404,-1,-1,-1
00078,3,793,145,319,169,0.7103218,-1,-1,-1
00079,8,72,253,216,188,0.9847393,-1,-1,-1
00079,3,1495,532,330,246,0.89619696,-1,-1,-1
00079,8,841,139,301,159,0.7231613,-1,-1,-1
00080,8,57,263,207,192,0.98433477,-1,-1,-1
00080,3,1462,521,370,240,0.8046736,-1,-1,-1
00080,3,1682,945,239,135,0.7843132,-1,-1,-1
00080,8,883,131,288,151,0.7527238,-1,-1,-1
00081,8,41,278,204,193,0.9870451,-1,-1,-1
00081,3,1437,501,339,252,0.97769403,-1,-1,-1
00081,8,922,122,273,152,0.9363405,-1,-1,-1
00082,3,1410,486,344,255,0.98579884,-1,-1,-1
00082,8,18,294,201,183,0.9728133,-1,-1,-1
00082,3,957,114,273,142,0.87116563,-1,-1,-1
00082,3,1764,975,157,106,0.80633587,-1,-1,-1
00083,8,6,297,194,190,0.98467916,-1,-1,-1
00083,3,1383,473,346,249,0.9838446,-1,-1,-1
00083,8,1000,112,246,136,0.72933006,-1,-1,-1
00084,3,1357,450,350,255,0.9803508,-1,-1,-1
00084,8,0,320,171,173,0.95370805,-1,-1,-1
00085,3,1318,444,373,246,0.9871142,-1,-1,-1
00085,8,0,323,148,175,0.8006391,-1,-1,-1
00085,8,1068,97,216,119,0.7491162,-1,-1,-1
00086,3,1292,431,361,249,0.99479705,-1,-1,-1
00086,3,1104,97,198,109,0.8806855,-1,-1,-1
00086,8,1,344,131,146,0.85843605,-1,-1,-1
00087,3,1258,416,368,243,0.9938451,-1,-1,-1
00087,8,0,356,111,142,0.80180544,-1,-1,-1
00087,8,1133,88,186,104,0.72988695,-1,-1,-1
00088,3,1225,403,368,226,0.99382955,-1,-1,-1
00088,8,1156,75,177,109,0.7132475,-1,-1,-1
00089,3,1194,391,369,234,0.9942206,-1,-1,-1
00089,3,5,403,66,93,0.702294,-1,-1,-1
00090,3,1159,377,370,236,0.99440247,-1,-1,-1
00090,3,1199,70,157,94,0.9416583,-1,-1,-1
00091,3,1127,363,374,227,0.995276,-1,-1,-1
00092,3,1084,345,379,232,0.9954075,-1,-1,-1
00093,3,1058,338,356,229,0.99684334,-1,-1,-1
00093,3,1251,53,124,80,0.9197041,-1,-1,-1
00094,3,1023,321,363,223,0.99790394,-1,-1,-1
00094,3,1269,46,113,80,0.90278494,-1,-1,-1
00095,3,985,311,352,216,0.9985123,-1,-1,-1
00095,3,1281,47,108,76,0.9186019,-1,-1,-1
00096,3,946,300,352,215,0.9975189,-1,-1,-1
00096,3,1293,40,105,76,0.9756763,-1,-1,-1
00097,3,911,288,351,205,0.99760014,-1,-1,-1
00097,3,1306,36,96,72,0.98365617,-1,-1,-1
00098,3,877,279,343,198,0.9977545,-1,-1,-1
00098,3,1317,26,87,75,0.9753882,-1,-1,-1
00099,3,837,270,345,197,0.9974202,-1,-1,-1
00099,3,1324,22,83,75,0.9686714,-1,-1,-1
00100,3,803,262,337,188,0.9961824,-1,-1,-1
00100,3,1328,20,81,72,0.97762066,-1,-1,-1
00101,3,773,255,323,179,0.99675685,-1,-1,-1
00101,3,1334,17,79,69,0.99141324,-1,-1,-1
00102,3,736,251,324,173,0.9955694,-1,-1,-1
00102,3,1341,15,72,66,0.9882858,-1,-1,-1
00103,3,704,244,312,167,0.99521166,-1,-1,-1
00103,3,1346,11,71,65,0.9832404,-1,-1,-1
00104,3,671,240,305,162,0.9967558,-1,-1,-1
00104,3,1350,9,67,62,0.98347497,-1,-1,-1
00104,3,0,573,152,167,0.9051284,-1,-1,-1
00105,3,637,236,303,156,0.9982121,-1,-1,-1
00105,3,1355,9,63,57,0.9901399,-1,-1,-1
00105,3,0,536,166,211,0.961901,-1,-1,-1
00106,3,603,231,298,154,0.9981818,-1,-1,-1
00106,3,1357,5,62,56,0.98511213,-1,-1,-1
00106,3,1,519,173,227,0.88828933,-1,-1,-1
00107,3,573,231,286,144,0.9982418,-1,-1,-1
00107,3,1361,2,60,54,0.98519635,-1,-1,-1
00107,3,4,515,186,238,0.8822498,-1,-1,-1
00108,3,540,230,285,143,0.997509,-1,-1,-1
00108,3,7,529,201,226,0.9674248,-1,-1,-1
00108,3,1367,2,55,50,0.9617949,-1,-1,-1
00109,3,513,229,273,141,0.99663997,-1,-1,-1
00109,3,1369,1,52,46,0.9820727,-1,-1,-1
00109,3,4,530,226,211,0.8570221,-1,-1,-1
00109,3,1540,36,80,39,0.7091188,-1,-1,-1
00110,3,485,231,263,137,0.9946826,-1,-1,-1
00110,3,1371,1,50,42,0.92399544,-1,-1,-1
00110,3,3,525,243,226,0.8607501,-1,-1,-1
00110,3,1547,37,73,37,0.7370063,-1,-1,-1
00111,3,449,234,262,135,0.992378,-1,-1,-1
00111,3,1373,0,47,40,0.9266897,-1,-1,-1
00111,3,1545,37,75,37,0.7585878,-1,-1,-1
00111,3,21,522,238,221,0.72035587,-1,-1,-1
00112,3,424,234,250,133,0.9848808,-1,-1,-1
00112,3,1375,0,46,35,0.98118526,-1,-1,-1
00112,3,1546,37,74,37,0.7827787,-1,-1,-1
00112,3,12,504,269,235,0.71114266,-1,-1,-1
00113,3,400,234,242,137,0.9928439,-1,-1,-1
00113,3,1377,0,44,31,0.97383344,-1,-1,-1
00113,3,1545,36,75,38,0.7839295,-1,-1,-1
00113,8,13,506,296,236,0.76705986,-1,-1,-1
00114,3,375,238,236,136,0.9937569,-1,-1,-1
00114,3,1377,0,45,29,0.9396038,-1,-1,-1
00114,3,10,499,319,233,0.7881833,-1,-1,-1
00114,3,1544,37,76,37,0.77478015,-1,-1,-1
00115,3,346,244,231,134,0.9945251,-1,-1,-1
00115,8,36,494,331,227,0.9024662,-1,-1,-1
00115,3,1379,0,42,26,0.8546481,-1,-1,-1
00115,3,1545,37,75,37,0.7545396,-1,-1,-1
00116,3,320,247,222,137,0.99483705,-1,-1,-1
00116,8,38,482,352,237,0.89405614,-1,-1,-1
00116,3,1381,0,39,24,0.78409404,-1,-1,-1
00116,3,1544,36,76,38,0.75923836,-1,-1,-1
00117,3,298,255,217,135,0.9909378,-1,-1,-1
00117,3,1382,0,40,22,0.7808606,-1,-1,-1
00117,3,1545,36,75,38,0.74671704,-1,-1,-1
00118,3,274,262,208,132,0.9962979,-1,-1,-1
00118,8,51,447,392,242,0.84096026,-1,-1,-1
00119,3,252,270,199,128,0.9928181,-1,-1,-1
00119,8,88,441,396,244,0.8685752,-1,-1,-1
00119,3,1543,36,77,38,0.73402065,-1,-1,-1
00120,3,1,499,140,140,0.9863192,-1,-1,-1
00120,3,222,277,208,132,0.981371,-1,-1,-1
00120,3,1857,773,64,131,0.8560654,-1,-1,-1
00120,8,154,431,365,238,0.8247494,-1,-1,-1
00120,3,1386,0,36,16,0.74149215,-1,-1,-1
00120,3,1543,37,77,38,0.7351513,-1,-1,-1
00121,3,0,496,148,143,0.9839256,-1,-1,-1
00121,3,208,285,194,129,0.9792234,-1,-1,-1
00121,8,186,411,382,238,0.9540804,-1,-1,-1
00121,3,1858,773,62,132,0.75939447,-1,-1,-1
00122,3,186,292,183,129,0.9920203,-1,-1,-1
00122,3,0,493,151,140,0.95934296,-1,-1,-1
00122,8,213,395,396,246,0.8738758,-1,-1,-1
00122,3,1856,773,65,131,0.7632454,-1,-1,-1
00123,3,164,293,183,139,0.98787373,-1,-1,-1
00123,8,243,381,394,248,0.9681501,-1,-1,-1
00123,3,1,490,162,138,0.9284186,-1,-1,-1
00123,3,1856,773,65,132,0.705565,-1,-1,-1
00124,3,147,306,166,134,0.98636127,-1,-1,-1
00124,8,270,368,420,247,0.986067,-1,-1,-1
00124,3,0,481,168,131,0.8323045,-1,-1,-1
00125,3,124,316,164,130,0.99073225,-1,-1,-1
00125,3,3,477,176,139,0.95835394,-1,-1,-1
00125,8,316,355,422,238,0.92589605,-1,-1,-1
00126,3,104,327,162,130,0.97200394,-1,-1,-1
00126,8,358,339,424,243,0.96643573,-1,-1,-1
00126,3,5,472,182,142,0.94149345,-1,-1,-1
00126,3,1192,0,47,14,0.7000044,-1,-1,-1
00127,8,397,321,428,249,0.99619114,-1,-1,-1
00127,3,10,460,188,152,0.9849303,-1,-1,-1
00127,3,86,336,147,132,0.9830085,-1,-1,-1
00127,3,1188,0,50,15,0.87034106,-1,-1,-1
00128,3,26,460,187,151,0.9943322,-1,-1,-1
00128,8,442,310,433,246,0.99214363,-1,-1,-1
00128,3,58,347,152,133,0.97773755,-1,-1,-1
00128,3,1186,0,51,17,0.9601851,-1,-1,-1
00129,3,48,355,146,127,0.9876375,-1,-1,-1
00129,3,26,452,193,152,0.9874982,-1,-1,-1
00129,8,495,292,421,248,0.96612376,-1,-1,-1
00129,3,1181,0,58,19,0.9658135,-1,-1,-1
00130,3,38,447,191,146,0.98660904,-1,-1,-1
00130,8,535,276,426,246,0.98344123,-1,-1,-1
00130,3,21,365,149,130,0.9804396,-1,-1,-1
00130,3,1178,0,62,22,0.9692927,-1,-1,-1
00131,8,580,260,425,249,0.9872957,-1,-1,-1
00131,3,40,443,208,139,0.95767504,-1,-1,-1
00131,3,1175,0,60,24,0.957067,-1,-1,-1
00131,3,9,376,136,128,0.95467263,-1,-1,-1
00131,3,1835,767,86,135,0.9142042,-1,-1,-1
00132,8,629,251,425,237,0.9937826,-1,-1,-1
00132,3,1172,0,61,27,0.9539218,-1,-1,-1
00132,3,0,389,119,117,0.9517533,-1,-1,-1
00132,3,13,433,250,143,0.91203916,-1,-1,-1
00133,3,78,425,209,145,0.9871409,-1,-1,-1
00133,3,1,406,98,103,0.9765696,-1,-1,-1
00133,3,1168,0,62,30,0.96166646,-1,-1,-1
00133,8,688,235,407,234,0.82874024,-1,-1,-1
00134,3,0,417,82,100,0.99601907,-1,-1,-1
00134,3,84,417,229,145,0.9944397,-1,-1,-1
00134,3,1166,0,63,33,0.9734022,-1,-1,-1
00134,8,724,223,404,229,0.9613376,-1,-1,-1
00134,3,1825,765,95,133,0.9011653,-1,-1,-1
00135,8,780,213,385,222,0.99568295,-1,-1,-1
00135,3,101,406,221,146,0.9929061,-1,-1,-1
00135,3,1162,0,68,37,0.9665568,-1,-1,-1
00135,3,0,427,59,97,0.9553185,-1,-1,-1
00135,3,1819,762,102,140,0.9497916,-1,-1,-1
00136,3,119,398,224,154,0.99356455,-1,-1,-1
00136,8,826,208,382,202,0.9686677,-1,-1,-1
00136,3,1816,762,105,138,0.9476978,-1,-1,-1
00136,3,1158,1,66,37,0.92189574,-1,-1,-1
00137,3,152,392,214,149,0.99566025,-1,-1,-1
00137,8,877,194,356,201,0.98821324,-1,-1,-1
00137,3,1154,0,66,39,0.9523717,-1,-1,-1
00137,3,1812,758,109,142,0.9322192,-1,-1,-1
00138,3,169,376,223,155,0.9964252,-1,-1,-1
00138,3,1150,0,72,43,0.96650195,-1,-1,-1
00138,3,1802,755,119,146,0.92894864,-1,-1,-1
00138,8,923,183,348,194,0.9109332,-1,-1,-1
00139,3,185,365,233,160,0.99670994,-1,-1,-1
00139,3,1144,0,76,46,0.9683279,-1,-1,-1
00139,8,968,172,330,190,0.95191425,-1,-1,-1
00139,3,1793,749,128,155,0.92272335,-1,-1,-1
00140,3,211,360,230,149,0.9967957,-1,-1,-1
00140,3,1140,0,76,50,0.9792642,-1,-1,-1
00140,3,1784,747,137,159,0.9430359,-1,-1,-1
00140,8,1002,167,321,182,0.93057984,-1,-1,-1
00141,3,230,347,234,155,0.99845994,-1,-1,-1
00141,3,1137,0,76,53,0.9892124,-1,-1,-1
00141,8,1045,158,306,175,0.98534447,-1,-1,-1
00141,3,1771,737,150,169,0.96437156,-1,-1,-1
00142,3,257,338,240,158,0.9971367,-1,-1,-1
00142,3,1135,1,76,55,0.97200644,-1,-1,-1
00142,3,1764,709,157,195,0.8535655,-1,-1,-1
00142,8,1091,146,268,176,0.7706742,-1,-1,-1
00143,3,284,321,245,155,0.9935923,-1,-1,-1
00143,8,1116,139,264,167,0.9684941,-1,-1,-1
00143,3,1758,730,162,174,0.8946598,-1,-1,-1
00143,3,1130,3,80,55,0.88593644,-1,-1,-1
00144,3,312,309,248,156,0.9974003,-1,-1,-1
00144,8,1152,132,242,155,0.94976956,-1,-1,-1
00144,3,1739,723,180,174,0.8745726,-1,-1,-1
00144,3,1125,0,85,60,0.83237064,-1,-1,-1
00144,3,920,0,88,23,0.7204558,-1,-1,-1
00145,3,340,300,257,152,0.99732435,-1,-1,-1
00145,8,1183,125,226,147,0.9536706,-1,-1,-1
00145,3,1118,0,94,63,0.92297035,-1,-1,-1
00145,3,1725,721,193,177,0.91284895,-1,-1,-1
00145,3,916,0,93,24,0.761996,-1,-1,-1
00146,3,372,284,264,155,0.9901854,-1,-1,-1
00146,3,1114,1,93,64,0.9668547,-1,-1,-1
00146,8,1213,116,209,143,0.9334371,-1,-1,-1
00146,3,1706,708,210,181,0.9254262,-1,-1,-1
00146,3,916,0,93,24,0.7921152,-1,-1,-1
00147,3,412,276,258,149,0.9948691,-1,-1,-1
00147,3,1109,1,97,66,0.98445755,-1,-1,-1
00147,3,1685,698,226,187,0.9027415,-1,-1,-1
00147,3,915,0,94,24,0.8218649,-1,-1,-1
00147,8,1238,113,193,134,0.7185432,-1,-1,-1
00148,3,439,258,273,150,0.99354494,-1,-1,-1
00148,3,1109,1,94,69,0.98426914,-1,-1,-1
00148,3,1265,114,172,119,0.8380366,-1,-1,-1
00148,3,918,0,91,24,0.82530814,-1,-1,-1
00149,3,478,246,271,152,0.99637645,-1,-1,-1
00149,3,1640,683,242,192,0.9663822,-1,-1,-1
00149,3,1100,2,99,71,0.9309132,-1,-1,-1
00149,3,1284,91,166,136,0.7878233,-1,-1,-1
00149,3,920,0,88,23,0.7549051,-1,-1,-1
00150,3,517,234,276,151,0.99658644,-1,-1,-1
00150,3,1091,2,107,71,0.9746739,-1,-1,-1
00150,3,1616,671,258,198,0.9634124,-1,-1,-1
00150,3,1304,92,148,126,0.92463094,-1,-1,-1
00150,3,922,0,86,23,0.7576522,-1,-1,-1
00151,3,555,225,275,144,0.9934348,-1,-1,-1
00151,3,1082,2,114,79,0.9771558,-1,-1,-1
00151,3,1316,88,145,116,0.969933,-1,-1,-1
00151,3,1590,659,266,204,0.9513139,-1,-1,-1
00151,3,906,0,103,24,0.82513744,-1,-1,-1
00152,3,595,210,273,143,0.99806124,-1,-1,-1
00152,3,1333,82,132,111,0.98594344,-1,-1,-1
00152,3,1566,648,274,205,0.9683689,-1,-1,-1
00152,3,1079,1,112,82,0.9661999,-1,-1,-1
00152,3,911,0,98,24,0.8263089,-1,-1,-1
00153,3,1342,75,128,104,0.9784993,-1,-1,-1
00153,3,1071,3,115,79,0.97755957,-1,-1,-1
00153,3,636,198,270,140,0.97459716,-1,-1,-1
00153,3,1530,645,278,200,0.9715647,-1,-1,-1
00153,3,916,0,92,23,0.7931166,-1,-1,-1
00154,3,674,189,272,138,0.9926198,-1,-1,-1
00154,3,1494,635,295,200,0.98117965,-1,-1,-1
00154,3,1067,1,122,85,0.96474254,-1,-1,-1
00154,3,1355,71,118,102,0.96298516,-1,-1,-1
00154,3,0,620,116,127,0.7915507,-1,-1,-1
00154,3,916,0,92,23,0.73717576,-1,-1,-1
00155,3,718,178,264,135,0.9961623,-1,-1,-1
00155,3,1061,3,126,84,0.9678623,-1,-1,-1
00155,3,1454,620,300,205,0.96160483,-1,-1,-1
00155,3,1370,68,105,96,0.95510095,-1,-1,-1
00155,3,917,0,91,23,0.73211646,-1,-1,-1
00156,3,756,171,264,133,0.99149793,-1,-1,-1
00156,3,1378,64,102,91,0.98212725,-1,-1,-1
00156,3,1055,2,132,86,0.97551584,-1,-1,-1
00156,3,1419,587,308,223,0.9273186,-1,-1,-1
00156,3,918,0,90,23,0.7397242,-1,-1,-1
00157,3,796,163,261,122,0.997141,-1,-1,-1
00157,3,0,607,148,137,0.99047273,-1,-1,-1
00157,3,1385,583,315,214,0.9892569,-1,-1,-1
00157,3,1385,60,95,90,0.93927115,-1,-1,-1
00157,3,1051,2,136,88,0.92677444,-1,-1,-1
00158,3,834,151,255,123,0.9946902,-1,-1,-1
00158,3,1392,54,91,85,0.9409739,-1,-1,-1
00158,3,1328,571,337,210,0.9209652,-1,-1,-1
00158,3,0,604,154,137,0.9151228,-1,-1,-1
00158,3,1048,4,139,89,0.8285704,-1,-1,-1
00159,3,873,148,244,115,0.99599504,-1,-1,-1
00159,3,1044,3,138,92,0.90358347,-1,-1,-1
00159,3,1286,551,337,220,0.8686323,-1,-1,-1
00159,3,0,599,164,145,0.86212313,-1,-1,-1
00160,3,913,138,233,112,0.99663407,-1,-1,-1
00160,3,1250,533,332,222,0.9411621,-1,-1,-1
00160,3,1040,6,138,88,0.9211041,-1,-1,-1
00160,3,1401,44,80,85,0.76662046,-1,-1,-1
00161,3,946,132,229,109,0.99177516,-1,-1,-1
00161,3,1193,513,354,220,0.9073817,-1,-1,-1
00161,3,1041,5,134,87,0.8208005,-1,-1,-1
00161,3,1555,42,65,33,0.7558118,-1,-1,-1
00161,3,921,0,87,23,0.74709886,-1,-1,-1
00162,3,981,128,219,105,0.99425924,-1,-1,-1
00162,3,1033,3,145,92,0.8421104,-1,-1,-1
00162,3,1144,492,357,219,0.83082676,-1,-1,-1
00162,3,1555,43,65,32,0.7820202,-1,-1,-1
00162,3,921,0,87,23,0.70518947,-1,-1,-1
00163,3,1014,122,211,98,0.9963883,-1,-1,-1
00163,3,1097,481,360,217,0.9931658,-1,-1,-1
00163,3,1029,2,145,94,0.9145837,-1,-1,-1
00163,3,1554,42,65,33,0.7638836,-1,-1,-1
00163,3,1407,33,73,74,0.7297043,-1,-1,-1
00164,3,1045,114,197,100,0.99572754,-1,-1,-1
00164,3,1056,463,353,210,0.99528956,-1,-1,-1
00164,3,1024,2,149,96,0.9469927,-1,-1,-1
00164,3,1554,41,65,34,0.775735,-1,-1,-1
00165,3,1076,98,186,105,0.9965739,-1,-1,-1
00165,3,1004,442,357,205,0.98513967,-1,-1,-1
00165,3,1018,2,158,95,0.9575407,-1,-1,-1
00165,3,1551,41,68,34,0.73816067,-1,-1,-1
00165,3,921,0,87,23,0.71866816,-1,-1,-1
00166,3,951,430,365,198,0.9970048,-1,-1,-1
00166,3,1102,100,180,95,0.9966515,-1,-1,-1
00166,3,1014,6,157,94,0.9804631,-1,-1,-1
00166,3,6,583,206,150,0.928186,-1,-1,-1
00166,6,1411,20,65,70,0.75724226,-1,-1,-1
00166,3,923,0,84,22,0.75645214,-1,-1,-1
00166,3,1553,41,66,34,0.70608675,-1,-1,-1
00167,3,1128,97,166,88,0.99804735,-1,-1,-1
00167,3,907,415,356,198,0.9951615,-1,-1,-1
00167,3,10,584,206,149,0.9825105,-1,-1,-1
00167,3,1008,6,166,94,0.96499735,-1,-1,-1
00167,6,1412,15,62,67,0.7590564,-1,-1,-1
00167,3,924,0,83,22,0.7528065,-1,-1,-1
00167,3,1552,41,67,33,0.7368404,-1,-1,-1
00168,3,1149,91,165,88,0.9953366,-1,-1,-1
00168,3,863,401,350,192,0.9937883,-1,-1,-1
00168,3,10,585,209,153,0.966696,-1,-1,-1
00168,3,1005,7,160,93,0.9510877,-1,-1,-1
00168,6,1486,2,37,28,0.7253903,-1,-1,-1
00168,3,1553,41,66,33,0.71916103,-1,-1,-1
00169,3,822,387,336,190,0.99603504,-1,-1,-1
00169,3,1176,87,148,82,0.993022,-1,-1,-1
00169,3,13,585,211,150,0.98669076,-1,-1,-1
00169,3,1006,5,156,95,0.9097709,-1,-1,-1
00170,3,772,372,333,186,0.9964036,-1,-1,-1
00170,3,16,587,209,148,0.98936975,-1,-1,-1
00170,3,1193,86,139,75,0.9888016,-1,-1,-1
00170,3,996,10,164,90,0.8720701,-1,-1,-1
00170,3,1406,7,62,59,0.808299,-1,-1,-1
00171,3,731,363,318,174,0.9965745,-1,-1,-1
00171,3,1214,77,129,78,0.99584156,-1,-1,-1
00171,3,18,584,208,153,0.98534924,-1,-1,-1
00171,3,1185,0,56,17,0.7761475,-1,-1,-1
00171,3,1,503,86,130,0.7729727,-1,-1,-1
00172,3,688,350,310,170,0.99726427,-1,-1,-1
00172,3,17,583,211,153,0.9822406,-1,-1,-1
00172,3,1232,74,124,73,0.9782315,-1,-1,-1
00172,3,0,503,84,129,0.9273226,-1,-1,-1
00172,3,1184,0,60,18,0.88839364,-1,-1,-1
00172,3,1547,38,72,36,0.70303327,-1,-1,-1
00173,3,646,342,303,159,0.9959105,-1,-1,-1
00173,3,1251,68,114,71,0.9909204,-1,-1,-1
00173,3,22,580,204,155,0.9848357,-1,-1,-1
00173,3,1183,0,60,19,0.94285357,-1,-1,-1
00173,3,1,502,86,130,0.9076573,-1,-1,-1
00173,3,977,21,174,82,0.81567985,-1,-1,-1
00173,3,1407,1,54,47,0.78614086,-1,-1,-1
00174,3,607,335,290,149,0.9970884,-1,-1,-1
00174,3,15,583,216,152,0.9923699,-1,-1,-1
00174,3,1266,64,106,69,0.98329943,-1,-1,-1
00174,3,1,502,88,132,0.9577031,-1,-1,-1
00174,3,1180,0,64,21,0.9548307,-1,-1,-1
00174,3,1407,0,52,44,0.88952285,-1,-1,-1
00174,3,967,15,181,91,0.77771837,-1,-1,-1
00175,3,568,327,279,144,0.99649507,-1,-1,-1
00175,3,16,582,214,152,0.99280953,-1,-1,-1
00175,3,1278,62,99,65,0.9887729,-1,-1,-1
00175,3,1180,0,61,22,0.9649757,-1,-1,-1
00175,3,1,502,91,132,0.93130183,-1,-1,-1
00175,3,1404,0,52,41,0.8663989,-1,-1,-1
00175,3,1544,41,76,35,0.7484991,-1,-1,-1
00176,3,526,317,271,141,0.99428564,-1,-1,-1
00176,3,1287,58,98,66,0.99371284,-1,-1,-1
00176,3,18,582,213,154,0.9921778,-1,-1,-1
00176,3,1402,0,52,38,0.94967884,-1,-1,-1
00176,3,1178,0,63,23,0.94902223,-1,-1,-1
00176,3,1,501,91,133,0.8830337,-1,-1,-1
00177,3,497,318,247,134,0.9958735,-1,-1,-1
00177,3,18,583,213,152,0.993722,-1,-1,-1
00177,3,1300,51,93,66,0.9805766,-1,-1,-1
00177,3,1176,0,63,25,0.949683,-1,-1,-1
00177,3,1403,0,52,36,0.94092935,-1,-1,-1
00177,3,1,500,87,131,0.9396607,-1,-1,-1
00178,3,455,316,248,122,0.99724054,-1,-1,-1
00178,3,18,582,213,154,0.9940824,-1,-1,-1
00178,3,1311,48,87,63,0.97833407,-1,-1,-1
00178,3,1173,0,61,25,0.9406447,-1,-1,-1
00178,3,1402,0,52,32,0.9273135,-1,-1,-1
00178,3,1,501,91,133,0.9222655,-1,-1,-1
00179,3,421,311,235,119,0.998417,-1,-1,-1
00179,3,18,582,214,153,0.99399066,-1,-1,-1
00179,3,1170,0,64,27,0.915876,-1,-1,-1
00179,3,1319,43,84,60,0.9045759,-1,-1,-1
00179,3,1402,0,52,28,0.8649758,-1,-1,-1
00179,3,1,500,93,133,0.8536277,-1,-1,-1
00179,8,920,18,202,100,0.8035507,-1,-1,-1
00180,3,389,313,225,112,0.9976267,-1,-1,-1
00180,3,19,582,214,153,0.99285674,-1,-1,-1
00180,3,1323,41,79,57,0.9512372,-1,-1,-1
00180,3,1168,0,64,28,0.9045676,-1,-1,-1
00180,3,1401,0,49,24,0.84661955,-1,-1,-1
00180,8,908,33,203,87,0.7795858,-1,-1,-1
00181,3,353,309,219,113,0.99654704,-1,-1,-1
00181,3,23,582,211,155,0.98978883,-1,-1,-1
00181,3,1334,39,65,54,0.9715934,-1,-1,-1
00181,3,1166,2,65,29,0.9479721,-1,-1,-1
00181,3,1400,0,49,25,0.84038794,-1,-1,-1
00182,3,325,312,207,108,0.99652785,-1,-1,-1
00182,3,1336,33,66,55,0.99185914,-1,-1,-1
00182,3,24,582,210,154,0.9905687,-1,-1,-1
00182,3,1164,0,70,33,0.95592684,-1,-1,-1
00182,3,1401,0,45,22,0.90813607,-1,-1,-1
00182,3,0,503,101,143,0.74368477,-1,-1,-1
00183,3,294,313,198,109,0.99204004,-1,-1,-1
00183,3,1336,23,70,61,0.99154526,-1,-1,-1
00183,3,24,583,210,153,0.9909217,-1,-1,-1
00183,3,1161,1,70,36,0.9697263,-1,-1,-1
00183,3,1401,0,43,19,0.89854515,-1,-1,-1
00183,3,867,38,204,96,0.76323414,-1,-1,-1
00183,3,1,501,98,134,0.7310759,-1,-1,-1
00183,3,1552,41,69,33,0.7089299,-1,-1,-1
00184,3,268,319,182,104,0.996507,-1,-1,-1
00184,3,1341,20,65,58,0.99198896,-1,-1,-1
00184,3,25,583,210,152,0.99175864,-1,-1,-1
00184,3,1159,0,69,38,0.9708473,-1,-1,-1
00184,3,1397,0,46,19,0.86749166,-1,-1,-1
00184,8,854,35,212,106,0.8564657,-1,-1,-1
00184,3,2,499,95,138,0.81522864,-1,-1,-1
00185,3,238,321,177,104,0.9966449,-1,-1,-1
00185,3,20,583,215,152,0.99448836,-1,-1,-1
00185,3,1344,17,63,55,0.99064064,-1,-1,-1
00185,3,1156,0,71,39,0.97029334,-1,-1,-1
00185,8,834,36,217,107,0.92287695,-1,-1,-1
00185,3,1403,0,37,16,0.8913221,-1,-1,-1
00185,3,0,501,106,145,0.82054245,-1,-1,-1
00185,3,1550,40,70,34,0.73523754,-1,-1,-1
00186,3,213,331,164,100,0.99787843,-1,-1,-1
00186,3,20,583,215,152,0.99379164,-1,-1,-1
00186,3,1345,15,60,52,0.99366707,-1,-1,-1
00186,3,1153,0,67,37,0.9776618,-1,-1,-1
00186,8,821,39,217,107,0.96206033,-1,-1,-1
00186,3,1553,41,67,33,0.77171534,-1,-1,-1
00187,3,190,336,155,100,0.99671555,-1,-1,-1
00187,3,25,582,207,153,0.99317217,-1,-1,-1
00187,3,1350,14,56,51,0.99285746,-1,-1,-1
00187,3,1149,0,75,39,0.9773465,-1,-1,-1
00187,3,1,495,105,154,0.79839045,-1,-1,-1
00187,8,803,43,218,106,0.78159386,-1,-1,-1
00187,3,1551,41,69,34,0.76399064,-1,-1,-1
00188,3,25,581,208,153,0.9916248,-1,-1,-1
00188,3,160,343,155,102,0.98434746,-1,-1,-1
00188,3,1351,9,52,51,0.98386395,-1,-1,-1
00188,3,1146,0,75,42,0.9645989,-1,-1,-1
00188,8,779,50,228,106,0.9243961,-1,-1,-1
00188,3,1,490,103,150,0.8107822,-1,-1,-1
00188,3,1551,41,69,33,0.76121503,-1,-1,-1
00189,3,135,352,148,102,0.9936144,-1,-1,-1
00189,3,24,582,209,152,0.992769,-1,-1,-1
00189,3,1353,8,51,45,0.9865258,-1,-1,-1
00189,3,1142,0,78,44,0.9585298,-1,-1,-1
00189,3,0,492,112,147,0.9157442,-1,-1,-1
00189,8,760,48,228,119,0.7905849,-1,-1,-1
00189,3,1551,41,69,33,0.7566454,-1,-1,-1
00190,3,21,583,217,152,0.99478817,-1,-1,-1
00190,3,1353,5,46,45,0.97947866,-1,-1,-1
00190,3,0,484,113,153,0.9746099,-1,-1,-1
00190,3,114,360,137,98,0.9678958,-1,-1,-1
00190,3,1140,0,78,47,0.96699643,-1,-1,-1
00190,8,740,50,239,118,0.7687023,-1,-1,-1
00190,3,1551,41,69,33,0.7227075,-1,-1,-1
00190,6,744,47,233,115,0.72252166,-1,-1,-1
00191,3,15,582,219,152,0.9960245,-1,-1,-1
00191,3,1353,3,45,40,0.99088913,-1,-1,-1
00191,3,0,480,115,154,0.980113,-1,-1,-1
00191,3,1138,0,79,54,0.9693788,-1,-1,-1
00191,6,722,47,237,123,0.93448603,-1,-1,-1
00191,6,688,0,187,45,0.8288905,-1,-1,-1
00191,3,92,369,128,98,0.79797935,-1,-1,-1
00191,3,1212,7,30,30,0.74505043,-1,-1,-1
00191,3,1554,42,68,34,0.70671415,-1,-1,-1
00192,3,20,577,215,158,0.99558663,-1,-1,-1
00192,3,64,382,130,93,0.9934052,-1,-1,-1
00192,3,0,473,123,166,0.9832323,-1,-1,-1
00192,3,1352,0,50,43,0.9767237,-1,-1,-1
00192,3,1135,0,79,55,0.9753176,-1,-1,-1
00192,6,704,45,239,133,0.87525314,-1,-1,-1
00192,3,1546,42,74,34,0.7074653,-1,-1,-1
00193,3,17,580,218,154,0.99317205,-1,-1,-1
00193,3,1353,0,47,38,0.97427577,-1,-1,-1
00193,3,1132,0,80,56,0.96800506,-1,-1,-1
00193,3,0,470,136,166,0.96543705,-1,-1,-1
00193,3,39,388,126,91,0.96426946,-1,-1,-1
00194,3,19,579,216,154,0.9826354,-1,-1,-1
00194,3,1353,0,47,35,0.97477245,-1,-1,-1
00194,3,1127,0,83,57,0.96970147,-1,-1,-1
00194,3,18,393,121,84,0.9427188,-1,-1,-1
00194,8,655,51,242,139,0.91991264,-1,-1,-1
00194,3,0,465,150,169,0.91384906,-1,-1,-1
00194,3,917,0,91,24,0.73274255,-1,-1,-1
00195,8,630,53,251,142,0.98019904,-1,-1,-1
00195,3,1124,0,86,59,0.96798867,-1,-1,-1
00195,3,1351,0,49,30,0.9639231,-1,-1,-1
00195,3,18,569,217,170,0.95934427,-1,-1,-1
00195,3,926,0,82,24,0.7602932,-1,-1,-1
00196,3,20,575,215,158,0.97346866,-1,-1,-1
00196,8,606,61,252,143,0.97152394,-1,-1,-1
00196,3,1117,0,91,61,0.96118426,-1,-1,-1
00196,3,1352,0,47,28,0.95665604,-1,-1,-1
00196,3,929,0,79,24,0.81927955,-1,-1,-1
00197,3,1114,1,93,61,0.9884211,-1,-1,-1
00197,8,582,72,246,140,0.97970253,-1,-1,-1
00197,3,1354,0,43,25,0.9346436,-1,-1,-1
00197,3,926,0,82,24,0.8504991,-1,-1,-1
00197,3,13,575,223,157,0.8459925,-1,-1,-1
00198,3,1113,3,92,62,0.9887871,-1,-1,-1
00198,8,562,78,240,142,0.98523027,-1,-1,-1
00198,3,1353,0,46,23,0.95024264,-1,-1,-1
00198,3,924,0,84,24,0.84803647,-1,-1,-1
00198,3,15,577,220,154,0.78142786,-1,-1,-1
00199,3,1108,1,97,65,0.9924666,-1,-1,-1
00199,8,528,84,252,144,0.98090553,-1,-1,-1
00199,3,1354,0,43,20,0.9326998,-1,-1,-1
00199,3,20,574,216,155,0.8619709,-1,-1,-1
00199,3,924,0,85,24,0.84851795,-1,-1,-1
00200,3,1103,1,99,67,0.9921381,-1,-1,-1
00200,8,511,94,241,142,0.961155,-1,-1,-1
00200,3,18,574,219,157,0.93151414,-1,-1,-1
00200,3,923,0,86,23,0.81387115,-1,-1,-1
00201,3,27,574,210,161,0.9871952,-1,-1,-1
00201,3,1098,2,100,67,0.9855208,-1,-1,-1
00201,8,479,100,243,149,0.9457673,-1,-1,-1
00201,3,1227,16,23,26,0.8069014,-1,-1,-1
00201,3,922,0,87,23,0.7414026,-1,-1,-1
00202,3,25,578,214,155,0.9861227,-1,-1,-1
00202,3,1097,0,102,72,0.9801958,-1,-1,-1
00202,8,455,104,241,151,0.96627176,-1,-1,-1
00202,3,7,397,264,170,0.94167656,-1,-1,-1
00202,3,923,0,86,23,0.7475729,-1,-1,-1
00203,8,434,109,234,163,0.99161,-1,-1,-1
00203,3,1088,3,104,71,0.9881639,-1,-1,-1
00203,3,24,578,217,150,0.98344016,-1,-1,-1
00203,3,12,388,284,184,0.9425326,-1,-1,-1
00203,3,921,0,88,24,0.75726485,-1,-1,-1
00204,8,402,117,243,162,0.99217343,-1,-1,-1
00204,3,1089,2,108,74,0.98024464,-1,-1,-1
00204,3,23,579,219,152,0.9493578,-1,-1,-1
00204,3,38,374,278,170,0.9287724,-1,-1,-1
00204,3,920,0,88,23,0.7631265,-1,-1,-1
00205,3,1087,2,108,75,0.98996824,-1,-1,-1
00205,3,26,579,216,152,0.9782215,-1,-1,-1
00205,8,373,121,236,170,0.97738284,-1,-1,-1
00205,3,63,358,282,186,0.9701919,-1,-1,-1
00205,3,916,0,92,24,0.80872595,-1,-1,-1
00206,3,26,581,219,153,0.9824737,-1,-1,-1
00206,3,85,347,283,199,0.9805681,-1,-1,-1
00206,3,1079,3,112,74,0.97796553,-1,-1,-1
00206,8,354,126,229,182,0.95048845,-1,-1,-1
00206,3,917,0,91,24,0.81403756,-1,-1,-1
00207,3,34,581,214,151,0.98400486,-1,-1,-1
00207,3,95,330,307,215,0.972763,-1,-1,-1
00207,8,324,131,229,185,0.95312583,-1,-1,-1
00207,3,1079,2,112,78,0.9450114,-1,-1,-1
00207,3,917,0,91,23,0.7712676,-1,-1,-1
00207,3,1863,748,58,140,0.75740916,-1,-1,-1
00208,3,38,582,211,151,0.9924154,-1,-1,-1
00208,3,1078,2,113,79,0.9375777,-1,-1,-1
00208,3,121,316,311,217,0.88521695,-1,-1,-1
00208,3,917,0,91,23,0.7696907,-1,-1,-1
00209,3,40,581,213,151,0.9925706,-1,-1,-1
00209,3,1074,3,115,79,0.9657944,-1,-1,-1
00209,3,154,296,316,230,0.9218295,-1,-1,-1
00209,8,267,160,222,161,0.9139472,-1,-1,-1
00209,3,1858,751,63,134,0.8365153,-1,-1,-1
00209,3,917,0,91,23,0.7477423,-1,-1,-1
00210,3,43,582,211,149,0.9938759,-1,-1,-1
00210,3,1071,8,115,73,0.9786145,-1,-1,-1
00210,8,243,179,217,139,0.9147495,-1,-1,-1
00210,3,187,292,312,216,0.7546927,-1,-1,-1
00210,3,917,0,91,23,0.7380507,-1,-1,-1
00210,3,1856,745,64,137,0.73024607,-1,-1,-1
