00001,3,410,116,197,157,0.9771041,-1,-1,-1
00001,3,1112,282,520,436,0.96816784,-1,-1,-1
00001,3,1659,170,258,279,0.95302445,-1,-1,-1
00001,3,1263,210,142,60,0.8090224,-1,-1,-1
00001,3,1350,212,55,42,0.73092616,-1,-1,-1
00002,3,400,114,203,162,0.97400373,-1,-1,-1
00002,3,1120,286,539,450,0.94578993,-1,-1,-1
00002,3,1638,168,280,276,0.84337753,-1,-1,-1
00003,3,399,116,200,161,0.97834855,-1,-1,-1
00003,3,1146,304,536,451,0.9699439,-1,-1,-1
00003,3,1628,171,288,273,0.85564905,-1,-1,-1
00003,3,1188,231,58,34,0.7397537,-1,-1,-1
00004,3,390,116,203,161,0.9673926,-1,-1,-1
00004,3,1161,320,551,448,0.96130246,-1,-1,-1
00004,3,1613,172,306,270,0.78866786,-1,-1,-1
00005,3,389,118,198,162,0.9489031,-1,-1,-1
00005,3,1175,317,557,461,0.93264806,-1,-1,-1
00005,8,1595,168,326,275,0.785261,-1,-1,-1
00006,3,389,118,198,162,0.9494237,-1,-1,-1
00006,3,1174,315,558,464,0.92780596,-1,-1,-1
00006,8,1595,168,325,275,0.78326225,-1,-1,-1
00007,3,1196,322,569,471,0.9533875,-1,-1,-1
00007,3,380,119,204,166,0.9228475,-1,-1,-1
00007,8,1579,172,332,253,0.8576688,-1,-1,-1
00007,3,1259,157,153,57,0.71789277,-1,-1,-1
00008,3,1222,343,568,476,0.9712334,-1,-1,-1
00008,3,375,119,206,166,0.9212403,-1,-1,-1
00008,8,1562,152,334,281,0.8146312,-1,-1,-1
00008,8,1232,162,194,109,0.70419043,-1,-1,-1
00009,3,1234,344,599,483,0.96988064,-1,-1,-1
00009,3,371,121,208,165,0.94760436,-1,-1,-1
00009,3,1349,163,66,50,0.79092294,-1,-1,-1
00009,8,1545,150,338,277,0.74518806,-1,-1,-1
00010,3,1256,361,599,493,0.96860844,-1,-1,-1
00010,3,368,123,202,166,0.9674627,-1,-1,-1
00010,8,1537,137,316,276,0.8918238,-1,-1,-1
00011,3,1277,357,611,518,0.9641023,-1,-1,-1
00011,3,362,123,203,168,0.9540296,-1,-1,-1
00011,8,1524,143,309,271,0.83386016,-1,-1,-1
00012,3,1294,364,620,537,0.9420305,-1,-1,-1
00012,3,356,124,205,170,0.9407868,-1,-1,-1
00012,8,1504,138,324,263,0.83128077,-1,-1,-1
00013,3,349,128,209,169,0.97345835,-1,-1,-1
00013,3,1320,368,601,547,0.9667195,-1,-1,-1
00013,8,1492,138,305,247,0.7375451,-1,-1,-1
00013,3,1882,507,39,63,0.72292495,-1,-1,-1
00014,3,340,130,212,171,0.9742323,-1,-1,-1
00014,3,1331,380,590,553,0.95744365,-1,-1,-1
00014,8,1475,133,307,260,0.8784113,-1,-1,-1
00015,3,337,131,214,170,0.9732363,-1,-1,-1
00015,3,1368,403,553,540,0.96608627,-1,-1,-1
00015,8,1467,144,293,243,0.7112937,-1,-1,-1
00016,3,332,129,215,173,0.98823625,-1,-1,-1
00016,3,1382,412,539,552,0.9648129,-1,-1,-1
00017,3,327,132,217,171,0.98292774,-1,-1,-1
00017,8,1437,138,294,243,0.9602816,-1,-1,-1
00017,3,1409,421,506,566,0.9427158,-1,-1,-1
00018,3,320,127,220,177,0.9773193,-1,-1,-1
00018,3,1428,437,490,577,0.9277141,-1,-1,-1
00018,8,1430,132,285,246,0.91870004,-1,-1,-1
00019,3,312,128,222,176,0.98407793,-1,-1,-1
00019,3,1451,448,470,593,0.9225159,-1,-1,-1
00019,8,1419,133,287,241,0.89652395,-1,-1,-1
00020,3,309,128,221,181,0.9815925,-1,-1,-1
00020,3,1473,469,448,583,0.96284664,-1,-1,-1
00020,3,1858,290,62,192,0.95750386,-1,-1,-1
00020,3,1413,133,282,241,0.8148003,-1,-1,-1
00021,3,305,132,223,181,0.9844151,-1,-1,-1
00021,3,1497,470,424,588,0.97148377,-1,-1,-1
00021,3,1833,258,87,215,0.88411856,-1,-1,-1
00021,3,1184,246,114,33,0.7922475,-1,-1,-1
00022,3,307,131,222,182,0.9852153,-1,-1,-1
00022,3,1497,470,424,588,0.97123754,-1,-1,-1
00022,3,1833,257,87,218,0.8849423,-1,-1,-1
00022,3,1184,246,114,33,0.78955674,-1,-1,-1
00023,3,307,131,222,182,0.98501736,-1,-1,-1
00023,3,1497,469,424,590,0.97042084,-1,-1,-1
00023,3,1833,256,87,219,0.88969344,-1,-1,-1
00023,3,1184,246,114,33,0.79509866,-1,-1,-1
00024,3,307,131,222,182,0.9847169,-1,-1,-1
00024,3,1497,469,424,589,0.9705218,-1,-1,-1
00024,3,1833,257,87,220,0.8791625,-1,-1,-1
00024,3,1184,246,114,33,0.793774,-1,-1,-1
00025,3,307,131,221,182,0.98408973,-1,-1,-1
00025,3,1497,469,424,591,0.97149855,-1,-1,-1
00025,3,1834,256,86,225,0.8877361,-1,-1,-1
00025,3,1187,246,118,32,0.77056,-1,-1,-1
00026,3,307,131,221,182,0.9837685,-1,-1,-1
00026,3,1498,469,423,591,0.9710306,-1,-1,-1
00026,3,1832,256,88,222,0.86496663,-1,-1,-1
00026,3,1187,246,119,33,0.7635913,-1,-1,-1
00027,3,307,131,221,182,0.9842099,-1,-1,-1
00027,3,1497,469,424,590,0.97030073,-1,-1,-1
00027,3,1835,255,85,227,0.8967311,-1,-1,-1
00027,3,1187,246,119,33,0.7651288,-1,-1,-1
00028,3,307,132,221,181,0.9840927,-1,-1,-1
00028,3,1497,469,424,590,0.9711549,-1,-1,-1
00028,3,1835,255,85,227,0.89906836,-1,-1,-1
00028,3,1187,246,119,33,0.76847166,-1,-1,-1
00029,3,307,132,221,181,0.98405784,-1,-1,-1
00029,3,1497,469,424,590,0.97062576,-1,-1,-1
00029,3,1835,255,85,227,0.8979256,-1,-1,-1
00029,3,1187,246,119,33,0.7697169,-1,-1,-1
00030,3,307,132,221,181,0.9840994,-1,-1,-1
00030,3,1497,469,424,591,0.9704552,-1,-1,-1
00030,3,1835,256,85,225,0.89710736,-1,-1,-1
00030,3,1187,246,120,33,0.7723171,-1,-1,-1
00031,3,307,132,221,181,0.98434055,-1,-1,-1
00031,3,1497,469,424,591,0.97130597,-1,-1,-1
00031,3,1834,256,86,226,0.90570205,-1,-1,-1
00031,3,1187,246,120,33,0.7710245,-1,-1,-1
00032,3,271,142,243,204,0.9941533,-1,-1,-1
00032,3,852,219,164,42,0.9812071,-1,-1,-1
00032,3,1781,744,140,335,0.9330153,-1,-1,-1
00032,8,1289,132,258,205,0.8425036,-1,-1,-1
00032,3,1637,183,283,271,0.75211746,-1,-1,-1
00033,3,274,137,241,210,0.9930594,-1,-1,-1
00033,3,826,218,145,40,0.9857475,-1,-1,-1
00033,8,1288,122,248,218,0.798802,-1,-1,-1
00034,3,270,139,251,214,0.99312323,-1,-1,-1
00034,3,1868,815,52,274,0.90268505,-1,-1,-1
00034,3,800,213,166,45,0.7917755,-1,-1,-1
00034,8,1269,128,261,207,0.7441768,-1,-1,-1
00035,3,265,134,252,223,0.97043836,-1,-1,-1
00035,3,868,215,51,37,0.8941414,-1,-1,-1
00035,3,756,229,84,26,0.8348967,-1,-1,-1
00035,3,778,214,157,41,0.80484384,-1,-1,-1
00035,3,1261,136,251,198,0.7598649,-1,-1,-1
00035,3,1513,202,75,46,0.72788197,-1,-1,-1
00036,3,269,141,255,218,0.95806736,-1,-1,-1
00036,3,724,208,198,48,0.9460854,-1,-1,-1
00036,8,1574,176,338,256,0.8092943,-1,-1,-1
00036,8,1258,132,244,196,0.7556854,-1,-1,-1
00037,3,248,143,277,216,0.977771,-1,-1,-1
00037,3,705,204,186,54,0.92857295,-1,-1,-1
00037,8,1562,166,339,269,0.8873797,-1,-1,-1
00037,3,1241,134,241,190,0.71594596,-1,-1,-1
00038,3,243,142,284,221,0.9720162,-1,-1,-1
00038,3,664,200,194,57,0.90337867,-1,-1,-1
00038,3,1240,129,239,194,0.8978507,-1,-1,-1
00038,8,1544,169,334,256,0.895095,-1,-1,-1
00039,3,247,143,291,223,0.97296417,-1,-1,-1
00039,8,1231,58,244,261,0.86442816,-1,-1,-1
00039,8,1531,168,333,253,0.8475376,-1,-1,-1
00040,3,247,143,290,223,0.97203034,-1,-1,-1
00040,8,1231,55,244,265,0.8633965,-1,-1,-1
00040,8,1531,168,333,253,0.8569703,-1,-1,-1
00041,3,246,152,292,216,0.96211934,-1,-1,-1
00041,8,1236,75,232,242,0.8983669,-1,-1,-1
00041,8,1531,168,333,253,0.833196,-1,-1,-1
00041,8,651,199,181,58,0.71200484,-1,-1,-1
00042,3,273,149,263,230,0.9916283,-1,-1,-1
00042,8,1210,117,229,203,0.9108265,-1,-1,-1
00042,3,513,212,35,38,0.825712,-1,-1,-1
00042,8,583,187,222,70,0.7360641,-1,-1,-1
00042,8,1490,157,325,248,0.72558326,-1,-1,-1
00043,3,274,150,265,233,0.99300426,-1,-1,-1
00043,8,1199,107,231,211,0.9821953,-1,-1,-1
00043,3,516,217,40,34,0.9534158,-1,-1,-1
00043,8,566,184,230,71,0.82619256,-1,-1,-1
00043,8,1472,153,327,248,0.7723198,-1,-1,-1
00044,3,274,152,267,236,0.9962909,-1,-1,-1
00044,8,1191,109,230,206,0.94129,-1,-1,-1
00044,3,684,208,91,46,0.843746,-1,-1,-1
00045,3,275,152,272,238,0.9935835,-1,-1,-1
00045,8,1191,116,219,196,0.96352583,-1,-1,-1
00045,3,667,210,97,43,0.8522434,-1,-1,-1
00045,3,534,176,177,77,0.7537727,-1,-1,-1
00046,3,274,160,277,240,0.99556476,-1,-1,-1
00046,3,529,175,158,76,0.94997466,-1,-1,-1
00046,8,1176,114,224,197,0.916515,-1,-1,-1
00046,8,1436,147,309,240,0.9092113,-1,-1,-1
00046,3,659,213,79,41,0.84090143,-1,-1,-1
00047,3,284,159,275,242,0.9913906,-1,-1,-1
00047,8,1167,110,222,198,0.94771177,-1,-1,-1
00047,8,1426,145,304,237,0.8637727,-1,-1,-1
00047,3,635,208,81,45,0.80557835,-1,-1,-1
00048,3,285,166,282,241,0.9959628,-1,-1,-1
00048,8,1160,111,219,195,0.9489072,-1,-1,-1
00048,3,520,166,173,90,0.82770556,-1,-1,-1
00048,8,1414,145,299,233,0.8266445,-1,-1,-1
00049,3,287,164,286,253,0.98891675,-1,-1,-1
00049,8,1153,111,221,193,0.9591371,-1,-1,-1
00049,3,509,163,170,99,0.79056937,-1,-1,-1
00050,3,293,167,286,249,0.99507797,-1,-1,-1
00050,8,1148,113,221,191,0.94130164,-1,-1,-1
00050,3,493,159,148,102,0.86799693,-1,-1,-1
00050,3,591,191,76,61,0.83642155,-1,-1,-1
00051,3,294,169,295,257,0.994739,-1,-1,-1
00051,8,1142,115,222,187,0.8950051,-1,-1,-1
00051,3,485,156,165,95,0.85926276,-1,-1,-1
00052,3,294,169,295,257,0.99483323,-1,-1,-1
00052,8,1142,115,222,187,0.8866692,-1,-1,-1
00052,3,485,156,165,95,0.8634957,-1,-1,-1
00053,3,294,169,295,257,0.994945,-1,-1,-1
00053,8,1142,115,222,187,0.88247156,-1,-1,-1
00053,3,485,156,165,95,0.8637584,-1,-1,-1
00054,3,294,169,295,257,0.9949532,-1,-1,-1
00054,8,1142,115,222,187,0.8771299,-1,-1,-1
00054,3,485,156,165,95,0.86502844,-1,-1,-1
00055,3,294,170,295,256,0.99509096,-1,-1,-1
00055,8,1142,115,222,187,0.8776028,-1,-1,-1
00055,3,486,156,164,95,0.86992884,-1,-1,-1
00056,3,294,170,295,256,0.9949956,-1,-1,-1
00056,8,1142,115,222,187,0.8775812,-1,-1,-1
00056,3,486,156,164,95,0.86948735,-1,-1,-1
00057,3,295,170,294,256,0.99497765,-1,-1,-1
00057,8,1142,115,222,187,0.87944174,-1,-1,-1
00057,3,485,156,165,95,0.8709596,-1,-1,-1
00058,3,295,170,294,256,0.9950027,-1,-1,-1
00058,8,1142,115,222,187,0.8744898,-1,-1,-1
00058,3,486,156,164,95,0.868451,-1,-1,-1
00059,3,295,170,293,256,0.99499786,-1,-1,-1
00059,8,1142,115,222,187,0.8725236,-1,-1,-1
00059,3,485,156,165,95,0.8668622,-1,-1,-1
00060,3,295,170,293,256,0.9950211,-1,-1,-1
00060,8,1142,115,222,187,0.8705167,-1,-1,-1
00060,3,485,156,165,95,0.86823833,-1,-1,-1
00061,3,296,172,292,255,0.99604154,-1,-1,-1
00061,8,1142,116,221,187,0.87373835,-1,-1,-1
00061,3,483,155,171,98,0.8483286,-1,-1,-1
00062,3,338,215,329,291,0.9918121,-1,-1,-1
00062,3,993,233,90,33,0.95382917,-1,-1,-1
00062,8,1076,87,207,202,0.9437461,-1,-1,-1
00062,3,358,124,179,125,0.7464434,-1,-1,-1
00063,3,335,215,338,298,0.9926664,-1,-1,-1
00063,3,1876,342,45,188,0.9884116,-1,-1,-1
00063,8,1063,86,215,199,0.9540343,-1,-1,-1
00063,8,1262,130,269,212,0.8275537,-1,-1,-1
00064,3,337,221,340,297,0.9958723,-1,-1,-1
00064,3,1853,313,68,213,0.98847824,-1,-1,-1
00064,8,1065,91,208,191,0.91733944,-1,-1,-1
00064,3,1247,132,267,197,0.80987114,-1,-1,-1
00064,3,1515,207,73,38,0.7291805,-1,-1,-1
00065,3,339,230,355,301,0.99567765,-1,-1,-1
00065,3,1830,263,91,256,0.9341796,-1,-1,-1
00065,8,1055,92,213,190,0.90100247,-1,-1,-1
00065,3,340,114,176,137,0.7582028,-1,-1,-1
00065,8,1433,118,162,119,0.7442722,-1,-1,-1
00066,3,341,233,360,302,0.99511933,-1,-1,-1
00066,8,1048,89,211,187,0.8883529,-1,-1,-1
00066,8,1234,126,257,206,0.8206187,-1,-1,-1
00066,3,1809,253,112,256,0.7529096,-1,-1,-1
00066,3,338,114,175,142,0.7091505,-1,-1,-1
00067,3,342,236,366,304,0.9903598,-1,-1,-1
00067,3,1788,241,132,267,0.9582172,-1,-1,-1
00067,8,1042,86,215,187,0.9157117,-1,-1,-1
00067,8,1431,116,158,123,0.80817425,-1,-1,-1
00067,3,1222,129,248,197,0.7287346,-1,-1,-1
00068,3,342,237,372,316,0.9881898,-1,-1,-1
00068,3,1776,239,145,268,0.91735613,-1,-1,-1
00068,8,1036,89,209,183,0.8093808,-1,-1,-1
00069,3,349,239,374,322,0.98945904,-1,-1,-1
00069,8,1028,87,202,185,0.9083927,-1,-1,-1
00069,3,1755,240,166,260,0.75693554,-1,-1,-1
00069,8,1210,122,248,205,0.7121343,-1,-1,-1
00070,3,351,241,385,329,0.9948697,-1,-1,-1
00070,3,1731,233,189,261,0.82825917,-1,-1,-1
00070,3,1201,132,250,193,0.7338329,-1,-1,-1
00071,3,349,240,393,338,0.9885777,-1,-1,-1
00071,3,1717,223,202,263,0.91838324,-1,-1,-1
00072,3,355,244,392,343,0.99008906,-1,-1,-1
00072,8,1011,93,204,174,0.79359686,-1,-1,-1
00073,3,366,242,394,358,0.978786,-1,-1,-1
00073,3,1684,216,236,254,0.9394527,-1,-1,-1
00073,3,302,106,174,149,0.75736,-1,-1,-1
00073,3,1004,144,48,121,0.71250576,-1,-1,-1
00074,3,370,251,395,357,0.99294597,-1,-1,-1
00074,3,1661,210,259,254,0.936665,-1,-1,-1
00075,3,370,250,395,359,0.9927977,-1,-1,-1
00075,3,1660,210,259,252,0.93884665,-1,-1,-1
00076,3,370,250,395,359,0.9929335,-1,-1,-1
00076,3,1661,211,259,253,0.93963844,-1,-1,-1
00077,3,370,251,395,358,0.99289787,-1,-1,-1
00077,3,1661,210,259,254,0.9382943,-1,-1,-1
00078,3,370,251,395,358,0.9929444,-1,-1,-1
00078,3,1661,210,259,254,0.9380709,-1,-1,-1
00079,3,370,251,395,358,0.9930453,-1,-1,-1
00079,3,1661,211,259,253,0.94228697,-1,-1,-1
00080,3,370,251,395,358,0.9929963,-1,-1,-1
00080,3,1661,211,259,253,0.94008374,-1,-1,-1
00081,3,369,248,398,360,0.9900855,-1,-1,-1
00081,3,1660,211,259,246,0.90902835,-1,-1,-1
00082,3,369,248,398,360,0.9899787,-1,-1,-1
00082,3,1662,210,258,257,0.91338795,-1,-1,-1
00083,3,369,248,398,360,0.9898537,-1,-1,-1
00083,3,1662,210,258,257,0.9167371,-1,-1,-1
00084,3,369,248,398,360,0.99000615,-1,-1,-1
00084,3,1662,211,258,256,0.9182087,-1,-1,-1
00085,3,370,249,396,360,0.99040705,-1,-1,-1
00085,3,1662,211,258,256,0.9192873,-1,-1,-1
00085,8,1000,103,203,167,0.72804934,-1,-1,-1
00086,3,369,249,397,360,0.99030566,-1,-1,-1
00086,3,1662,211,258,256,0.9151973,-1,-1,-1
00086,8,1000,103,203,167,0.7249387,-1,-1,-1
00087,3,369,249,397,360,0.9903038,-1,-1,-1
00087,3,1662,211,258,256,0.9143531,-1,-1,-1
00087,8,1000,103,203,167,0.72090214,-1,-1,-1
00088,3,370,249,396,360,0.9903038,-1,-1,-1
00088,3,1662,211,258,256,0.9147979,-1,-1,-1
00088,8,1000,103,203,167,0.72077155,-1,-1,-1
00089,3,370,249,396,360,0.9904841,-1,-1,-1
00089,3,1662,211,258,256,0.9135269,-1,-1,-1
00089,8,1000,103,203,167,0.7260714,-1,-1,-1
00090,3,370,249,396,360,0.99047905,-1,-1,-1
00090,3,1662,211,258,256,0.91447806,-1,-1,-1
00090,8,1000,103,203,167,0.7247476,-1,-1,-1
00091,3,370,249,396,360,0.99041873,-1,-1,-1
00091,3,1662,211,258,256,0.9169031,-1,-1,-1
00091,8,1000,103,203,167,0.7266069,-1,-1,-1
00092,3,462,413,556,472,0.9976004,-1,-1,-1
00092,3,667,219,154,39,0.989256,-1,-1,-1
00092,8,1425,155,291,226,0.9518394,-1,-1,-1
00092,3,1881,327,39,191,0.9443062,-1,-1,-1
00092,8,1049,102,216,183,0.8993418,-1,-1,-1
00092,8,252,119,213,182,0.8644456,-1,-1,-1
00092,8,939,135,149,133,0.79638404,-1,-1,-1
00093,3,1863,321,58,186,0.9964179,-1,-1,-1
00093,3,467,423,590,486,0.995161,-1,-1,-1
00093,3,635,217,161,38,0.9799927,-1,-1,-1
00093,8,1411,145,292,234,0.9622173,-1,-1,-1
00093,8,988,106,269,176,0.9263918,-1,-1,-1
00093,8,937,139,146,131,0.8607168,-1,-1,-1
00093,8,254,122,214,181,0.7581932,-1,-1,-1
00094,3,483,429,583,515,0.9968964,-1,-1,-1
00094,3,1844,293,76,208,0.99163646,-1,-1,-1
00094,3,589,213,184,42,0.9868679,-1,-1,-1
00094,8,1403,148,283,229,0.86557156,-1,-1,-1
00094,8,247,120,218,184,0.73729455,-1,-1,-1
00094,8,1044,103,208,179,0.7356912,-1,-1,-1
00095,3,479,449,622,507,0.9961133,-1,-1,-1
00095,3,1824,265,96,238,0.9922975,-1,-1,-1
00095,3,567,211,171,43,0.9816057,-1,-1,-1
00095,8,1392,145,282,229,0.9239842,-1,-1,-1
00095,3,931,142,136,123,0.73142105,-1,-1,-1
00095,8,256,125,212,183,0.7223231,-1,-1,-1
00095,3,1057,119,199,168,0.70156425,-1,-1,-1
00096,3,1807,249,113,247,0.99562055,-1,-1,-1
00096,3,499,457,629,545,0.99291855,-1,-1,-1
00096,3,541,206,175,46,0.92655486,-1,-1,-1
00096,8,1377,144,281,226,0.87784624,-1,-1,-1
00096,8,1055,110,189,173,0.82413006,-1,-1,-1
00096,8,930,136,137,131,0.7574823,-1,-1,-1
00096,8,256,123,213,187,0.72092193,-1,-1,-1
00097,3,509,469,649,547,0.99343866,-1,-1,-1
00097,3,1792,239,129,248,0.98871124,-1,-1,-1
00097,8,1033,109,187,168,0.950761,-1,-1,-1
00097,8,938,135,132,135,0.9192894,-1,-1,-1
00097,3,507,199,190,56,0.91693586,-1,-1,-1
00097,8,1368,146,278,219,0.865742,-1,-1,-1
00097,8,254,121,218,192,0.77063566,-1,-1,-1
00098,3,497,507,678,537,0.995811,-1,-1,-1
00098,3,1774,238,144,245,0.9939249,-1,-1,-1
00098,3,479,198,197,59,0.949544,-1,-1,-1
00098,8,1357,147,274,217,0.8831354,-1,-1,-1
00098,8,1035,109,189,167,0.8224631,-1,-1,-1
00098,8,247,123,226,195,0.80756384,-1,-1,-1
00098,8,927,130,137,138,0.79325444,-1,-1,-1
00099,3,529,501,667,555,0.99664366,-1,-1,-1
00099,8,1032,109,190,167,0.8978589,-1,-1,-1
00099,8,928,135,129,130,0.88686484,-1,-1,-1
00099,8,1343,141,279,219,0.87859875,-1,-1,-1
00099,8,250,130,226,193,0.84753394,-1,-1,-1
00099,3,471,195,176,60,0.842864,-1,-1,-1
00100,3,532,519,687,547,0.99103326,-1,-1,-1
00100,3,1745,242,176,231,0.9532975,-1,-1,-1
00100,8,1041,110,182,165,0.9390909,-1,-1,-1
00100,8,935,138,118,129,0.90203947,-1,-1,-1
00100,8,243,124,243,201,0.78827405,-1,-1,-1
00100,3,469,193,156,62,0.73867184,-1,-1,-1
00101,3,550,535,695,534,0.9954738,-1,-1,-1
00101,3,1723,240,195,227,0.97321475,-1,-1,-1
00101,8,1024,110,188,163,0.9721996,-1,-1,-1
00101,8,934,142,118,125,0.91636133,-1,-1,-1
00101,8,1328,150,266,206,0.8707444,-1,-1,-1
00101,8,248,132,234,198,0.8170526,-1,-1,-1
00101,8,460,188,145,69,0.700941,-1,-1,-1
00102,3,576,553,702,524,0.99598616,-1,-1,-1
00102,8,1003,110,206,163,0.9876096,-1,-1,-1
00102,8,935,129,122,135,0.9386157,-1,-1,-1
00102,3,1709,228,212,235,0.928613,-1,-1,-1
00102,8,1318,147,266,206,0.89355093,-1,-1,-1
00102,3,463,186,120,68,0.8324173,-1,-1,-1
00103,3,590,572,732,505,0.9966288,-1,-1,-1
00103,8,982,108,223,164,0.9926403,-1,-1,-1
00103,3,1693,226,228,227,0.9577824,-1,-1,-1
00103,8,933,138,125,128,0.9546334,-1,-1,-1
00103,8,464,181,112,74,0.88196784,-1,-1,-1
00103,8,1311,147,261,204,0.861989,-1,-1,-1
00103,8,249,134,248,203,0.78668165,-1,-1,-1
00104,3,604,573,756,491,0.9964224,-1,-1,-1
00104,8,1014,110,188,160,0.9839506,-1,-1,-1
00104,8,936,134,114,132,0.9696227,-1,-1,-1
00104,3,1681,221,237,236,0.94390166,-1,-1,-1
00104,8,1297,148,264,200,0.8454972,-1,-1,-1
00104,8,249,134,244,202,0.8005426,-1,-1,-1
00105,3,616,585,770,487,0.9946274,-1,-1,-1
00105,8,987,108,214,162,0.9928617,-1,-1,-1
00105,3,1669,223,252,227,0.95927274,-1,-1,-1
00105,8,937,136,108,131,0.94052994,-1,-1,-1
00105,8,1292,152,258,195,0.7272954,-1,-1,-1
00105,3,465,173,50,64,0.710029,-1,-1,-1
00106,8,962,108,237,162,0.992669,-1,-1,-1
00106,3,637,603,797,471,0.9906853,-1,-1,-1
00106,3,1658,217,259,228,0.9829405,-1,-1,-1
00106,8,940,146,95,117,0.8223655,-1,-1,-1
00106,8,244,134,256,213,0.7634764,-1,-1,-1
00107,8,951,107,245,162,0.99177825,-1,-1,-1
00107,3,649,624,817,447,0.9745026,-1,-1,-1
00107,3,1638,215,278,235,0.94981605,-1,-1,-1
00108,8,966,109,227,160,0.9888891,-1,-1,-1
00108,3,1632,208,283,234,0.9724052,-1,-1,-1
00108,3,671,631,837,441,0.9630466,-1,-1,-1
00108,8,1426,116,169,122,0.7788226,-1,-1,-1
00108,8,936,137,95,124,0.77541703,-1,-1,-1
00108,8,1266,146,251,196,0.7057518,-1,-1,-1
00109,8,952,111,236,158,0.984373,-1,-1,-1
00109,3,686,655,865,415,0.97143596,-1,-1,-1
00109,3,1619,208,294,232,0.92223084,-1,-1,-1
00110,8,942,108,244,162,0.99059486,-1,-1,-1
00110,3,685,667,868,416,0.9483271,-1,-1,-1
00110,3,1241,147,250,189,0.7684715,-1,-1,-1
00111,3,718,708,929,366,0.98907834,-1,-1,-1
00111,8,939,110,248,158,0.98234266,-1,-1,-1
00111,3,1889,337,31,174,0.899818,-1,-1,-1
00111,8,240,141,283,227,0.7594132,-1,-1,-1
00111,3,1238,147,247,186,0.74489516,-1,-1,-1
00111,8,1598,203,283,228,0.7232918,-1,-1,-1
00112,3,717,710,932,366,0.9892485,-1,-1,-1
00112,8,939,110,248,158,0.98295504,-1,-1,-1
00112,3,1889,337,31,174,0.8960665,-1,-1,-1
00112,8,240,141,283,227,0.7520633,-1,-1,-1
00112,3,1238,147,247,186,0.7417643,-1,-1,-1
00112,8,1598,203,283,228,0.7138569,-1,-1,-1
00113,3,717,710,932,366,0.9886057,-1,-1,-1
00113,8,939,110,248,158,0.9838033,-1,-1,-1
00113,3,1889,337,31,174,0.8908063,-1,-1,-1
00113,8,240,141,283,227,0.7534104,-1,-1,-1
00113,8,1598,203,284,228,0.7517246,-1,-1,-1
00113,3,1239,147,247,186,0.7316888,-1,-1,-1
00114,3,717,710,932,366,0.9881434,-1,-1,-1
00114,8,939,111,248,157,0.9838778,-1,-1,-1
00114,3,1889,337,31,175,0.89293385,-1,-1,-1
00114,8,240,141,283,227,0.75209975,-1,-1,-1
00114,8,1598,203,284,228,0.7464537,-1,-1,-1
00114,3,1242,146,250,185,0.7400228,-1,-1,-1
00115,3,717,710,933,366,0.9880166,-1,-1,-1
00115,8,939,111,248,157,0.9842957,-1,-1,-1
00115,3,1889,337,31,175,0.8961976,-1,-1,-1
00115,3,1241,145,251,186,0.74841624,-1,-1,-1
00115,8,240,141,283,227,0.74755967,-1,-1,-1
00115,8,1598,203,284,228,0.73916507,-1,-1,-1
00116,3,717,712,933,364,0.9872836,-1,-1,-1
00116,8,939,111,247,157,0.9842683,-1,-1,-1
00116,3,1889,337,31,175,0.897693,-1,-1,-1
00116,8,240,141,283,227,0.74856776,-1,-1,-1
00116,8,1598,203,283,228,0.73833257,-1,-1,-1
00116,3,1242,145,250,186,0.73632574,-1,-1,-1
00117,3,717,712,933,364,0.987253,-1,-1,-1
00117,8,939,111,247,157,0.98344904,-1,-1,-1
00117,3,1889,339,31,172,0.879308,-1,-1,-1
00117,8,239,141,284,227,0.7480425,-1,-1,-1
00117,8,1598,203,284,228,0.73878723,-1,-1,-1
00117,3,1239,146,247,186,0.7311999,-1,-1,-1
00118,3,717,711,932,365,0.9872717,-1,-1,-1
00118,8,939,111,247,157,0.98392916,-1,-1,-1
00118,3,1889,339,31,172,0.87714446,-1,-1,-1
00118,8,240,141,283,227,0.75205183,-1,-1,-1
00118,8,1598,203,284,228,0.737681,-1,-1,-1
00118,3,1239,146,247,186,0.72934777,-1,-1,-1
00119,3,717,710,933,366,0.9874685,-1,-1,-1
00119,8,939,110,248,158,0.9847873,-1,-1,-1
00119,3,1889,339,31,172,0.8776133,-1,-1,-1
00119,8,240,141,283,227,0.7554793,-1,-1,-1
00119,3,1239,146,247,187,0.73926735,-1,-1,-1
00119,8,1598,203,284,228,0.7366987,-1,-1,-1
00120,3,717,711,933,365,0.9873684,-1,-1,-1
00120,8,939,110,248,158,0.9841346,-1,-1,-1
00120,3,1889,339,31,172,0.8772775,-1,-1,-1
00120,8,240,141,283,227,0.75629985,-1,-1,-1
00120,8,1598,203,284,228,0.7370456,-1,-1,-1
00120,3,1241,145,250,186,0.73250985,-1,-1,-1
00121,3,714,717,934,360,0.9855985,-1,-1,-1
00121,8,938,111,249,157,0.98149544,-1,-1,-1
00121,3,1889,337,31,175,0.9114635,-1,-1,-1
00121,3,1239,147,246,185,0.75931257,-1,-1,-1
00121,8,244,143,277,224,0.7365948,-1,-1,-1
00122,3,645,217,171,37,0.99659026,-1,-1,-1
00122,3,1696,197,225,256,0.9904882,-1,-1,-1
00122,3,1480,183,256,204,0.975663,-1,-1,-1
00122,8,217,128,179,129,0.8426064,-1,-1,-1
00122,3,268,165,307,272,0.7885722,-1,-1,-1
00123,3,620,212,172,38,0.9936929,-1,-1,-1
00123,3,1685,195,236,258,0.9915838,-1,-1,-1
00123,3,1465,183,256,199,0.9717297,-1,-1,-1
00123,8,218,121,176,135,0.8934713,-1,-1,-1
00123,3,272,167,300,279,0.7717375,-1,-1,-1
00123,3,956,130,186,138,0.70483154,-1,-1,-1
00124,3,592,210,190,43,0.9914179,-1,-1,-1
00124,3,1667,187,254,262,0.979255,-1,-1,-1
00124,3,1458,179,263,199,0.9268749,-1,-1,-1
00124,8,218,120,178,136,0.874364,-1,-1,-1
00124,3,962,129,177,135,0.8527346,-1,-1,-1
00124,3,274,172,303,280,0.83188874,-1,-1,-1
00124,3,1154,134,223,177,0.7511058,-1,-1,-1
00125,3,564,207,198,55,0.98981607,-1,-1,-1
00125,3,1653,185,268,260,0.9794129,-1,-1,-1
00125,8,222,117,175,143,0.9257392,-1,-1,-1
00125,3,1446,178,247,210,0.8685617,-1,-1,-1
00125,3,281,177,307,282,0.7558424,-1,-1,-1
00126,3,1641,183,280,261,0.9720328,-1,-1,-1
00126,8,217,112,186,144,0.9442195,-1,-1,-1
00126,3,565,204,180,65,0.9414416,-1,-1,-1
00126,3,282,179,312,287,0.9255515,-1,-1,-1
00126,3,1433,175,255,205,0.88802016,-1,-1,-1
00126,8,943,130,190,130,0.76830673,-1,-1,-1
00127,3,1641,183,280,261,0.9716123,-1,-1,-1
00127,8,217,111,186,145,0.94490707,-1,-1,-1
00127,3,565,204,180,65,0.94257146,-1,-1,-1
00127,3,282,179,312,287,0.9241919,-1,-1,-1
00127,3,1433,175,255,205,0.8879512,-1,-1,-1
00127,8,949,129,188,135,0.73479515,-1,-1,-1
00128,3,1641,189,279,252,0.9674562,-1,-1,-1
00128,8,217,111,187,146,0.94316155,-1,-1,-1
00128,3,565,204,180,65,0.9422189,-1,-1,-1
00128,3,282,179,312,288,0.9287985,-1,-1,-1
00128,3,1433,176,255,204,0.90030116,-1,-1,-1
00128,8,949,130,189,133,0.75987595,-1,-1,-1
00129,3,1646,184,275,261,0.9584386,-1,-1,-1
00129,8,217,111,187,146,0.94688004,-1,-1,-1
00129,3,565,204,180,65,0.94272053,-1,-1,-1
00129,3,282,179,312,288,0.93147534,-1,-1,-1
00129,3,1433,176,255,204,0.89750445,-1,-1,-1
00129,8,940,127,188,137,0.7869302,-1,-1,-1
00130,3,1646,184,275,261,0.95737624,-1,-1,-1
00130,8,217,111,187,146,0.9471967,-1,-1,-1
00130,3,565,204,180,65,0.9423921,-1,-1,-1
00130,3,282,179,312,288,0.9298109,-1,-1,-1
00130,3,1433,176,255,204,0.8949347,-1,-1,-1
00130,8,941,130,192,130,0.7625366,-1,-1,-1
00131,3,1647,184,274,260,0.9625375,-1,-1,-1
00131,8,217,113,182,143,0.93938124,-1,-1,-1
00131,3,280,180,315,288,0.9373998,-1,-1,-1
00131,3,566,205,176,62,0.9269342,-1,-1,-1
00131,3,1433,176,255,203,0.8879721,-1,-1,-1
00132,3,1578,173,299,248,0.8792656,-1,-1,-1
00132,3,488,187,150,74,0.8379366,-1,-1,-1
00132,3,936,137,183,130,0.8229292,-1,-1,-1
00132,8,219,105,193,147,0.7433579,-1,-1,-1
00132,3,1382,167,230,207,0.72383827,-1,-1,-1
00132,8,1111,130,207,170,0.71661836,-1,-1,-1
00133,3,1569,169,294,245,0.91673326,-1,-1,-1
00133,3,1380,166,228,191,0.87568593,-1,-1,-1
00133,3,935,137,179,128,0.85417616,-1,-1,-1
00133,3,468,185,165,72,0.848195,-1,-1,-1
00133,3,300,213,366,313,0.8334534,-1,-1,-1
00133,3,1106,132,210,161,0.7443819,-1,-1,-1
00133,8,221,104,190,148,0.7234291,-1,-1,-1
00134,3,1560,170,292,240,0.9319985,-1,-1,-1
00134,3,459,184,157,63,0.91378677,-1,-1,-1
00134,3,1371,166,227,188,0.86684227,-1,-1,-1
00134,3,302,205,359,316,0.75368357,-1,-1,-1
00134,3,931,138,179,126,0.7402746,-1,-1,-1
00135,3,1360,165,223,190,0.9392289,-1,-1,-1
00135,3,1545,166,291,241,0.936072,-1,-1,-1
00135,3,456,179,146,61,0.87921214,-1,-1,-1
00135,3,306,210,374,337,0.7526071,-1,-1,-1
00136,3,1356,165,225,184,0.9574678,-1,-1,-1
00136,3,437,177,151,64,0.9248229,-1,-1,-1
00136,3,1529,166,296,239,0.8583516,-1,-1,-1
00136,3,314,213,373,338,0.8068063,-1,-1,-1
00136,3,933,141,169,128,0.70964813,-1,-1,-1
00137,3,442,175,138,64,0.9240534,-1,-1,-1
00137,3,1347,167,215,183,0.9062416,-1,-1,-1
00137,3,311,213,385,353,0.875629,-1,-1,-1
00138,3,321,223,402,349,0.95684254,-1,-1,-1
00138,3,1339,164,217,188,0.933391,-1,-1,-1
00138,3,442,171,134,76,0.90009296,-1,-1,-1
00138,3,927,146,164,123,0.8619937,-1,-1,-1
00138,3,1336,191,41,99,0.8170547,-1,-1,-1
00139,3,323,229,398,354,0.90454704,-1,-1,-1
00139,3,925,147,161,120,0.89259434,-1,-1,-1
00139,3,437,165,140,84,0.8657947,-1,-1,-1
00139,3,1506,157,281,234,0.7838947,-1,-1,-1
00139,3,1332,164,212,179,0.7669811,-1,-1,-1
00139,8,221,110,199,157,0.7446645,-1,-1,-1
00140,3,927,148,162,119,0.9423175,-1,-1,-1
00140,3,322,238,419,356,0.9315698,-1,-1,-1
00140,3,438,166,139,87,0.9166201,-1,-1,-1
00140,3,1261,210,47,45,0.893783,-1,-1,-1
00140,3,1492,155,278,235,0.83964133,-1,-1,-1
00140,3,1323,162,210,181,0.7924672,-1,-1,-1
00140,8,228,110,195,160,0.77009326,-1,-1,-1
00141,3,932,151,149,115,0.96225864,-1,-1,-1
00141,3,439,163,140,90,0.9386393,-1,-1,-1
00141,3,1484,155,276,233,0.9220281,-1,-1,-1
00141,3,324,241,422,366,0.90153843,-1,-1,-1
00141,3,1313,163,207,182,0.88945484,-1,-1,-1
00141,3,1260,212,53,58,0.8704286,-1,-1,-1
00141,8,220,112,209,166,0.8681572,-1,-1,-1
00142,3,333,254,428,368,0.9712957,-1,-1,-1
00142,3,434,160,147,95,0.9572064,-1,-1,-1
00142,3,1301,164,208,174,0.90720683,-1,-1,-1
00142,3,1466,152,280,228,0.90384364,-1,-1,-1
00142,3,931,151,145,116,0.8916528,-1,-1,-1
00142,3,1260,201,76,58,0.8118098,-1,-1,-1
00142,8,223,112,206,167,0.7564285,-1,-1,-1
00143,3,1453,153,284,229,0.957726,-1,-1,-1
00143,3,1291,161,211,171,0.94995093,-1,-1,-1
00143,3,438,157,144,99,0.9416616,-1,-1,-1
00143,3,324,247,444,376,0.8839943,-1,-1,-1
00143,3,927,149,144,119,0.8440181,-1,-1,-1
00143,8,1054,125,199,162,0.7800581,-1,-1,-1
00144,3,1445,148,279,228,0.9721234,-1,-1,-1
00144,3,442,156,143,98,0.95450956,-1,-1,-1
00144,3,1281,158,205,173,0.94129896,-1,-1,-1
00144,3,1250,197,64,59,0.9330977,-1,-1,-1
00144,3,334,264,453,385,0.90764934,-1,-1,-1
00144,3,926,151,141,117,0.8314411,-1,-1,-1
00144,8,1052,126,200,162,0.82870495,-1,-1,-1
00145,3,1445,147,278,229,0.97260725,-1,-1,-1
00145,3,440,155,147,100,0.9530077,-1,-1,-1
00145,3,1281,158,205,173,0.9430903,-1,-1,-1
00145,3,1250,197,64,59,0.928119,-1,-1,-1
00145,3,340,258,435,393,0.90293634,-1,-1,-1
00145,3,929,149,138,117,0.8635087,-1,-1,-1
00145,8,1053,126,199,162,0.78519917,-1,-1,-1
00145,8,225,112,207,169,0.72475773,-1,-1,-1
00146,3,1445,147,278,229,0.97255504,-1,-1,-1
00146,3,439,156,145,102,0.9596674,-1,-1,-1
00146,3,1281,158,205,173,0.94089764,-1,-1,-1
00146,3,1250,197,64,59,0.9282032,-1,-1,-1
00146,3,339,258,436,393,0.9015709,-1,-1,-1
00146,3,929,149,138,117,0.8632083,-1,-1,-1
00146,8,1053,126,199,162,0.7926216,-1,-1,-1
00146,8,225,112,206,169,0.72074133,-1,-1,-1
00147,3,1445,147,278,229,0.9744145,-1,-1,-1
00147,3,440,155,146,100,0.9535155,-1,-1,-1
00147,3,1281,158,205,174,0.9445668,-1,-1,-1
00147,3,1250,197,63,60,0.92949307,-1,-1,-1
00147,3,345,262,434,389,0.9051499,-1,-1,-1
00147,3,929,149,138,117,0.8556782,-1,-1,-1
00147,8,1054,125,197,164,0.82032114,-1,-1,-1
00148,3,1445,147,279,229,0.9721519,-1,-1,-1
00148,3,440,155,146,100,0.95315105,-1,-1,-1
00148,3,1281,158,205,174,0.94343734,-1,-1,-1
00148,3,1250,197,64,60,0.92905885,-1,-1,-1
00148,3,339,258,436,393,0.9031071,-1,-1,-1
00148,3,929,149,138,117,0.85186565,-1,-1,-1
00148,8,1054,125,197,164,0.81282336,-1,-1,-1
00148,8,225,112,206,169,0.7185685,-1,-1,-1
00149,3,1445,147,279,229,0.9722054,-1,-1,-1
00149,3,440,155,146,100,0.9522684,-1,-1,-1
00149,3,1281,158,205,174,0.94177186,-1,-1,-1
00149,3,1250,197,64,59,0.92881256,-1,-1,-1
00149,3,339,258,436,393,0.9019425,-1,-1,-1
00149,3,929,149,137,117,0.84954494,-1,-1,-1
00149,8,1053,126,199,162,0.8012845,-1,-1,-1
00149,8,224,112,208,166,0.73637563,-1,-1,-1
00150,3,1445,147,279,229,0.9728205,-1,-1,-1
00150,3,440,155,146,100,0.95300496,-1,-1,-1
00150,3,1281,158,205,174,0.94252485,-1,-1,-1
00150,3,1250,197,64,59,0.92979604,-1,-1,-1
00150,3,339,258,436,393,0.9008119,-1,-1,-1
00150,3,929,149,137,117,0.8448312,-1,-1,-1
00150,8,1054,125,197,164,0.8172588,-1,-1,-1
00150,8,226,112,206,169,0.72048485,-1,-1,-1
00151,3,1446,149,276,226,0.9746345,-1,-1,-1
00151,3,438,155,150,106,0.946267,-1,-1,-1
00151,3,1280,159,207,173,0.9419004,-1,-1,-1
00151,3,1250,197,64,61,0.92935497,-1,-1,-1
00151,3,341,258,434,393,0.91433316,-1,-1,-1
00151,3,928,149,138,117,0.8297701,-1,-1,-1
00151,8,1053,126,198,161,0.8035857,-1,-1,-1
00151,8,221,114,213,167,0.77005225,-1,-1,-1
00152,3,382,329,520,462,0.9453704,-1,-1,-1
00152,3,934,161,99,102,0.9284982,-1,-1,-1
00152,3,1225,157,186,162,0.9273135,-1,-1,-1
00152,3,1376,139,259,225,0.9034458,-1,-1,-1
00152,8,224,118,229,182,0.889207,-1,-1,-1
00152,3,1704,232,40,17,0.8261465,-1,-1,-1
00153,3,384,346,525,465,0.96144384,-1,-1,-1
00153,3,1372,143,257,212,0.94910604,-1,-1,-1
00153,3,1218,152,183,168,0.9212746,-1,-1,-1
00153,8,225,119,232,183,0.87783784,-1,-1,-1
00153,3,934,162,96,101,0.87268955,-1,-1,-1
00153,3,457,136,161,118,0.7852075,-1,-1,-1
00153,8,1012,123,190,154,0.7117189,-1,-1,-1
00154,3,1355,144,258,210,0.9768838,-1,-1,-1
00154,3,1211,155,182,158,0.9448618,-1,-1,-1
00154,3,390,359,556,471,0.92595255,-1,-1,-1
00154,3,934,163,97,101,0.8713436,-1,-1,-1
00154,8,226,122,228,182,0.8246808,-1,-1,-1
00154,3,458,136,166,118,0.8154923,-1,-1,-1
00154,8,1016,125,184,148,0.77156407,-1,-1,-1
00155,3,1354,137,253,218,0.94866776,-1,-1,-1
00155,3,404,369,553,483,0.94449276,-1,-1,-1
00155,3,1203,154,179,157,0.9267737,-1,-1,-1
00155,3,1635,225,47,24,0.9163532,-1,-1,-1
00155,3,463,137,165,119,0.85181487,-1,-1,-1
00155,8,985,123,204,148,0.84456617,-1,-1,-1
00155,3,1706,233,40,16,0.8421821,-1,-1,-1
00156,3,405,379,579,494,0.96132,-1,-1,-1
00156,3,1346,141,246,208,0.92738706,-1,-1,-1
00156,3,934,160,87,106,0.8954083,-1,-1,-1
00156,3,470,136,163,120,0.8908033,-1,-1,-1
00156,3,1643,228,38,20,0.8867398,-1,-1,-1
00156,3,1704,230,34,19,0.8827325,-1,-1,-1
00156,3,1201,151,178,165,0.8474306,-1,-1,-1
00156,8,235,122,232,187,0.760175,-1,-1,-1
00157,3,1329,144,255,200,0.9733035,-1,-1,-1
00157,3,432,392,591,500,0.96975446,-1,-1,-1
00157,3,1193,148,176,160,0.9380369,-1,-1,-1
00157,3,934,161,82,101,0.8904223,-1,-1,-1
00157,3,469,137,164,119,0.79775494,-1,-1,-1
00157,8,242,122,231,189,0.75903004,-1,-1,-1
00157,8,965,121,224,154,0.7340484,-1,-1,-1
00158,3,1323,143,250,204,0.98236704,-1,-1,-1
00158,3,429,403,602,522,0.9568675,-1,-1,-1
00158,3,1186,150,180,159,0.941499,-1,-1,-1
00158,8,237,123,234,191,0.8636763,-1,-1,-1
00158,3,935,164,79,98,0.8374592,-1,-1,-1
00158,3,1637,230,43,17,0.7592614,-1,-1,-1
00158,3,477,138,160,122,0.7304721,-1,-1,-1
00159,3,443,420,613,529,0.9807042,-1,-1,-1
00159,3,1313,142,252,205,0.96943855,-1,-1,-1
00159,8,244,121,237,195,0.88758945,-1,-1,-1
00159,3,1173,146,179,160,0.87835175,-1,-1,-1
00159,3,938,163,72,98,0.8439375,-1,-1,-1
00159,8,982,120,191,153,0.7096767,-1,-1,-1
00159,3,478,136,166,121,0.7033896,-1,-1,-1
00160,3,1300,141,255,200,0.962125,-1,-1,-1
00160,3,448,419,648,572,0.958867,-1,-1,-1
00160,3,937,165,74,97,0.9319788,-1,-1,-1
00160,3,1168,144,176,162,0.91058654,-1,-1,-1
00160,8,249,126,235,195,0.847791,-1,-1,-1
00161,3,453,438,660,577,0.9590372,-1,-1,-1
00161,3,940,168,63,93,0.9581058,-1,-1,-1
00161,3,1298,137,248,204,0.94713736,-1,-1,-1
00161,3,1162,142,172,163,0.92313844,-1,-1,-1
00161,3,1535,205,54,40,0.7705064,-1,-1,-1
00161,3,488,136,164,126,0.77023274,-1,-1,-1
00161,8,248,131,248,199,0.74710196,-1,-1,-1
00162,3,453,438,661,577,0.95779765,-1,-1,-1
00162,3,940,168,63,93,0.95670027,-1,-1,-1
00162,3,1297,137,249,204,0.9472137,-1,-1,-1
00162,3,1162,142,172,162,0.9220529,-1,-1,-1
00162,3,1535,205,54,40,0.77510035,-1,-1,-1
00162,3,488,136,164,126,0.76504755,-1,-1,-1
00162,8,248,131,248,199,0.74353015,-1,-1,-1
00163,3,448,437,662,576,0.9579741,-1,-1,-1
00163,3,940,168,63,93,0.95616907,-1,-1,-1
00163,3,1298,138,248,203,0.9456303,-1,-1,-1
00163,3,1162,142,172,162,0.9169053,-1,-1,-1
00163,3,1535,205,54,40,0.7857778,-1,-1,-1
00163,3,488,136,164,126,0.7610061,-1,-1,-1
00163,8,248,131,248,199,0.7454977,-1,-1,-1
00164,3,940,168,63,93,0.956986,-1,-1,-1
00164,3,452,438,661,577,0.9565784,-1,-1,-1
00164,3,1297,137,249,204,0.9471858,-1,-1,-1
00164,3,1162,142,172,162,0.91831195,-1,-1,-1
00164,3,1535,205,54,40,0.7703806,-1,-1,-1
00164,3,488,136,164,126,0.7633511,-1,-1,-1
00164,8,248,131,248,199,0.74764955,-1,-1,-1
00165,3,448,437,661,575,0.9583768,-1,-1,-1
00165,3,940,168,63,93,0.9554467,-1,-1,-1
00165,3,1297,137,249,204,0.9472405,-1,-1,-1
00165,3,1162,142,172,162,0.9210533,-1,-1,-1
00165,3,488,136,164,126,0.75843406,-1,-1,-1
00165,3,1535,205,54,40,0.7579128,-1,-1,-1
00165,8,248,131,248,199,0.7490093,-1,-1,-1
00166,3,453,438,660,577,0.95811456,-1,-1,-1
00166,3,940,168,63,93,0.9548055,-1,-1,-1
00166,3,1297,138,249,203,0.9392991,-1,-1,-1
00166,3,1162,142,172,162,0.9224123,-1,-1,-1
00166,3,1535,205,54,40,0.77390105,-1,-1,-1
00166,3,488,136,164,126,0.75630593,-1,-1,-1
00166,8,248,131,248,198,0.74791557,-1,-1,-1
00167,3,453,438,660,577,0.9582334,-1,-1,-1
00167,3,940,168,63,93,0.9560033,-1,-1,-1
00167,3,1297,138,249,203,0.9337032,-1,-1,-1
00167,3,1162,142,172,162,0.9214755,-1,-1,-1
00167,3,1535,206,54,39,0.7694153,-1,-1,-1
00167,3,488,136,164,126,0.75959504,-1,-1,-1
00167,8,248,131,248,199,0.7495689,-1,-1,-1
00168,3,453,438,660,577,0.95823765,-1,-1,-1
00168,3,940,168,63,93,0.9559102,-1,-1,-1
00168,3,1297,138,249,203,0.93332124,-1,-1,-1
00168,3,1162,142,172,162,0.9202034,-1,-1,-1
00168,3,1535,205,54,40,0.77000564,-1,-1,-1
00168,3,488,136,164,126,0.76105434,-1,-1,-1
00168,8,248,131,248,199,0.74778324,-1,-1,-1
00169,3,940,167,63,94,0.9612269,-1,-1,-1
00169,3,448,439,663,572,0.95624405,-1,-1,-1
00169,3,1296,137,249,204,0.9402166,-1,-1,-1
00169,3,1162,142,172,162,0.9156132,-1,-1,-1
00169,3,1535,206,54,40,0.8287936,-1,-1,-1
00169,3,488,136,165,126,0.79228675,-1,-1,-1
00169,8,247,131,249,199,0.74610734,-1,-1,-1
00170,3,940,167,63,94,0.9618418,-1,-1,-1
00170,3,448,439,663,573,0.9564795,-1,-1,-1
00170,3,1296,137,250,204,0.94004476,-1,-1,-1
00170,3,1162,142,172,161,0.9153549,-1,-1,-1
00170,3,1535,206,54,40,0.8201966,-1,-1,-1
00170,3,488,136,165,126,0.79094094,-1,-1,-1
00170,8,247,131,249,199,0.74693745,-1,-1,-1
00171,3,940,167,63,94,0.9608126,-1,-1,-1
00171,3,448,439,663,573,0.9574998,-1,-1,-1
00171,3,1296,137,249,204,0.93338084,-1,-1,-1
00171,3,1162,142,172,161,0.9133824,-1,-1,-1
00171,3,1535,206,54,39,0.8183286,-1,-1,-1
00171,3,488,136,165,126,0.7879885,-1,-1,-1
00171,8,247,131,249,199,0.74167085,-1,-1,-1
00172,3,601,659,876,425,0.9945093,-1,-1,-1
00172,3,1221,140,226,187,0.9895404,-1,-1,-1
00172,3,1104,139,155,150,0.97745,-1,-1,-1
00172,3,536,147,174,141,0.8526697,-1,-1,-1
00172,3,956,134,171,134,0.8418936,-1,-1,-1
00172,8,266,139,278,231,0.82807875,-1,-1,-1
00173,3,603,681,927,403,0.99374855,-1,-1,-1
00173,3,1215,140,226,181,0.989176,-1,-1,-1
00173,3,1101,136,154,151,0.982726,-1,-1,-1
00173,3,538,146,177,145,0.9011136,-1,-1,-1
00173,3,953,134,164,134,0.89507604,-1,-1,-1
00173,8,275,141,276,236,0.845966,-1,-1,-1
00174,3,1206,138,227,183,0.9927089,-1,-1,-1
00174,3,1095,136,154,148,0.9861268,-1,-1,-1
00174,3,605,705,940,375,0.9707217,-1,-1,-1
00174,3,540,147,183,144,0.9409194,-1,-1,-1
00174,3,945,136,167,131,0.9262441,-1,-1,-1
00174,8,273,142,284,240,0.7787828,-1,-1,-1
00175,3,1200,138,225,183,0.98882025,-1,-1,-1
00175,3,1090,139,153,140,0.94634366,-1,-1,-1
00175,3,628,751,1012,328,0.93576884,-1,-1,-1
00175,3,549,152,178,138,0.9153546,-1,-1,-1
00175,3,946,138,167,130,0.8577987,-1,-1,-1
00175,8,283,145,280,240,0.81631786,-1,-1,-1
00176,3,1195,139,222,182,0.98764205,-1,-1,-1
00176,3,1084,142,151,139,0.9824923,-1,-1,-1
00176,3,660,783,1023,293,0.97815984,-1,-1,-1
00176,3,553,150,177,142,0.95517415,-1,-1,-1
00176,3,939,138,170,130,0.9094875,-1,-1,-1
00176,8,285,144,286,246,0.72439563,-1,-1,-1
00177,3,1192,138,216,181,0.9880796,-1,-1,-1
00177,3,741,796,961,283,0.9790613,-1,-1,-1
00177,3,557,153,181,144,0.9770129,-1,-1,-1
00177,3,1082,140,151,142,0.9560137,-1,-1,-1
00177,3,941,139,165,128,0.93572855,-1,-1,-1
00178,3,767,822,901,256,0.9896473,-1,-1,-1
00178,3,861,204,101,55,0.9854109,-1,-1,-1
00178,3,566,153,177,146,0.9840686,-1,-1,-1
00178,3,1189,136,211,182,0.9823271,-1,-1,-1
00178,3,1078,138,152,143,0.9563992,-1,-1,-1
00178,3,946,138,157,128,0.8965343,-1,-1,-1
00179,3,785,849,941,228,0.98677444,-1,-1,-1
00179,3,567,155,179,145,0.97737795,-1,-1,-1
00179,3,1188,135,208,181,0.97601444,-1,-1,-1
00179,3,1076,137,147,144,0.9528295,-1,-1,-1
00179,3,835,189,140,76,0.85521775,-1,-1,-1
00179,8,285,163,306,249,0.83364785,-1,-1,-1
00179,3,959,141,140,124,0.75449663,-1,-1,-1
00180,3,864,898,898,178,0.99156827,-1,-1,-1
00180,3,567,156,183,145,0.9696139,-1,-1,-1
00180,3,1180,134,210,180,0.9583618,-1,-1,-1
00180,3,1073,136,149,143,0.9498268,-1,-1,-1
00180,3,959,143,133,123,0.8761548,-1,-1,-1
00180,8,288,164,312,256,0.8405423,-1,-1,-1
00180,3,803,179,162,87,0.70248324,-1,-1,-1
00181,3,1165,133,214,180,0.9810625,-1,-1,-1
00181,3,1065,140,146,138,0.9792366,-1,-1,-1
00181,3,579,158,176,143,0.96835715,-1,-1,-1
00181,3,909,930,945,151,0.95303994,-1,-1,-1
00181,3,949,146,143,123,0.92646235,-1,-1,-1
00181,3,774,172,180,92,0.7348638,-1,-1,-1
00181,8,295,169,309,260,0.70594066,-1,-1,-1
00182,3,1061,144,144,137,0.97568274,-1,-1,-1
00182,3,1164,135,216,175,0.9544678,-1,-1,-1
00182,3,941,146,147,117,0.95092684,-1,-1,-1
00182,3,577,159,183,146,0.93464977,-1,-1,-1
00182,3,951,973,936,107,0.71811056,-1,-1,-1
00183,3,1060,139,145,134,0.97910017,-1,-1,-1
00183,3,583,159,181,147,0.9670392,-1,-1,-1
00183,3,935,143,156,124,0.9668391,-1,-1,-1
00183,3,1161,133,213,175,0.96150386,-1,-1,-1
00184,3,587,161,182,150,0.97445834,-1,-1,-1
00184,3,1054,138,148,137,0.9625299,-1,-1,-1
00184,3,1161,134,207,174,0.94631815,-1,-1,-1
00184,3,937,148,143,119,0.9324483,-1,-1,-1
00184,3,740,175,205,82,0.8306064,-1,-1,-1
00184,8,298,179,333,273,0.7893997,-1,-1,-1
00184,3,913,182,44,31,0.72832155,-1,-1,-1
00185,3,1155,132,211,170,0.97692966,-1,-1,-1
00185,3,932,150,143,117,0.9680914,-1,-1,-1
00185,3,589,161,190,150,0.96609104,-1,-1,-1
00185,3,1050,137,143,138,0.9655276,-1,-1,-1
00185,8,313,184,325,276,0.84366673,-1,-1,-1
00186,3,936,149,135,114,0.97801,-1,-1,-1
00186,3,1150,129,206,176,0.9676432,-1,-1,-1
00186,3,1050,134,139,140,0.94955015,-1,-1,-1
00186,3,596,161,185,150,0.9486215,-1,-1,-1
00186,8,308,188,341,283,0.8679689,-1,-1,-1
00187,3,939,150,130,115,0.98059756,-1,-1,-1
00187,3,1048,134,140,138,0.9368275,-1,-1,-1
00187,3,1144,128,200,178,0.93206686,-1,-1,-1
00187,3,599,164,185,155,0.87485105,-1,-1,-1
00188,3,936,150,133,116,0.97955704,-1,-1,-1
00188,3,1144,130,206,170,0.9445819,-1,-1,-1
00188,3,1051,137,135,136,0.9220827,-1,-1,-1
00188,3,597,165,190,159,0.9092316,-1,-1,-1
00188,8,307,196,360,298,0.7099385,-1,-1,-1
00189,3,933,149,140,119,0.9788472,-1,-1,-1
00189,3,1144,130,206,170,0.94467676,-1,-1,-1
00189,3,1044,135,146,136,0.9314164,-1,-1,-1
00189,3,598,165,190,159,0.91110206,-1,-1,-1
00189,8,307,197,361,297,0.7075826,-1,-1,-1
00190,3,933,149,140,119,0.97959614,-1,-1,-1
00190,3,1144,130,206,170,0.9449754,-1,-1,-1
00190,3,1043,139,139,132,0.9210163,-1,-1,-1
00190,3,598,165,190,159,0.9108501,-1,-1,-1
00190,8,307,197,361,297,0.7121223,-1,-1,-1
00191,3,936,150,132,116,0.9805008,-1,-1,-1
00191,3,1148,132,201,168,0.9619412,-1,-1,-1
00191,3,1043,135,145,136,0.9379983,-1,-1,-1
00191,3,602,163,186,160,0.9181904,-1,-1,-1
00192,3,1131,127,193,172,0.97166157,-1,-1,-1
00192,3,930,152,122,112,0.96136624,-1,-1,-1
00192,3,1028,135,141,135,0.9226068,-1,-1,-1
00192,8,560,144,243,191,0.7757463,-1,-1,-1
00192,8,538,140,221,77,0.77038157,-1,-1,-1
00192,8,327,207,380,322,0.75106716,-1,-1,-1
00193,3,929,148,115,116,0.9403215,-1,-1,-1
00193,3,1126,125,187,176,0.9262736,-1,-1,-1
00193,3,1028,137,136,134,0.86986524,-1,-1,-1
00193,3,606,170,199,168,0.82036924,-1,-1,-1
00193,8,516,138,228,83,0.73740494,-1,-1,-1
00193,8,334,209,380,331,0.7319767,-1,-1,-1
00194,3,1853,432,68,260,0.99238443,-1,-1,-1
00194,3,1127,128,186,172,0.910952,-1,-1,-1
00194,8,499,133,228,89,0.8979309,-1,-1,-1
00194,3,1025,139,136,131,0.89666075,-1,-1,-1
00194,3,922,151,127,113,0.8805712,-1,-1,-1
00194,8,329,205,400,342,0.84373325,-1,-1,-1
00194,3,618,178,190,160,0.72461677,-1,-1,-1
00195,3,1818,351,103,326,0.9893497,-1,-1,-1
00195,3,923,153,119,111,0.948506,-1,-1,-1
00195,8,344,215,393,342,0.9177185,-1,-1,-1
00195,3,1024,137,132,132,0.89524037,-1,-1,-1
00195,3,1121,128,191,171,0.88145953,-1,-1,-1
00195,8,489,126,212,105,0.86706555,-1,-1,-1
00195,3,628,179,182,163,0.7095137,-1,-1,-1
00196,3,1773,334,147,343,0.95080626,-1,-1,-1
00196,3,1025,137,120,128,0.9290406,-1,-1,-1
00196,8,469,121,220,111,0.9224435,-1,-1,-1
00196,3,1116,124,194,169,0.9154451,-1,-1,-1
00196,3,924,152,120,109,0.9070244,-1,-1,-1
00196,8,352,220,396,346,0.8956133,-1,-1,-1
00196,3,617,183,194,162,0.79921657,-1,-1,-1
00197,8,459,113,210,130,0.97514546,-1,-1,-1
00197,3,1114,125,193,167,0.9390804,-1,-1,-1
00197,3,1019,140,125,125,0.9292914,-1,-1,-1
00197,3,922,155,120,107,0.9139683,-1,-1,-1
00197,8,347,223,422,359,0.85783446,-1,-1,-1
00197,3,618,185,196,173,0.85471183,-1,-1,-1
00197,3,1730,324,191,339,0.8485901,-1,-1,-1
00198,8,441,112,211,144,0.97530454,-1,-1,-1
00198,3,1695,306,226,339,0.9615805,-1,-1,-1
00198,3,1019,133,120,133,0.9614606,-1,-1,-1
00198,3,921,154,119,108,0.94775534,-1,-1,-1
00198,3,1105,124,196,169,0.9403005,-1,-1,-1
00198,3,627,187,188,176,0.8671389,-1,-1,-1
00198,8,351,194,450,402,0.8430311,-1,-1,-1
00199,3,1664,294,257,336,0.97776353,-1,-1,-1
00199,3,1017,137,117,130,0.9597295,-1,-1,-1
00199,3,1109,124,181,170,0.9579268,-1,-1,-1
00199,3,924,151,114,110,0.93969274,-1,-1,-1
00199,3,624,187,195,185,0.9240409,-1,-1,-1
00199,8,443,105,196,157,0.9077906,-1,-1,-1
00199,8,347,227,461,377,0.7934127,-1,-1,-1
00200,3,1634,289,285,332,0.9827308,-1,-1,-1
00200,3,920,155,115,108,0.98095304,-1,-1,-1
00200,3,618,193,212,188,0.9730546,-1,-1,-1
00200,3,1009,140,126,126,0.96662873,-1,-1,-1
00200,3,1106,125,185,168,0.9625151,-1,-1,-1
00200,8,440,108,187,144,0.755547,-1,-1,-1
00200,8,348,236,473,388,0.73650676,-1,-1,-1
00201,3,919,156,113,107,0.9828788,-1,-1,-1
00201,3,1603,287,317,322,0.9691807,-1,-1,-1
00201,3,1007,139,126,127,0.9679129,-1,-1,-1
00201,3,1105,127,184,166,0.94569343,-1,-1,-1
00201,3,620,194,226,192,0.9161472,-1,-1,-1
00201,8,436,105,184,154,0.85951924,-1,-1,-1
00202,3,918,157,114,106,0.98333377,-1,-1,-1
00202,3,1603,287,317,322,0.97104216,-1,-1,-1
00202,3,1007,136,126,128,0.96437943,-1,-1,-1
00202,3,1105,127,184,166,0.9475928,-1,-1,-1
00202,3,620,194,226,192,0.9169785,-1,-1,-1
00202,8,435,107,184,149,0.8578426,-1,-1,-1
00203,3,918,157,114,106,0.9835843,-1,-1,-1
00203,3,1603,287,317,323,0.9699485,-1,-1,-1
00203,3,1006,139,127,127,0.96867764,-1,-1,-1
00203,3,1105,127,184,166,0.9456698,-1,-1,-1
00203,3,620,194,226,192,0.9171465,-1,-1,-1
00203,8,435,106,184,150,0.85752726,-1,-1,-1
00204,3,919,157,113,106,0.98354846,-1,-1,-1
00204,3,1603,287,317,323,0.97095406,-1,-1,-1
00204,3,1007,139,126,127,0.96868336,-1,-1,-1
00204,3,1105,127,184,166,0.94564897,-1,-1,-1
00204,3,620,194,226,192,0.91469353,-1,-1,-1
00204,8,435,107,183,149,0.8635427,-1,-1,-1
00205,3,919,157,113,106,0.9821547,-1,-1,-1
00205,3,1603,287,317,322,0.9684207,-1,-1,-1
00205,3,1007,140,126,127,0.95927185,-1,-1,-1
00205,3,1104,128,185,165,0.9438269,-1,-1,-1
00205,3,613,194,231,191,0.9173478,-1,-1,-1
00205,8,434,107,184,149,0.8333148,-1,-1,-1
00205,3,366,237,470,403,0.71136194,-1,-1,-1
00206,3,918,157,114,106,0.981935,-1,-1,-1
00206,3,1006,139,127,127,0.9698611,-1,-1,-1
00206,3,1602,285,317,323,0.9660687,-1,-1,-1
00206,3,1104,128,185,165,0.94653356,-1,-1,-1
00206,3,620,194,226,191,0.91551757,-1,-1,-1
00206,8,434,107,184,150,0.8311824,-1,-1,-1
00206,3,366,237,470,402,0.70909613,-1,-1,-1
00207,3,918,158,114,105,0.9818272,-1,-1,-1
00207,3,1602,285,317,323,0.9661936,-1,-1,-1
00207,3,1007,140,126,126,0.9605367,-1,-1,-1
00207,3,1104,127,185,166,0.9475329,-1,-1,-1
00207,3,620,194,226,191,0.914716,-1,-1,-1
00207,8,434,107,184,150,0.8294866,-1,-1,-1
00207,3,366,238,470,401,0.71203846,-1,-1,-1
00208,3,919,157,113,107,0.9820541,-1,-1,-1
00208,3,1602,285,317,323,0.96486706,-1,-1,-1
00208,3,1007,140,126,126,0.96053624,-1,-1,-1
00208,3,1104,128,185,165,0.9494767,-1,-1,-1
00208,3,620,194,226,191,0.91389626,-1,-1,-1
00208,8,434,107,184,150,0.8332663,-1,-1,-1
00208,3,366,238,470,402,0.7046056,-1,-1,-1
00209,3,919,157,113,107,0.9822406,-1,-1,-1
00209,3,1602,285,317,323,0.96479225,-1,-1,-1
00209,3,1007,140,126,126,0.96053636,-1,-1,-1
00209,3,1104,128,185,165,0.9496698,-1,-1,-1
00209,3,620,194,226,191,0.9136758,-1,-1,-1
00209,8,434,107,184,150,0.8358467,-1,-1,-1
00209,3,366,238,470,402,0.70197624,-1,-1,-1
00210,3,920,157,112,106,0.98272115,-1,-1,-1
00210,3,1602,285,317,323,0.9639047,-1,-1,-1
00210,3,1007,139,126,127,0.9606667,-1,-1,-1
00210,3,1104,128,185,165,0.9494303,-1,-1,-1
00210,3,620,193,226,192,0.9114994,-1,-1,-1
00210,8,434,107,184,150,0.8318863,-1,-1,-1
00210,3,366,238,470,402,0.7018557,-1,-1,-1
00211,3,919,157,113,107,0.98268616,-1,-1,-1
00211,3,1603,287,317,322,0.9661982,-1,-1,-1
00211,3,1007,139,126,127,0.96087426,-1,-1,-1
00211,3,1104,128,185,165,0.9479814,-1,-1,-1
00211,3,620,193,226,192,0.9117237,-1,-1,-1
00211,8,434,107,184,150,0.8320526,-1,-1,-1
00211,3,366,237,470,403,0.7003426,-1,-1,-1
00212,3,917,163,96,100,0.97912276,-1,-1,-1
00212,3,576,243,277,131,0.9784616,-1,-1,-1
00212,3,1333,229,363,270,0.9774705,-1,-1,-1
00212,3,455,317,635,541,0.9173864,-1,-1,-1
00212,3,994,145,102,118,0.9129418,-1,-1,-1
00212,3,1077,123,178,159,0.8277437,-1,-1,-1
00213,3,918,163,92,99,0.9806683,-1,-1,-1
00213,3,569,255,283,136,0.9802027,-1,-1,-1
00213,3,1311,221,357,267,0.961428,-1,-1,-1
00213,3,1849,475,72,233,0.95645654,-1,-1,-1
00213,3,994,144,101,120,0.9332282,-1,-1,-1
00213,3,440,333,704,557,0.90917546,-1,-1,-1
00213,3,1072,124,178,158,0.79680145,-1,-1,-1
00213,8,436,81,171,168,0.7837955,-1,-1,-1
00214,3,1806,416,113,289,0.9913231,-1,-1,-1
00214,3,575,257,295,155,0.9837481,-1,-1,-1
00214,3,924,163,87,99,0.9836051,-1,-1,-1
00214,3,1294,217,348,264,0.9813471,-1,-1,-1
00214,3,989,142,103,125,0.9065743,-1,-1,-1
00214,8,437,72,176,182,0.83518505,-1,-1,-1
00214,3,1063,124,186,157,0.8132552,-1,-1,-1
00214,3,484,358,664,554,0.7844625,-1,-1,-1
00215,3,1766,391,151,294,0.9884681,-1,-1,-1
00215,3,923,163,88,96,0.98257154,-1,-1,-1
00215,3,558,259,314,215,0.9749713,-1,-1,-1
00215,3,1274,207,343,264,0.9564623,-1,-1,-1
00215,3,989,144,100,119,0.9469297,-1,-1,-1
00215,8,438,75,175,177,0.8793705,-1,-1,-1
00215,3,484,368,682,586,0.8703951,-1,-1,-1
00215,3,1067,122,179,157,0.75045115,-1,-1,-1
00216,3,563,262,312,213,0.994948,-1,-1,-1
00216,3,923,162,87,98,0.9826476,-1,-1,-1
00216,3,1728,374,192,304,0.98147696,-1,-1,-1
00216,3,1255,204,337,257,0.96705294,-1,-1,-1
00216,8,439,47,181,205,0.96497715,-1,-1,-1
00216,3,501,393,689,592,0.9553876,-1,-1,-1
00216,3,985,148,100,114,0.95526034,-1,-1,-1
00217,3,1242,198,330,255,0.9941444,-1,-1,-1
00217,3,924,165,80,94,0.9841876,-1,-1,-1
00217,3,572,273,305,227,0.975227,-1,-1,-1
00217,3,983,149,99,115,0.9686854,-1,-1,-1
00217,8,441,47,182,204,0.9654476,-1,-1,-1
00217,3,1691,360,230,295,0.96061194,-1,-1,-1
00217,3,520,397,715,612,0.8759491,-1,-1,-1
00217,3,1226,222,43,62,0.7900845,-1,-1,-1
00218,3,1225,192,318,253,0.9880782,-1,-1,-1
00218,3,1662,348,258,294,0.98748404,-1,-1,-1
00218,3,577,282,312,230,0.98417085,-1,-1,-1
00218,3,923,166,81,92,0.9793937,-1,-1,-1
00218,8,444,48,183,202,0.96744853,-1,-1,-1
00218,3,982,153,99,110,0.95457995,-1,-1,-1
00218,3,510,417,761,627,0.87927586,-1,-1,-1
00219,3,1204,190,317,248,0.9945622,-1,-1,-1
00219,8,447,41,182,207,0.9816821,-1,-1,-1
00219,3,924,165,80,95,0.98120624,-1,-1,-1
00219,3,1634,337,285,292,0.97202647,-1,-1,-1
00219,3,580,291,317,241,0.9691767,-1,-1,-1
00219,3,981,150,94,114,0.9600721,-1,-1,-1
00219,3,526,401,784,675,0.9172228,-1,-1,-1
00219,3,1057,121,176,154,0.71656835,-1,-1,-1
00220,3,1191,188,310,246,0.9936918,-1,-1,-1
00220,3,1601,331,317,284,0.9841553,-1,-1,-1
00220,3,577,289,334,251,0.9830872,-1,-1,-1
00220,3,921,167,87,90,0.97361326,-1,-1,-1
00220,8,448,49,183,200,0.95176864,-1,-1,-1
00220,3,531,443,809,622,0.9355216,-1,-1,-1
00220,3,979,160,90,106,0.9233537,-1,-1,-1
00221,3,1575,324,346,280,0.98925775,-1,-1,-1
00221,3,582,296,332,246,0.988567,-1,-1,-1
00221,3,923,165,80,97,0.98010385,-1,-1,-1
00221,3,1173,185,308,244,0.9729847,-1,-1,-1
00221,3,981,151,84,114,0.962499,-1,-1,-1
00221,3,570,483,809,583,0.9410804,-1,-1,-1
00221,8,450,48,187,202,0.93780303,-1,-1,-1
00222,3,587,297,328,261,0.9898863,-1,-1,-1
00222,3,1549,322,372,274,0.98954916,-1,-1,-1
00222,3,1161,184,300,238,0.9886361,-1,-1,-1
00222,3,922,166,79,94,0.9821483,-1,-1,-1
00222,3,571,515,849,549,0.9772011,-1,-1,-1
00222,3,980,152,89,111,0.9630771,-1,-1,-1
00222,8,452,46,186,204,0.9283258,-1,-1,-1
00223,3,587,301,344,270,0.9960651,-1,-1,-1
00223,3,1522,314,382,270,0.99268407,-1,-1,-1
00223,3,1146,174,293,233,0.99260736,-1,-1,-1
00223,3,922,166,78,91,0.97892386,-1,-1,-1
00223,3,978,154,88,110,0.95795983,-1,-1,-1
00223,3,613,536,864,530,0.94386864,-1,-1,-1
00223,8,454,47,185,204,0.8822663,-1,-1,-1
00223,3,1051,124,171,141,0.7753543,-1,-1,-1
00224,3,590,314,350,267,0.99549943,-1,-1,-1
00224,3,1498,310,375,268,0.987628,-1,-1,-1
00224,3,1130,174,297,230,0.98711956,-1,-1,-1
00224,3,926,166,75,94,0.98036915,-1,-1,-1
00224,3,978,155,85,110,0.9749815,-1,-1,-1
00224,8,456,44,189,211,0.9256113,-1,-1,-1
00224,3,634,548,903,519,0.92352116,-1,-1,-1
00224,3,1878,533,41,223,0.9121929,-1,-1,-1
00224,3,1043,124,168,146,0.79311997,-1,-1,-1
00225,3,590,314,350,267,0.99555606,-1,-1,-1
00225,3,1498,310,375,268,0.9884262,-1,-1,-1
00225,3,1130,174,297,230,0.9869912,-1,-1,-1
00225,3,926,166,75,94,0.9796379,-1,-1,-1
00225,3,978,155,84,110,0.9730568,-1,-1,-1
00225,8,456,43,189,212,0.9290142,-1,-1,-1
00225,3,633,548,903,518,0.9239652,-1,-1,-1
00225,3,1878,534,41,222,0.9084612,-1,-1,-1
00225,3,1042,124,169,146,0.7851373,-1,-1,-1
00226,3,590,314,350,268,0.9954993,-1,-1,-1
00226,3,1498,310,376,268,0.9891782,-1,-1,-1
00226,3,1130,173,297,231,0.988274,-1,-1,-1
00226,3,926,166,75,94,0.98059237,-1,-1,-1
00226,3,978,156,84,109,0.9730871,-1,-1,-1
00226,8,457,42,188,213,0.9309503,-1,-1,-1
00226,3,633,548,903,519,0.9262991,-1,-1,-1
00226,3,1878,535,41,221,0.9078124,-1,-1,-1
00226,3,1040,125,171,145,0.82325596,-1,-1,-1
00227,3,590,314,350,267,0.99553466,-1,-1,-1
00227,3,1498,310,376,268,0.9886673,-1,-1,-1
00227,3,1130,174,297,230,0.98769766,-1,-1,-1
00227,3,926,166,75,94,0.980589,-1,-1,-1
00227,3,978,156,84,109,0.9734666,-1,-1,-1
00227,8,457,42,188,213,0.9301896,-1,-1,-1
00227,3,632,548,904,519,0.92455155,-1,-1,-1
00227,3,1878,536,41,220,0.9114425,-1,-1,-1
00227,3,1041,125,175,140,0.78940576,-1,-1,-1
00228,3,590,314,350,267,0.9956201,-1,-1,-1
00228,3,1498,310,376,268,0.98864615,-1,-1,-1
00228,3,1130,174,297,230,0.98755395,-1,-1,-1
00228,3,926,166,75,94,0.98020256,-1,-1,-1
00228,3,978,156,84,109,0.973368,-1,-1,-1
00228,8,457,42,188,213,0.92875254,-1,-1,-1
00228,3,633,548,903,519,0.92498994,-1,-1,-1
00228,3,1878,536,41,220,0.9123714,-1,-1,-1
00228,3,1041,125,175,141,0.79225594,-1,-1,-1
00229,3,589,314,352,267,0.995411,-1,-1,-1
00229,3,1499,310,375,267,0.9882387,-1,-1,-1
00229,3,1130,173,296,231,0.98724127,-1,-1,-1
00229,3,926,166,74,93,0.98008335,-1,-1,-1
00229,3,978,155,84,110,0.9715064,-1,-1,-1
00229,3,632,548,904,519,0.9291393,-1,-1,-1
00229,8,456,41,190,214,0.927543,-1,-1,-1
00229,3,1878,536,41,220,0.8953624,-1,-1,-1
00229,3,1040,124,169,145,0.81850845,-1,-1,-1
00230,3,589,314,352,267,0.99541014,-1,-1,-1
00230,3,1499,310,375,268,0.98849607,-1,-1,-1
00230,3,1130,173,297,231,0.9873093,-1,-1,-1
00230,3,926,166,75,93,0.98043984,-1,-1,-1
00230,3,978,155,83,110,0.97090966,-1,-1,-1
00230,3,633,548,903,519,0.9296794,-1,-1,-1
00230,8,456,40,190,215,0.92741126,-1,-1,-1
00230,3,1878,536,41,220,0.8981981,-1,-1,-1
00230,3,1039,125,176,141,0.826288,-1,-1,-1
00231,3,592,313,350,267,0.99550533,-1,-1,-1
00231,3,1131,173,295,230,0.9894002,-1,-1,-1
00231,3,1498,309,376,269,0.98805934,-1,-1,-1
00231,3,926,166,76,94,0.9766485,-1,-1,-1
00231,3,977,156,84,109,0.97042894,-1,-1,-1
00231,3,621,540,916,535,0.95518535,-1,-1,-1
00231,8,456,39,187,215,0.9186004,-1,-1,-1
00231,3,1878,530,41,224,0.895265,-1,-1,-1
00231,3,1038,123,173,148,0.85273373,-1,-1,-1
00232,3,1599,344,321,295,0.9977654,-1,-1,-1
00232,3,620,385,412,336,0.9969318,-1,-1,-1
00232,3,1332,256,317,232,0.99645054,-1,-1,-1
00232,3,931,789,986,286,0.9861233,-1,-1,-1
00232,3,926,172,63,84,0.9684009,-1,-1,-1
00232,3,956,157,78,106,0.96750087,-1,-1,-1
00232,3,1048,149,258,211,0.95424646,-1,-1,-1
00232,8,474,44,200,222,0.9134379,-1,-1,-1
00233,3,1575,340,345,291,0.9966415,-1,-1,-1
00233,3,614,400,430,339,0.9958632,-1,-1,-1
00233,3,1319,251,309,227,0.99548197,-1,-1,-1
00233,3,1015,832,906,243,0.9902665,-1,-1,-1
00233,3,929,173,58,84,0.9650202,-1,-1,-1
00233,3,1039,150,254,208,0.95262533,-1,-1,-1
00233,3,954,166,77,98,0.95023423,-1,-1,-1
00233,8,477,42,204,236,0.9193886,-1,-1,-1
00234,3,1300,249,304,221,0.9969008,-1,-1,-1
00234,3,1556,331,365,289,0.99641776,-1,-1,-1
00234,3,619,410,435,340,0.99423367,-1,-1,-1
00234,3,957,170,77,92,0.980312,-1,-1,-1
00234,3,1023,143,256,215,0.96093184,-1,-1,-1
00234,3,929,173,53,84,0.9429865,-1,-1,-1
00234,3,1037,869,884,206,0.93561405,-1,-1,-1
00234,8,476,45,212,232,0.91347855,-1,-1,-1
00234,3,976,113,212,141,0.8191604,-1,-1,-1
00235,3,1289,245,292,213,0.99663794,-1,-1,-1
00235,3,618,421,450,360,0.9956518,-1,-1,-1
00235,3,959,173,73,90,0.9899877,-1,-1,-1
00235,3,1527,329,387,286,0.98896563,-1,-1,-1
00235,3,1014,140,251,213,0.9714256,-1,-1,-1
00235,3,930,169,62,86,0.9163411,-1,-1,-1
00235,3,1153,902,768,177,0.9105325,-1,-1,-1
00235,8,483,45,206,234,0.79777527,-1,-1,-1
00235,3,1006,124,186,102,0.7775834,-1,-1,-1
00236,3,626,436,459,358,0.9963922,-1,-1,-1
00236,3,1498,322,395,275,0.9953955,-1,-1,-1
00236,3,1264,234,296,218,0.9901509,-1,-1,-1
00236,3,955,180,79,84,0.9855715,-1,-1,-1
00236,3,999,144,250,203,0.95331806,-1,-1,-1
00236,8,485,47,211,236,0.8647256,-1,-1,-1
00237,3,1249,232,289,210,0.99644166,-1,-1,-1
00237,3,1475,316,385,273,0.9961643,-1,-1,-1
00237,3,628,451,479,373,0.9957788,-1,-1,-1
00237,3,945,163,84,97,0.98575646,-1,-1,-1
00237,3,992,133,251,209,0.96164024,-1,-1,-1
00237,8,490,47,209,236,0.8898546,-1,-1,-1
00238,3,1458,306,375,270,0.9964257,-1,-1,-1
00238,3,1234,227,282,210,0.99480766,-1,-1,-1
00238,3,628,465,493,384,0.99154025,-1,-1,-1
00238,3,941,160,81,102,0.9889243,-1,-1,-1
00238,3,986,124,249,215,0.9470732,-1,-1,-1
00238,8,492,50,211,233,0.92085373,-1,-1,-1
00239,3,1221,221,281,206,0.99474406,-1,-1,-1
00239,3,1434,303,366,265,0.99390346,-1,-1,-1
00239,3,639,480,495,395,0.992908,-1,-1,-1
00239,3,939,158,79,102,0.9916333,-1,-1,-1
00239,3,979,126,242,209,0.9835666,-1,-1,-1
00239,8,493,49,213,235,0.8867217,-1,-1,-1
00240,3,1415,301,357,257,0.99720347,-1,-1,-1
00240,3,651,498,510,398,0.9949995,-1,-1,-1
00240,3,1212,218,269,207,0.9923578,-1,-1,-1
00240,3,957,128,250,201,0.9704982,-1,-1,-1
00240,3,941,168,57,94,0.95374674,-1,-1,-1
00240,8,493,44,219,242,0.8471362,-1,-1,-1
00240,3,929,183,38,73,0.7391917,-1,-1,-1
00241,3,658,508,521,420,0.9967206,-1,-1,-1
00241,3,1192,216,266,201,0.99580437,-1,-1,-1
00241,3,1398,298,352,249,0.99417406,-1,-1,-1
00241,3,940,132,257,195,0.9503226,-1,-1,-1
00241,3,930,178,52,75,0.9495249,-1,-1,-1
00241,8,492,51,228,233,0.8827732,-1,-1,-1
00242,3,658,508,521,420,0.99675363,-1,-1,-1
00242,3,1192,216,266,201,0.9957526,-1,-1,-1
00242,3,1398,298,352,249,0.9942213,-1,-1,-1
00242,3,930,178,53,75,0.9491571,-1,-1,-1
00242,3,945,128,255,203,0.944942,-1,-1,-1
00242,8,497,45,220,241,0.8850484,-1,-1,-1
00243,3,658,508,521,420,0.99672925,-1,-1,-1
00243,3,1192,216,266,201,0.9957469,-1,-1,-1
00243,3,1398,298,352,249,0.9942358,-1,-1,-1
00243,3,930,178,53,75,0.9499796,-1,-1,-1
00243,3,940,132,257,196,0.94774824,-1,-1,-1
00243,8,492,51,228,233,0.8844531,-1,-1,-1
00244,3,658,508,522,420,0.9966934,-1,-1,-1
00244,3,1192,216,266,201,0.9957295,-1,-1,-1
00244,3,1398,298,352,249,0.994358,-1,-1,-1
00244,3,930,178,53,75,0.9502027,-1,-1,-1
00244,3,940,132,257,195,0.9498364,-1,-1,-1
00244,8,492,52,228,230,0.87038356,-1,-1,-1
00245,3,658,508,521,420,0.99673647,-1,-1,-1
00245,3,1192,216,266,201,0.9958527,-1,-1,-1
00245,3,1398,298,352,249,0.9945716,-1,-1,-1
00245,3,930,178,53,75,0.9491922,-1,-1,-1
00245,3,940,132,257,195,0.94837624,-1,-1,-1
00245,8,492,51,228,233,0.8835671,-1,-1,-1
00246,3,658,508,521,420,0.99678767,-1,-1,-1
00246,3,1192,216,266,201,0.9958406,-1,-1,-1
00246,3,1398,298,352,249,0.99453014,-1,-1,-1
00246,3,940,132,256,196,0.9478626,-1,-1,-1
00246,3,930,178,52,75,0.946729,-1,-1,-1
00246,8,492,51,228,232,0.87266016,-1,-1,-1
00247,3,658,508,521,420,0.99677604,-1,-1,-1
00247,3,1192,216,266,201,0.9957694,-1,-1,-1
00247,3,1398,298,352,249,0.99431723,-1,-1,-1
00247,3,930,178,52,75,0.94720984,-1,-1,-1
00247,3,940,132,256,196,0.94717115,-1,-1,-1
00247,8,492,50,229,234,0.88272697,-1,-1,-1
00248,3,658,508,521,420,0.99678636,-1,-1,-1
00248,3,1192,216,266,201,0.9957558,-1,-1,-1
00248,3,1398,298,352,249,0.99425924,-1,-1,-1
00248,3,940,132,256,196,0.9495483,-1,-1,-1
00248,3,930,178,52,75,0.94633996,-1,-1,-1
00248,8,492,51,228,233,0.88008815,-1,-1,-1
00249,3,658,508,521,420,0.9967907,-1,-1,-1
00249,3,1192,216,266,201,0.9957573,-1,-1,-1
00249,3,1398,298,352,249,0.9941875,-1,-1,-1
00249,3,940,132,256,196,0.95021003,-1,-1,-1
00249,3,930,178,52,74,0.9473704,-1,-1,-1
00249,8,492,51,228,233,0.8790188,-1,-1,-1
00250,3,658,508,521,420,0.9968016,-1,-1,-1
00250,3,1192,216,266,201,0.99574137,-1,-1,-1
00250,3,1398,298,352,249,0.9942814,-1,-1,-1
00250,3,940,132,256,196,0.9503619,-1,-1,-1
00250,3,930,178,52,74,0.9473354,-1,-1,-1
00250,8,492,50,229,234,0.8802802,-1,-1,-1
00251,3,658,508,521,420,0.9967891,-1,-1,-1
00251,3,1192,216,266,201,0.9958055,-1,-1,-1
00251,3,1398,298,352,249,0.9944853,-1,-1,-1
00251,3,940,132,256,196,0.9505289,-1,-1,-1
00251,3,930,178,52,74,0.9489249,-1,-1,-1
00251,8,492,50,229,235,0.88511366,-1,-1,-1
00252,3,1231,237,291,220,0.99509084,-1,-1,-1
00252,3,1068,185,225,170,0.9937878,-1,-1,-1
00252,3,831,772,659,305,0.9842255,-1,-1,-1
00252,3,871,133,214,170,0.9762175,-1,-1,-1
00252,8,541,49,248,260,0.90241635,-1,-1,-1
00252,3,1044,120,126,110,0.8201928,-1,-1,-1
00252,3,1889,370,31,169,0.7544785,-1,-1,-1
00253,3,1215,230,294,221,0.9941024,-1,-1,-1
00253,3,1062,180,215,168,0.9922862,-1,-1,-1
00253,3,1859,344,62,192,0.98526657,-1,-1,-1
00253,3,798,797,766,280,0.9640527,-1,-1,-1
00253,3,862,131,214,171,0.9550513,-1,-1,-1
00253,8,545,43,252,271,0.9268704,-1,-1,-1
00253,3,1046,128,119,98,0.8250746,-1,-1,-1
00254,3,1047,180,219,163,0.995363,-1,-1,-1
00254,3,1205,226,287,218,0.9946207,-1,-1,-1
00254,3,813,829,776,250,0.9865524,-1,-1,-1
00254,3,1829,311,92,215,0.9776539,-1,-1,-1
00254,3,862,132,211,166,0.952912,-1,-1,-1
00254,3,1041,124,120,93,0.8092344,-1,-1,-1
00254,8,546,47,253,275,0.71996355,-1,-1,-1
00255,3,1802,281,119,235,0.99476117,-1,-1,-1
00255,3,1035,177,225,165,0.9946339,-1,-1,-1
00255,3,1199,228,281,214,0.99443,-1,-1,-1
00255,3,838,838,796,240,0.98600125,-1,-1,-1
00255,3,862,130,197,166,0.959754,-1,-1,-1
00255,3,1037,126,123,90,0.91416144,-1,-1,-1
00256,3,1776,278,145,230,0.99715245,-1,-1,-1
00256,3,902,891,674,188,0.9938943,-1,-1,-1
00256,3,1178,227,280,213,0.99376667,-1,-1,-1
00256,3,1023,176,218,162,0.9828022,-1,-1,-1
00256,3,852,131,194,162,0.9511454,-1,-1,-1
00256,3,1025,126,134,88,0.79042983,-1,-1,-1
00257,3,1749,274,171,224,0.99618405,-1,-1,-1
00257,3,1173,226,275,201,0.99442554,-1,-1,-1
00257,3,939,931,682,149,0.990868,-1,-1,-1
00257,3,1016,174,214,162,0.9850439,-1,-1,-1
00257,3,843,130,198,163,0.9608415,-1,-1,-1
00257,3,1024,126,130,84,0.864299,-1,-1,-1
00258,3,1167,222,272,201,0.99609536,-1,-1,-1
00258,3,1722,267,197,221,0.98322266,-1,-1,-1
00258,3,1007,164,219,167,0.9808472,-1,-1,-1
00258,3,838,130,190,159,0.9762081,-1,-1,-1
00258,3,1016,125,140,84,0.9044833,-1,-1,-1
00258,3,815,160,39,110,0.8391154,-1,-1,-1
00258,3,982,968,669,113,0.8125023,-1,-1,-1
00259,3,1155,213,270,209,0.9951498,-1,-1,-1
00259,3,996,166,211,161,0.99381447,-1,-1,-1
00259,3,837,128,181,154,0.978811,-1,-1,-1
00259,3,1694,260,225,223,0.9758749,-1,-1,-1
00259,3,1011,125,142,80,0.92811286,-1,-1,-1
00259,3,567,52,279,290,0.81007326,-1,-1,-1
00259,3,1057,1006,612,74,0.73941004,-1,-1,-1
00260,3,1140,209,274,204,0.9924614,-1,-1,-1
00260,3,989,168,207,161,0.9908578,-1,-1,-1
00260,3,836,128,177,150,0.9744589,-1,-1,-1
00260,3,1673,252,248,218,0.9635416,-1,-1,-1
00260,3,1003,126,162,77,0.9076385,-1,-1,-1
00260,3,576,56,266,292,0.8262076,-1,-1,-1
00261,3,1133,205,265,203,0.99120027,-1,-1,-1
00261,3,1652,245,269,219,0.9878248,-1,-1,-1
00261,3,977,166,207,155,0.98279727,-1,-1,-1
00261,3,839,127,168,150,0.95214903,-1,-1,-1
00261,3,1001,127,164,76,0.8820262,-1,-1,-1
00262,3,1131,205,257,202,0.9953969,-1,-1,-1
00262,3,971,159,209,157,0.9863468,-1,-1,-1
00262,3,1633,240,286,222,0.9749135,-1,-1,-1
00262,3,847,128,158,143,0.9681934,-1,-1,-1
00262,3,1005,127,152,59,0.8344605,-1,-1,-1
00262,3,574,64,290,282,0.7612633,-1,-1,-1
00263,3,1117,204,260,193,0.9951349,-1,-1,-1
00263,3,963,160,200,153,0.9878192,-1,-1,-1
00263,3,1607,237,309,222,0.96417755,-1,-1,-1
00263,3,856,127,142,143,0.9597024,-1,-1,-1
00263,3,1006,129,155,71,0.8977298,-1,-1,-1
00263,8,597,62,277,288,0.74348885,-1,-1,-1
00264,3,1111,196,257,199,0.99545383,-1,-1,-1
00264,3,963,160,189,149,0.9891784,-1,-1,-1
00264,3,1592,235,312,218,0.97152555,-1,-1,-1
00264,3,862,127,128,147,0.96883965,-1,-1,-1
00264,3,1000,131,164,90,0.9054345,-1,-1,-1
00265,3,1104,201,253,190,0.9949167,-1,-1,-1
00265,3,955,163,195,146,0.9854724,-1,-1,-1
00265,3,1572,232,309,204,0.9805642,-1,-1,-1
00265,3,873,130,110,145,0.9382187,-1,-1,-1
00265,3,1009,129,148,81,0.8726094,-1,-1,-1
00265,3,604,58,296,309,0.7412013,-1,-1,-1
00266,3,1091,195,258,194,0.9971705,-1,-1,-1
00266,3,947,165,190,144,0.9928926,-1,-1,-1
00266,3,1544,220,313,215,0.97902256,-1,-1,-1
00266,3,1010,132,149,80,0.9179724,-1,-1,-1
00266,3,883,125,93,145,0.84616166,-1,-1,-1
00266,8,614,53,291,316,0.7065086,-1,-1,-1
00267,3,1079,194,253,194,0.99316484,-1,-1,-1
00267,3,936,167,191,140,0.99315697,-1,-1,-1
00267,3,1528,219,304,210,0.97495824,-1,-1,-1
00267,3,1011,133,144,80,0.9228626,-1,-1,-1
00267,3,891,129,77,131,0.88151854,-1,-1,-1
00268,3,1062,189,262,189,0.9911082,-1,-1,-1
00268,3,931,162,185,143,0.9898142,-1,-1,-1
00268,3,1513,215,303,206,0.97614664,-1,-1,-1
00268,3,902,130,57,157,0.8923641,-1,-1,-1
00268,3,1020,130,134,79,0.77888244,-1,-1,-1
00269,3,1046,188,264,189,0.98838645,-1,-1,-1
00269,3,941,161,165,139,0.98209757,-1,-1,-1
00269,3,1490,211,298,202,0.97994816,-1,-1,-1
00269,3,918,156,38,144,0.8679319,-1,-1,-1
00269,8,636,58,296,329,0.80783945,-1,-1,-1
00269,3,1779,297,45,33,0.73609245,-1,-1,-1
00270,3,1020,185,277,186,0.99273986,-1,-1,-1
00270,3,937,161,151,130,0.9912549,-1,-1,-1
00270,3,1481,210,284,195,0.96369916,-1,-1,-1
00271,3,1001,183,277,183,0.99536324,-1,-1,-1
00271,3,943,162,133,125,0.9876795,-1,-1,-1
00271,3,1458,207,288,188,0.97121656,-1,-1,-1
00271,3,1015,131,133,63,0.86524415,-1,-1,-1
00271,3,652,82,309,316,0.8373803,-1,-1,-1
00272,3,976,186,280,177,0.99036694,-1,-1,-1
00272,3,1446,200,273,195,0.9678753,-1,-1,-1
00272,3,948,166,145,116,0.9448006,-1,-1,-1
00272,8,660,71,310,338,0.81260055,-1,-1,-1
00272,3,1009,131,141,64,0.8106572,-1,-1,-1
00273,3,967,172,264,191,0.9613916,-1,-1,-1
00273,3,1423,196,287,195,0.95797175,-1,-1,-1
00273,3,1010,132,132,63,0.8240512,-1,-1,-1
00273,8,667,75,321,340,0.7217198,-1,-1,-1
00274,3,995,184,214,174,0.9914076,-1,-1,-1
00274,3,1414,192,271,192,0.95055574,-1,-1,-1
00274,3,1013,133,130,58,0.81043756,-1,-1,-1
00274,3,966,158,85,46,0.7475613,-1,-1,-1
00274,8,672,79,319,334,0.7462606,-1,-1,-1
00274,3,674,85,359,332,0.737844,-1,-1,-1
00275,3,987,179,198,176,0.9915662,-1,-1,-1
00275,3,1404,193,264,188,0.95282453,-1,-1,-1
00275,3,1181,238,46,37,0.93361974,-1,-1,-1
00275,3,1006,134,143,70,0.88189685,-1,-1,-1
00275,3,683,84,350,339,0.83878994,-1,-1,-1
00275,3,980,160,73,49,0.7578653,-1,-1,-1
00276,3,997,179,162,173,0.99324095,-1,-1,-1
00276,3,1386,190,264,186,0.97094953,-1,-1,-1
00276,3,1006,140,137,75,0.9187409,-1,-1,-1
00276,3,1139,220,92,54,0.8284595,-1,-1,-1
00276,3,684,86,355,346,0.74630404,-1,-1,-1
00277,3,1011,189,120,161,0.95337343,-1,-1,-1
00277,3,1806,393,111,287,0.9375668,-1,-1,-1
00277,3,1372,186,260,185,0.9305557,-1,-1,-1
00277,3,1187,227,54,50,0.90776956,-1,-1,-1
00277,3,1130,218,38,52,0.7430538,-1,-1,-1
00277,3,695,90,353,349,0.7230548,-1,-1,-1
00277,3,1006,135,138,117,0.7139329,-1,-1,-1
00278,3,1022,198,78,150,0.98587614,-1,-1,-1
00278,3,1780,371,141,290,0.96824527,-1,-1,-1
00278,3,1355,188,261,179,0.93856883,-1,-1,-1
00278,3,1010,137,133,129,0.86892265,-1,-1,-1
00278,3,1130,208,112,65,0.8630467,-1,-1,-1
00278,3,702,90,339,359,0.7179451,-1,-1,-1
00279,3,1136,207,118,67,0.9885908,-1,-1,-1
00279,3,1347,186,251,178,0.98301446,-1,-1,-1
00279,3,1744,364,175,291,0.980412,-1,-1,-1
00279,3,716,91,335,368,0.8584611,-1,-1,-1
00279,3,1026,140,118,132,0.81898576,-1,-1,-1
00280,3,1136,207,118,67,0.98850274,-1,-1,-1
00280,3,1347,188,254,175,0.98274404,-1,-1,-1
00280,3,1747,351,171,303,0.98119766,-1,-1,-1
00280,3,716,90,335,370,0.85504144,-1,-1,-1
00280,3,1026,140,118,132,0.8156941,-1,-1,-1
00281,3,1140,207,116,68,0.98541576,-1,-1,-1
00281,3,1347,188,254,175,0.98175204,-1,-1,-1
00281,3,1745,364,174,288,0.9811653,-1,-1,-1
00281,3,718,94,333,365,0.8670625,-1,-1,-1
00281,3,1028,143,117,129,0.81061804,-1,-1,-1
00282,3,1134,207,121,67,0.98489153,-1,-1,-1
00282,3,1347,188,255,174,0.982156,-1,-1,-1
00282,3,1745,364,174,288,0.98105985,-1,-1,-1
00282,3,718,93,333,366,0.86335444,-1,-1,-1
00282,3,1028,143,118,128,0.8127093,-1,-1,-1
00283,3,1134,207,121,67,0.9853892,-1,-1,-1
00283,3,1347,188,255,174,0.9829214,-1,-1,-1
00283,3,1745,364,174,288,0.98042554,-1,-1,-1
00283,3,718,93,333,366,0.86695457,-1,-1,-1
00283,3,1028,143,118,129,0.8222231,-1,-1,-1
00284,3,1135,207,120,67,0.98523766,-1,-1,-1
00284,3,1347,188,255,174,0.9829743,-1,-1,-1
00284,3,1744,364,175,289,0.9798052,-1,-1,-1
00284,3,718,93,333,366,0.8694551,-1,-1,-1
00284,3,1028,143,118,129,0.82661843,-1,-1,-1
00285,3,1135,207,120,67,0.98447,-1,-1,-1
00285,3,1347,188,254,174,0.98281646,-1,-1,-1
00285,3,1744,364,175,289,0.98163617,-1,-1,-1
00285,3,718,93,334,366,0.8714169,-1,-1,-1
00285,3,1028,143,118,128,0.8443729,-1,-1,-1
00286,3,1135,207,120,67,0.98364073,-1,-1,-1
00286,3,1744,364,175,288,0.98229086,-1,-1,-1
00286,3,1347,188,254,174,0.982139,-1,-1,-1
00286,3,718,93,334,366,0.8633011,-1,-1,-1
00286,3,1028,142,117,130,0.83819336,-1,-1,-1
00287,3,1136,207,119,67,0.98367405,-1,-1,-1
00287,3,1745,364,173,287,0.9823647,-1,-1,-1
00287,3,1347,188,254,174,0.9819212,-1,-1,-1
00287,3,718,93,333,366,0.86529064,-1,-1,-1
00287,3,1028,143,118,128,0.8416029,-1,-1,-1
00288,3,1135,207,120,67,0.983896,-1,-1,-1
00288,3,1347,188,254,174,0.98223764,-1,-1,-1
00288,3,1745,364,173,287,0.98205674,-1,-1,-1
00288,3,718,93,333,366,0.8640562,-1,-1,-1
00288,3,1028,143,117,128,0.8395275,-1,-1,-1
00289,3,1141,207,115,68,0.9865818,-1,-1,-1
00289,3,1347,185,256,177,0.9784304,-1,-1,-1
00289,3,1746,349,175,304,0.9771169,-1,-1,-1
00289,3,718,92,334,368,0.8687487,-1,-1,-1
00289,3,1028,142,117,131,0.80332,-1,-1,-1
00290,3,1141,207,115,68,0.98660755,-1,-1,-1
00290,3,1347,188,254,174,0.9788438,-1,-1,-1
00290,3,1746,349,175,304,0.9770836,-1,-1,-1
00290,3,718,92,334,368,0.8707551,-1,-1,-1
00290,3,1028,142,117,131,0.800983,-1,-1,-1
00291,3,1141,207,115,68,0.9864368,-1,-1,-1
00291,3,1346,188,253,175,0.97882104,-1,-1,-1
00291,3,1746,349,175,304,0.97791904,-1,-1,-1
00291,3,718,92,334,368,0.8725032,-1,-1,-1
00291,3,1028,142,117,131,0.801774,-1,-1,-1
00292,3,245,171,403,165,0.99592614,-1,-1,-1
00292,3,793,143,100,123,0.9949084,-1,-1,-1
00292,3,684,138,129,115,0.983925,-1,-1,-1
00292,3,1447,274,357,253,0.9773626,-1,-1,-1
00292,3,1247,169,160,157,0.95441484,-1,-1,-1
00292,3,866,107,435,470,0.8631813,-1,-1,-1
00293,3,219,174,405,163,0.9955096,-1,-1,-1
00293,3,792,137,120,126,0.99147135,-1,-1,-1
00293,3,674,139,137,115,0.9896367,-1,-1,-1
00293,3,1420,268,357,251,0.9764583,-1,-1,-1
00293,3,1265,169,126,151,0.9592901,-1,-1,-1
00293,3,883,107,459,481,0.7798066,-1,-1,-1
00294,3,190,175,414,163,0.99656796,-1,-1,-1
00294,3,789,139,138,121,0.99493533,-1,-1,-1
00294,3,673,140,140,113,0.99090016,-1,-1,-1
00294,3,1403,264,353,246,0.98128176,-1,-1,-1
00294,3,1287,173,94,136,0.978966,-1,-1,-1
00294,3,900,109,461,488,0.8272591,-1,-1,-1
00295,3,786,142,153,124,0.9956104,-1,-1,-1
00295,3,1399,260,330,238,0.9922712,-1,-1,-1
00295,3,169,171,410,169,0.9900304,-1,-1,-1
00295,3,674,143,137,111,0.9875974,-1,-1,-1
00295,3,1316,174,51,143,0.97709227,-1,-1,-1
00295,3,910,100,467,515,0.9014045,-1,-1,-1
00295,3,1357,219,54,38,0.78058773,-1,-1,-1
00296,3,147,172,412,166,0.9938304,-1,-1,-1
00296,3,784,141,159,124,0.99330807,-1,-1,-1
00296,3,1394,254,314,243,0.9930536,-1,-1,-1
00296,3,673,143,133,113,0.989036,-1,-1,-1
00296,3,933,100,473,524,0.8974358,-1,-1,-1
00296,3,1352,219,63,40,0.78247815,-1,-1,-1
00296,3,1381,310,48,158,0.7176428,-1,-1,-1
00297,3,134,173,407,165,0.99451125,-1,-1,-1
00297,3,1401,256,294,225,0.99350774,-1,-1,-1
00297,3,680,148,117,106,0.9898788,-1,-1,-1
00297,3,782,142,159,123,0.98965096,-1,-1,-1
00297,3,953,118,487,522,0.93592155,-1,-1,-1
00297,3,930,175,38,84,0.7739518,-1,-1,-1
00298,3,120,174,408,166,0.99596524,-1,-1,-1
00298,3,1413,249,252,220,0.98950106,-1,-1,-1
00298,3,680,149,116,103,0.98474216,-1,-1,-1
00298,3,778,142,158,125,0.9831996,-1,-1,-1
00298,3,924,172,55,88,0.93759406,-1,-1,-1
00298,3,976,123,493,522,0.9316628,-1,-1,-1
00299,3,1439,244,212,220,0.99312794,-1,-1,-1
00299,3,112,175,395,167,0.98902917,-1,-1,-1
00299,3,775,142,154,123,0.98611313,-1,-1,-1
00299,3,684,151,108,101,0.98313415,-1,-1,-1
00299,3,961,149,87,114,0.9784937,-1,-1,-1
00299,3,997,131,507,534,0.95785666,-1,-1,-1
00299,3,929,178,38,79,0.75699574,-1,-1,-1
