00001,3,1891,417,196,68,0.9905483,-1,-1,-1
00001,3,1214,290,56,45,0.90609014,-1,-1,-1
00002,3,1890,417,196,67,0.990734,-1,-1,-1
00002,3,1214,289,57,47,0.9180389,-1,-1,-1
00003,3,1890,417,196,67,0.99094665,-1,-1,-1
00003,3,1213,289,58,47,0.91727245,-1,-1,-1
00004,3,1890,417,196,67,0.99103117,-1,-1,-1
00004,3,1213,289,58,47,0.92172426,-1,-1,-1
00005,3,1890,417,196,67,0.9912299,-1,-1,-1
00005,3,1213,289,58,47,0.9325827,-1,-1,-1
00006,3,1890,417,196,67,0.9911841,-1,-1,-1
00006,3,1213,289,58,47,0.92931616,-1,-1,-1
00007,3,1890,417,196,67,0.9912422,-1,-1,-1
00007,3,1213,289,58,47,0.9283912,-1,-1,-1
00008,3,1890,417,196,67,0.9913128,-1,-1,-1
00008,3,1213,289,58,47,0.9346326,-1,-1,-1
00009,3,1890,417,196,67,0.9912236,-1,-1,-1
00009,3,1213,289,58,47,0.93295825,-1,-1,-1
00010,3,1890,417,196,67,0.9914009,-1,-1,-1
00010,3,1213,289,58,47,0.9340988,-1,-1,-1
00011,3,1890,417,196,67,0.99126667,-1,-1,-1
00011,3,1214,289,57,47,0.9371626,-1,-1,-1
00012,3,1890,417,196,67,0.9912947,-1,-1,-1
00012,3,1214,289,57,47,0.93381065,-1,-1,-1
00013,3,1890,417,196,67,0.9919739,-1,-1,-1
00013,3,1214,289,55,46,0.9388519,-1,-1,-1
00014,3,1889,417,197,67,0.9920209,-1,-1,-1
00014,3,1214,289,55,46,0.93957716,-1,-1,-1
00015,3,1890,417,196,67,0.9919407,-1,-1,-1
00015,3,1214,290,55,45,0.94101,-1,-1,-1
00016,3,1890,417,196,67,0.9919918,-1,-1,-1
00016,3,1214,289,55,46,0.94008934,-1,-1,-1
00017,3,1889,417,197,67,0.9919041,-1,-1,-1
00017,3,1214,289,55,46,0.94016045,-1,-1,-1
00018,3,1889,417,197,67,0.9918617,-1,-1,-1
00018,3,1214,290,55,45,0.94073254,-1,-1,-1
00019,3,1889,417,197,67,0.991905,-1,-1,-1
00019,3,1214,290,55,45,0.93947226,-1,-1,-1
00020,3,1889,417,197,67,0.9919117,-1,-1,-1
00020,3,1214,289,55,46,0.9398971,-1,-1,-1
00021,3,1889,417,197,67,0.9919348,-1,-1,-1
00021,3,1214,290,55,45,0.94044787,-1,-1,-1
00022,3,1889,417,197,67,0.9919629,-1,-1,-1
00022,3,1214,290,55,45,0.94065386,-1,-1,-1
00023,3,1889,417,197,67,0.9920438,-1,-1,-1
00023,3,1214,290,55,45,0.940413,-1,-1,-1
00024,3,1889,417,197,67,0.9919022,-1,-1,-1
00024,3,1214,290,55,45,0.9411323,-1,-1,-1
00025,3,1890,417,196,67,0.99204093,-1,-1,-1
00025,3,1214,290,55,45,0.9315522,-1,-1,-1
00026,3,1890,417,196,67,0.9920764,-1,-1,-1
00026,3,1214,290,55,45,0.9327568,-1,-1,-1
00027,3,1890,417,196,67,0.9921875,-1,-1,-1
00027,3,1214,290,55,45,0.9326492,-1,-1,-1
00028,3,1890,417,196,67,0.9920564,-1,-1,-1
00028,3,1214,290,55,45,0.9360016,-1,-1,-1
00029,3,1890,417,196,67,0.9919646,-1,-1,-1
00029,3,1214,290,55,45,0.932923,-1,-1,-1
00030,3,1890,417,196,67,0.992002,-1,-1,-1
00030,3,1214,290,55,45,0.9301758,-1,-1,-1
00031,3,1890,417,196,67,0.9921934,-1,-1,-1
00031,3,1214,290,55,45,0.9361242,-1,-1,-1
00032,3,1890,417,196,67,0.992172,-1,-1,-1
00032,3,1215,290,55,48,0.93748665,-1,-1,-1
00033,3,1890,417,196,67,0.9925398,-1,-1,-1
00033,3,1214,290,55,45,0.9348486,-1,-1,-1
00034,3,1890,417,197,67,0.9925183,-1,-1,-1
00034,3,1214,290,55,45,0.9323514,-1,-1,-1
00035,3,1890,417,196,67,0.99235654,-1,-1,-1
00035,3,1215,290,55,48,0.9407583,-1,-1,-1
00036,3,1889,417,197,67,0.9924083,-1,-1,-1
00036,3,1215,290,57,47,0.94472444,-1,-1,-1
00037,3,1890,417,196,67,0.9918934,-1,-1,-1
00037,3,1215,290,57,47,0.94458073,-1,-1,-1
00037,3,2513,480,48,59,0.8238515,-1,-1,-1
00038,3,1890,417,196,67,0.9919228,-1,-1,-1
00038,3,1215,290,57,47,0.9449241,-1,-1,-1
00038,3,2484,479,76,64,0.75714546,-1,-1,-1
00039,3,1890,417,196,67,0.9920284,-1,-1,-1
00039,3,2457,474,103,67,0.95253956,-1,-1,-1
00039,3,1215,290,57,47,0.9450807,-1,-1,-1
00040,3,1890,417,196,67,0.9921435,-1,-1,-1
00040,3,1215,290,57,47,0.94662505,-1,-1,-1
00040,3,2409,467,147,75,0.9393071,-1,-1,-1
00041,3,1890,417,196,67,0.9922448,-1,-1,-1
00041,3,1215,290,57,47,0.9458447,-1,-1,-1
00042,3,1890,417,196,67,0.99220943,-1,-1,-1
00042,3,1215,290,57,47,0.9468852,-1,-1,-1
00042,3,2368,449,193,99,0.7687227,-1,-1,-1
00043,3,1890,417,196,67,0.99247783,-1,-1,-1
00043,3,1215,290,57,47,0.9474048,-1,-1,-1
00044,3,1890,417,196,67,0.9923381,-1,-1,-1
00044,3,1215,290,57,47,0.9470699,-1,-1,-1
00045,3,1890,417,196,67,0.9922576,-1,-1,-1
00045,3,1215,290,57,47,0.9470136,-1,-1,-1
00045,3,2305,436,250,109,0.82107455,-1,-1,-1
00046,3,1890,417,196,67,0.9921759,-1,-1,-1
00046,3,1215,290,57,47,0.94661975,-1,-1,-1
00046,3,2276,437,268,103,0.85786587,-1,-1,-1
00047,3,1890,417,197,67,0.99241924,-1,-1,-1
00047,3,1212,290,58,46,0.96715844,-1,-1,-1
00047,3,2255,434,274,106,0.9022475,-1,-1,-1
00048,3,1890,417,197,68,0.99232,-1,-1,-1
00048,3,1212,290,58,46,0.9666323,-1,-1,-1
00048,3,2237,424,264,114,0.7281311,-1,-1,-1
00049,3,1890,418,197,66,0.99243015,-1,-1,-1
00049,3,1213,290,57,46,0.96323055,-1,-1,-1
00049,3,2217,421,270,107,0.90771407,-1,-1,-1
00050,3,1890,418,197,66,0.9924776,-1,-1,-1
00050,3,1213,290,57,46,0.96349317,-1,-1,-1
00050,3,2194,429,215,94,0.90190727,-1,-1,-1
00051,3,1890,418,196,66,0.99229574,-1,-1,-1
00051,3,1213,290,58,46,0.9636865,-1,-1,-1
00051,3,2170,420,321,105,0.782922,-1,-1,-1
00052,3,1890,418,196,66,0.98924935,-1,-1,-1
00052,3,1213,290,58,46,0.96393526,-1,-1,-1
00052,3,2141,425,249,100,0.9404635,-1,-1,-1
00053,3,1891,418,197,66,0.99114347,-1,-1,-1
00053,3,1213,290,58,46,0.9642882,-1,-1,-1
00053,3,2119,419,262,104,0.85169274,-1,-1,-1
00054,3,1892,418,197,66,0.99005276,-1,-1,-1
00054,3,1213,290,58,46,0.96481043,-1,-1,-1
00054,3,2094,422,275,99,0.9497715,-1,-1,-1
00055,3,1891,419,198,68,0.9885406,-1,-1,-1
00055,3,2077,415,267,106,0.9768593,-1,-1,-1
00055,3,1213,290,57,46,0.964364,-1,-1,-1
00056,3,1892,418,170,62,0.9808171,-1,-1,-1
00056,3,1213,290,57,46,0.9635111,-1,-1,-1
00056,3,2045,419,270,99,0.9281353,-1,-1,-1
00057,3,1891,420,165,60,0.97067666,-1,-1,-1
00057,3,1213,290,57,46,0.9639177,-1,-1,-1
00057,3,2028,414,272,102,0.9333283,-1,-1,-1
00058,3,1889,418,145,60,0.9713119,-1,-1,-1
00058,3,1213,290,57,46,0.96398765,-1,-1,-1
00058,3,2007,412,270,105,0.87959796,-1,-1,-1
00059,3,1981,408,274,103,0.96765196,-1,-1,-1
00059,3,1894,420,117,56,0.9667489,-1,-1,-1
00059,3,1213,290,57,46,0.96322984,-1,-1,-1
00060,3,1213,290,57,46,0.96375793,-1,-1,-1
00060,3,1889,425,87,48,0.9558799,-1,-1,-1
00060,3,1935,407,300,102,0.9176506,-1,-1,-1
00061,3,1213,290,57,46,0.9628733,-1,-1,-1
00061,3,1899,406,313,98,0.92265147,-1,-1,-1
00062,3,1213,290,57,46,0.96288764,-1,-1,-1
00062,3,1893,403,298,101,0.9599728,-1,-1,-1
00063,3,1213,290,57,46,0.9633757,-1,-1,-1
00063,3,1891,394,278,112,0.909058,-1,-1,-1
00064,3,1213,290,57,46,0.9630915,-1,-1,-1
00064,3,1882,395,264,107,0.94019216,-1,-1,-1
00065,3,1846,395,281,103,0.9763274,-1,-1,-1
00065,3,1213,290,57,46,0.9630957,-1,-1,-1
00066,3,1213,290,57,46,0.9635393,-1,-1,-1
00066,3,1823,394,282,102,0.9329025,-1,-1,-1
00067,3,1213,290,57,46,0.963346,-1,-1,-1
00067,3,1796,393,285,105,0.95069504,-1,-1,-1
00068,3,1213,290,57,46,0.9630766,-1,-1,-1
00068,3,1787,392,293,102,0.82829493,-1,-1,-1
00069,3,1213,290,57,46,0.9625897,-1,-1,-1
00069,3,1800,401,281,89,0.8357805,-1,-1,-1
00070,3,1213,290,57,46,0.9624742,-1,-1,-1
00070,3,1777,399,308,89,0.95082974,-1,-1,-1
00071,3,1213,290,57,46,0.9620824,-1,-1,-1
00071,3,1775,398,303,89,0.9278778,-1,-1,-1
00071,3,1733,374,115,77,0.8600486,-1,-1,-1
00072,3,1213,290,57,46,0.9618149,-1,-1,-1
00072,3,1745,386,340,99,0.87640995,-1,-1,-1
00072,3,1721,372,120,87,0.8676875,-1,-1,-1
00072,3,1719,392,48,69,0.7762606,-1,-1,-1
00073,3,1213,290,57,46,0.9640136,-1,-1,-1
00073,3,1763,402,319,85,0.90785724,-1,-1,-1
00073,3,1705,392,67,71,0.84010565,-1,-1,-1
00073,3,1705,379,195,87,0.74342406,-1,-1,-1
00074,3,1921,415,162,70,0.97906244,-1,-1,-1
00074,3,1213,290,57,46,0.9641738,-1,-1,-1
00074,3,1777,406,169,76,0.9458749,-1,-1,-1
00074,3,1699,378,178,85,0.82270914,-1,-1,-1
00075,3,1922,417,161,69,0.987722,-1,-1,-1
00075,3,1213,290,57,46,0.9641507,-1,-1,-1
00075,3,1857,412,97,66,0.92599404,-1,-1,-1
00075,3,1683,380,203,89,0.8402683,-1,-1,-1
00075,3,1676,401,80,59,0.7043342,-1,-1,-1
00076,3,1921,416,164,69,0.9902592,-1,-1,-1
00076,3,1213,290,57,46,0.9648293,-1,-1,-1
00076,3,1783,408,156,71,0.88575673,-1,-1,-1
00076,3,1675,371,219,100,0.742192,-1,-1,-1
00077,3,1912,416,168,68,0.99426186,-1,-1,-1
00077,3,1212,290,59,47,0.95862323,-1,-1,-1
00077,3,1649,370,284,106,0.8314773,-1,-1,-1
00078,3,1904,415,180,69,0.9916727,-1,-1,-1
00078,3,1214,291,58,46,0.9610438,-1,-1,-1
00078,3,1646,372,258,105,0.8949994,-1,-1,-1
00079,3,1897,417,189,67,0.9925552,-1,-1,-1
00079,3,1214,291,58,46,0.9612749,-1,-1,-1
00079,3,1627,375,267,98,0.81549484,-1,-1,-1
00080,3,1895,417,191,67,0.99452186,-1,-1,-1
00080,3,1214,291,58,46,0.9674736,-1,-1,-1
00080,3,1617,377,270,93,0.8607123,-1,-1,-1
00081,3,1892,417,194,67,0.99495006,-1,-1,-1
00081,3,1214,291,58,46,0.9637843,-1,-1,-1
00081,3,1601,372,276,99,0.8548825,-1,-1,-1
00082,3,1892,417,194,67,0.9952779,-1,-1,-1
00082,3,1212,290,59,47,0.9640866,-1,-1,-1
00082,3,1592,374,278,96,0.9607558,-1,-1,-1
00083,3,1891,417,195,67,0.9949043,-1,-1,-1
00083,3,1212,290,59,47,0.9626935,-1,-1,-1
00083,3,1579,371,288,97,0.9394146,-1,-1,-1
00084,3,1890,417,196,67,0.9951533,-1,-1,-1
00084,3,1212,290,59,47,0.9618654,-1,-1,-1
00084,3,1579,364,281,108,0.947942,-1,-1,-1
00085,3,1889,417,198,67,0.9948455,-1,-1,-1
00085,3,1214,290,58,47,0.96371984,-1,-1,-1
00085,3,1572,369,277,96,0.9132412,-1,-1,-1
00086,3,1890,417,197,67,0.99440455,-1,-1,-1
00086,3,1214,290,58,47,0.96195453,-1,-1,-1
00086,3,1563,369,277,97,0.89713126,-1,-1,-1
00087,3,1890,417,197,67,0.9943263,-1,-1,-1
00087,3,1214,290,58,47,0.96290046,-1,-1,-1
00087,3,1551,371,284,93,0.8882835,-1,-1,-1
00088,3,1890,417,197,67,0.9943568,-1,-1,-1
00088,3,1214,290,58,47,0.9630753,-1,-1,-1
00088,3,1541,368,291,98,0.7524095,-1,-1,-1
00089,3,1889,417,197,67,0.9948343,-1,-1,-1
00089,3,1214,290,58,47,0.96286625,-1,-1,-1
00089,3,1530,365,291,98,0.9263564,-1,-1,-1
00090,3,1890,417,197,67,0.9950311,-1,-1,-1
00090,3,1525,367,273,100,0.9738917,-1,-1,-1
00090,3,1214,290,58,47,0.96384066,-1,-1,-1
00091,3,1890,417,197,67,0.994909,-1,-1,-1
00091,3,1524,367,254,99,0.9732723,-1,-1,-1
00091,3,1214,290,58,47,0.9633562,-1,-1,-1
00092,3,1890,418,197,66,0.9947966,-1,-1,-1
00092,3,1515,368,272,98,0.98178965,-1,-1,-1
00092,3,1214,290,58,47,0.9636776,-1,-1,-1
00093,3,1890,418,196,66,0.9947693,-1,-1,-1
00093,3,1214,290,58,47,0.961384,-1,-1,-1
00093,3,1503,366,268,100,0.9593219,-1,-1,-1
00093,3,1790,423,48,37,0.7846256,-1,-1,-1
00094,3,1890,418,196,66,0.9948073,-1,-1,-1
00094,3,1499,366,273,101,0.9612889,-1,-1,-1
00094,3,1214,290,58,47,0.9608181,-1,-1,-1
00094,3,1790,423,49,37,0.75964093,-1,-1,-1
00095,3,1890,418,196,66,0.9949037,-1,-1,-1
00095,3,1496,365,266,101,0.97288734,-1,-1,-1
00095,3,1214,290,58,47,0.96007544,-1,-1,-1
00095,3,1787,423,52,36,0.736629,-1,-1,-1
00096,3,1890,418,196,66,0.99498874,-1,-1,-1
00096,3,1482,367,274,99,0.9711306,-1,-1,-1
00096,3,1214,290,58,47,0.9597936,-1,-1,-1
00096,3,1794,423,43,35,0.7985915,-1,-1,-1
00097,3,1890,418,197,66,0.995182,-1,-1,-1
00097,3,1477,368,267,100,0.973887,-1,-1,-1
00097,3,1214,290,58,47,0.9651594,-1,-1,-1
00097,3,1795,424,41,33,0.76917547,-1,-1,-1
00098,3,1890,418,197,66,0.995229,-1,-1,-1
00098,3,1214,290,58,47,0.9649739,-1,-1,-1
00098,3,1472,366,264,103,0.9649678,-1,-1,-1
00098,3,1797,423,43,33,0.7517461,-1,-1,-1
00099,3,1890,418,197,66,0.9950728,-1,-1,-1
00099,3,1214,290,58,47,0.9644304,-1,-1,-1
00099,3,1457,366,268,102,0.9546641,-1,-1,-1
00099,3,1797,423,42,35,0.7210192,-1,-1,-1
00100,3,1890,418,197,66,0.99501884,-1,-1,-1
00100,3,1453,369,262,100,0.9674888,-1,-1,-1
00100,3,1214,290,58,47,0.96494603,-1,-1,-1
00100,3,1796,424,40,34,0.7546029,-1,-1,-1
00101,3,1890,418,197,66,0.9950754,-1,-1,-1
00101,3,1214,290,58,47,0.96462613,-1,-1,-1
00101,3,1442,365,268,104,0.88315004,-1,-1,-1
00101,3,1792,422,49,34,0.75382066,-1,-1,-1
00102,3,1889,418,197,66,0.9949498,-1,-1,-1
00102,3,1431,367,270,103,0.9706951,-1,-1,-1
00102,3,1214,290,58,47,0.9647384,-1,-1,-1
00102,3,1699,386,53,45,0.7666622,-1,-1,-1
00103,3,1889,418,197,66,0.99482024,-1,-1,-1
00103,3,1214,290,58,47,0.9626197,-1,-1,-1
00103,3,1424,364,264,105,0.96049446,-1,-1,-1
00103,3,1693,385,62,48,0.8296664,-1,-1,-1
00104,3,1889,418,197,66,0.9947042,-1,-1,-1
00104,3,1419,366,254,103,0.97605157,-1,-1,-1
00104,3,1214,290,58,47,0.9615621,-1,-1,-1
00104,3,1688,383,67,51,0.9118927,-1,-1,-1
00105,3,1889,418,197,66,0.9947014,-1,-1,-1
00105,3,1413,366,251,106,0.96838355,-1,-1,-1
00105,3,1214,290,58,47,0.95969427,-1,-1,-1
00105,3,1690,383,64,51,0.8073197,-1,-1,-1
00106,3,1889,418,197,66,0.9946979,-1,-1,-1
00106,3,1408,370,249,102,0.97140795,-1,-1,-1
00106,3,1214,290,58,47,0.9605224,-1,-1,-1
00106,3,1691,382,65,52,0.8832579,-1,-1,-1
00107,3,1888,418,197,66,0.99251235,-1,-1,-1
00107,3,1401,370,250,105,0.9821477,-1,-1,-1
00107,3,1213,290,58,46,0.9595857,-1,-1,-1
00107,3,1695,383,63,51,0.8969217,-1,-1,-1
00108,3,1888,418,197,66,0.9924517,-1,-1,-1
00108,3,1386,370,248,103,0.9883436,-1,-1,-1
00108,3,1213,290,58,46,0.9615891,-1,-1,-1
00108,3,1699,383,53,48,0.89334273,-1,-1,-1
00109,3,1888,417,197,67,0.9931318,-1,-1,-1
00109,3,1384,370,243,105,0.98042715,-1,-1,-1
00109,3,1213,289,58,48,0.9565718,-1,-1,-1
00109,3,1698,384,53,46,0.84374416,-1,-1,-1
00110,3,1888,417,197,67,0.9931369,-1,-1,-1
00110,3,1377,370,245,107,0.9885034,-1,-1,-1
00110,3,1213,289,58,48,0.95520085,-1,-1,-1
00110,3,1699,384,51,46,0.8666692,-1,-1,-1
00111,3,1888,417,197,67,0.9931043,-1,-1,-1
00111,3,1378,375,241,103,0.9912349,-1,-1,-1
00111,3,1213,289,58,48,0.95824534,-1,-1,-1
00111,3,1699,384,52,46,0.8394359,-1,-1,-1
00112,3,1888,417,197,67,0.9931126,-1,-1,-1
00112,3,1365,372,239,109,0.99148613,-1,-1,-1
00112,3,1213,289,58,47,0.9579664,-1,-1,-1
00112,3,1696,384,57,47,0.7774712,-1,-1,-1
00113,3,1888,417,197,67,0.99310416,-1,-1,-1
00113,3,1363,375,221,107,0.9851639,-1,-1,-1
00113,3,1213,289,58,48,0.9580524,-1,-1,-1
00114,3,1888,417,197,67,0.9930888,-1,-1,-1
00114,3,1363,373,213,112,0.9873646,-1,-1,-1
00114,3,1213,289,58,48,0.95812523,-1,-1,-1
00115,3,1888,417,197,67,0.9931172,-1,-1,-1
00115,3,1363,374,201,111,0.97808415,-1,-1,-1
00115,3,1213,289,58,48,0.9573402,-1,-1,-1
00115,3,1527,379,50,78,0.75452197,-1,-1,-1
00116,3,1888,417,197,68,0.9930831,-1,-1,-1
00116,3,1213,289,58,48,0.95483613,-1,-1,-1
00116,3,1363,376,204,112,0.9527372,-1,-1,-1
00117,3,1888,417,197,68,0.993224,-1,-1,-1
00117,3,1363,377,188,111,0.9896966,-1,-1,-1
00117,3,1213,289,58,48,0.9544202,-1,-1,-1
00117,3,1493,379,71,69,0.7268103,-1,-1,-1
00118,3,1888,417,197,68,0.9932399,-1,-1,-1
00118,3,1359,380,183,112,0.98298806,-1,-1,-1
00118,3,1213,290,58,47,0.954158,-1,-1,-1
00118,3,1491,380,66,69,0.73791564,-1,-1,-1
00119,3,1888,417,197,68,0.9932088,-1,-1,-1
00119,3,1358,380,175,115,0.9891817,-1,-1,-1
00119,3,1213,290,58,47,0.95407665,-1,-1,-1
00119,3,1498,383,52,65,0.7776344,-1,-1,-1
00120,3,1888,417,197,68,0.99319565,-1,-1,-1
00120,3,1358,384,176,111,0.9924757,-1,-1,-1
00120,3,1214,289,57,48,0.9557695,-1,-1,-1
00120,3,1492,384,48,59,0.7582915,-1,-1,-1
00121,3,1888,417,197,68,0.99292165,-1,-1,-1
00121,3,1360,382,169,116,0.981246,-1,-1,-1
00121,3,1214,289,57,47,0.9496006,-1,-1,-1
00122,3,1888,418,197,67,0.9930099,-1,-1,-1
00122,3,1360,384,163,117,0.96635,-1,-1,-1
00122,3,1214,289,57,47,0.9514844,-1,-1,-1
00123,3,1888,418,197,67,0.9928784,-1,-1,-1
00123,3,1358,384,159,119,0.97475636,-1,-1,-1
00123,3,1214,289,57,47,0.9517777,-1,-1,-1
00124,3,1888,418,197,67,0.9927868,-1,-1,-1
00124,3,1361,385,146,122,0.97898793,-1,-1,-1
00124,3,1214,289,57,47,0.95014316,-1,-1,-1
00125,3,1888,418,197,67,0.99271613,-1,-1,-1
00125,3,1361,385,148,125,0.9743706,-1,-1,-1
00125,3,1213,289,58,47,0.952491,-1,-1,-1
00126,3,1888,418,197,67,0.99268144,-1,-1,-1
00126,3,1362,386,145,128,0.97519004,-1,-1,-1
00126,3,1213,289,58,47,0.9533626,-1,-1,-1
00127,3,1888,418,197,67,0.9926831,-1,-1,-1
00127,3,1365,390,141,122,0.9687543,-1,-1,-1
00127,3,1214,289,57,48,0.9537208,-1,-1,-1
00128,3,1888,418,197,67,0.9926998,-1,-1,-1
00128,3,1365,387,142,134,0.9781521,-1,-1,-1
00128,3,1213,289,58,48,0.9557571,-1,-1,-1
00129,3,1888,418,197,67,0.99267733,-1,-1,-1
00129,3,1372,394,134,126,0.9651577,-1,-1,-1
00129,3,1214,289,57,48,0.9551058,-1,-1,-1
00130,3,1888,418,197,66,0.99270576,-1,-1,-1
00130,3,3,1165,380,546,0.98839706,-1,-1,-1
00130,3,1377,395,130,125,0.95702726,-1,-1,-1
00130,3,1214,289,57,48,0.95435363,-1,-1,-1
00131,3,9,1081,791,741,0.9982495,-1,-1,-1
00131,3,1888,418,198,66,0.9933409,-1,-1,-1
00131,3,1214,290,57,47,0.94672996,-1,-1,-1
00131,3,1377,396,134,132,0.9209078,-1,-1,-1
00132,3,8,1070,1231,812,0.9942036,-1,-1,-1
00132,3,1888,418,198,66,0.9933548,-1,-1,-1
00132,3,1213,290,58,47,0.9438583,-1,-1,-1
00132,3,1378,397,139,139,0.8543096,-1,-1,-1
00133,3,22,1117,1671,804,0.997684,-1,-1,-1
00133,3,1889,418,197,66,0.99276346,-1,-1,-1
00133,3,1213,290,57,45,0.9287083,-1,-1,-1
00133,3,1381,400,140,133,0.8930845,-1,-1,-1
00134,3,175,1165,2027,750,0.99848855,-1,-1,-1
00134,3,1889,418,197,66,0.99289906,-1,-1,-1
00134,3,1214,290,56,46,0.94580454,-1,-1,-1
00134,3,1385,399,141,150,0.84818363,-1,-1,-1
00135,3,693,1214,1854,704,0.999114,-1,-1,-1
00135,3,1889,418,197,66,0.9931785,-1,-1,-1
00135,3,1214,290,56,46,0.94964343,-1,-1,-1
00135,3,1384,404,145,147,0.9362552,-1,-1,-1
00136,3,1202,1255,1359,666,0.9993949,-1,-1,-1
00136,3,1889,418,197,66,0.9932961,-1,-1,-1
00136,3,1214,290,56,46,0.94752455,-1,-1,-1
00136,3,1385,407,148,146,0.93786156,-1,-1,-1
00137,3,1618,1270,943,645,0.9971915,-1,-1,-1
00137,3,1889,418,197,66,0.99356365,-1,-1,-1
00137,3,1214,290,56,46,0.94791436,-1,-1,-1
00137,3,1386,402,153,152,0.8493856,-1,-1,-1
00138,3,1889,418,197,66,0.9940982,-1,-1,-1
00138,3,1385,412,156,145,0.98061395,-1,-1,-1
00138,3,1214,291,56,46,0.9488685,-1,-1,-1
00138,3,1993,1314,568,600,0.9201954,-1,-1,-1
00139,3,1889,418,197,66,0.99389654,-1,-1,-1
00139,3,2359,1371,202,428,0.9883837,-1,-1,-1
00139,3,1386,415,158,143,0.977099,-1,-1,-1
00139,3,1214,290,56,47,0.95223266,-1,-1,-1
00140,3,1889,418,197,66,0.99391323,-1,-1,-1
00140,3,1387,415,160,147,0.974408,-1,-1,-1
00140,3,1214,290,56,47,0.9517271,-1,-1,-1
00141,3,1889,417,196,68,0.9940917,-1,-1,-1
00141,3,1388,416,162,156,0.93896174,-1,-1,-1
00141,3,1213,290,55,44,0.934348,-1,-1,-1
00142,3,1889,417,196,68,0.99411845,-1,-1,-1
00142,3,1213,290,55,44,0.9318177,-1,-1,-1
00142,3,1389,415,164,163,0.8994363,-1,-1,-1
00143,3,1889,417,196,68,0.9940819,-1,-1,-1
00143,3,1388,418,168,171,0.95759195,-1,-1,-1
00143,3,1213,290,55,44,0.93342817,-1,-1,-1
00144,3,1889,417,196,68,0.99404895,-1,-1,-1
00144,3,1213,290,55,44,0.9338637,-1,-1,-1
00144,3,1395,412,166,174,0.92648035,-1,-1,-1
00145,3,1890,420,188,64,0.9954259,-1,-1,-1
00145,3,1395,414,171,176,0.9642505,-1,-1,-1
00145,3,1214,289,57,47,0.9359482,-1,-1,-1
00146,3,1890,420,188,64,0.9955664,-1,-1,-1
00146,3,1391,425,175,174,0.9809692,-1,-1,-1
00146,3,1214,289,57,47,0.9389529,-1,-1,-1
00147,3,1890,420,188,64,0.995568,-1,-1,-1
00147,3,1394,426,181,177,0.9791632,-1,-1,-1
00147,3,1213,289,55,45,0.935974,-1,-1,-1
00148,3,1890,420,188,64,0.9955622,-1,-1,-1
00148,3,1396,429,180,179,0.9782445,-1,-1,-1
00148,3,1213,289,55,45,0.93865085,-1,-1,-1
00149,3,1890,420,189,64,0.99558145,-1,-1,-1
00149,3,1397,431,183,182,0.97931457,-1,-1,-1
00149,3,1214,290,57,46,0.93937033,-1,-1,-1
00150,3,1889,417,196,68,0.99445564,-1,-1,-1
00150,3,1397,433,188,189,0.9549045,-1,-1,-1
00150,3,1214,290,57,47,0.939642,-1,-1,-1
00151,3,1890,418,196,66,0.99360305,-1,-1,-1
00151,3,1397,437,191,191,0.9541314,-1,-1,-1
00151,3,1214,289,55,47,0.949366,-1,-1,-1
00152,3,1890,418,196,66,0.9936067,-1,-1,-1
00152,3,1399,439,193,193,0.95901346,-1,-1,-1
00152,3,1214,289,56,47,0.9531662,-1,-1,-1
00153,3,1890,418,196,66,0.9936336,-1,-1,-1
00153,3,1399,441,199,195,0.9590807,-1,-1,-1
00153,3,1214,289,55,47,0.954185,-1,-1,-1
00154,3,1890,418,196,66,0.9938067,-1,-1,-1
00154,3,1400,453,194,188,0.95619184,-1,-1,-1
00154,3,1214,290,56,46,0.951203,-1,-1,-1
00155,3,1890,418,196,66,0.99378335,-1,-1,-1
00155,3,1214,290,56,46,0.95103997,-1,-1,-1
00155,3,1404,453,196,195,0.9323722,-1,-1,-1
00156,3,1890,418,196,66,0.9937225,-1,-1,-1
00156,3,1406,452,205,205,0.96616167,-1,-1,-1
00156,3,1214,290,56,46,0.9513739,-1,-1,-1
00157,3,1889,418,197,66,0.9942087,-1,-1,-1
00157,3,1405,452,213,210,0.9755392,-1,-1,-1
00157,3,1214,289,54,45,0.9439481,-1,-1,-1
00158,3,1889,418,197,66,0.99413776,-1,-1,-1
00158,3,2487,1104,74,237,0.9785025,-1,-1,-1
00158,3,1411,457,211,211,0.9532066,-1,-1,-1
00158,3,1214,289,56,47,0.9480526,-1,-1,-1
00159,3,1889,418,197,66,0.99416333,-1,-1,-1
00159,3,2205,1029,356,485,0.94894475,-1,-1,-1
00159,3,1214,288,56,48,0.9389366,-1,-1,-1
00159,3,1415,452,215,221,0.930218,-1,-1,-1
00160,3,1889,418,197,66,0.99401045,-1,-1,-1
00160,3,1415,462,219,216,0.96317357,-1,-1,-1
00160,3,1214,288,56,48,0.94128364,-1,-1,-1
00160,3,1894,897,667,609,0.9051688,-1,-1,-1
00161,3,1603,884,958,590,0.9952495,-1,-1,-1
00161,3,1888,418,197,67,0.99207425,-1,-1,-1
00161,3,1416,469,220,215,0.9851518,-1,-1,-1
00161,3,1213,290,58,46,0.9550129,-1,-1,-1
00162,3,1888,418,197,67,0.9917303,-1,-1,-1
00162,3,1418,467,222,225,0.9870178,-1,-1,-1
00162,3,1213,290,58,46,0.95289034,-1,-1,-1
00162,3,1240,852,1321,647,0.9307843,-1,-1,-1
00163,3,1888,418,198,67,0.9920127,-1,-1,-1
00163,3,1417,472,231,226,0.97691035,-1,-1,-1
00163,8,966,901,1559,595,0.9742897,-1,-1,-1
00163,3,1213,290,58,46,0.95264924,-1,-1,-1
00164,3,1888,418,198,67,0.9920203,-1,-1,-1
00164,3,1420,482,233,223,0.9886326,-1,-1,-1
00164,8,484,800,1804,688,0.9718052,-1,-1,-1
00164,3,1213,290,58,46,0.94776946,-1,-1,-1
00165,3,1424,484,236,227,0.9923523,-1,-1,-1
00165,3,1889,418,197,67,0.9919526,-1,-1,-1
00165,8,145,752,1777,705,0.98525363,-1,-1,-1
00165,3,1213,290,58,46,0.94379354,-1,-1,-1
00166,3,1888,418,198,67,0.991714,-1,-1,-1
00166,3,1421,481,245,236,0.97870183,-1,-1,-1
00166,8,0,728,1535,691,0.97231615,-1,-1,-1
00166,3,1213,290,58,46,0.95409906,-1,-1,-1
00167,8,0,697,1145,686,0.99737215,-1,-1,-1
00167,3,1888,418,198,67,0.99180263,-1,-1,-1
00167,3,1417,480,251,246,0.9731808,-1,-1,-1
00167,3,1213,290,58,46,0.9542684,-1,-1,-1
00168,8,15,665,789,693,0.9951074,-1,-1,-1
00168,3,1888,418,198,67,0.9919234,-1,-1,-1
00168,3,1213,290,58,46,0.95684963,-1,-1,-1
00168,3,1421,486,255,242,0.9265953,-1,-1,-1
00169,8,7,744,482,516,0.997384,-1,-1,-1
00169,3,1889,417,197,68,0.9928247,-1,-1,-1
00169,3,1428,495,256,239,0.9889486,-1,-1,-1
00169,3,1214,291,58,46,0.9435873,-1,-1,-1
00170,3,1889,417,196,68,0.99298394,-1,-1,-1
00170,3,1432,497,261,248,0.97909784,-1,-1,-1
00170,3,1214,291,58,46,0.9427876,-1,-1,-1
00171,3,1889,418,197,67,0.99180824,-1,-1,-1
00171,3,1443,496,258,253,0.98434365,-1,-1,-1
00171,3,1214,290,56,45,0.9610049,-1,-1,-1
00172,3,1889,418,197,67,0.9918394,-1,-1,-1
00172,3,1435,496,270,261,0.99045265,-1,-1,-1
00172,3,1214,291,55,44,0.9618485,-1,-1,-1
00173,3,1889,418,196,67,0.99148715,-1,-1,-1
00173,3,1438,497,271,266,0.9905447,-1,-1,-1
00173,3,1214,290,55,45,0.96096593,-1,-1,-1
00174,3,1889,418,197,67,0.99166214,-1,-1,-1
00174,3,1434,496,284,268,0.97167295,-1,-1,-1
00174,3,1214,290,55,45,0.9585388,-1,-1,-1
00175,3,1889,418,197,67,0.9919292,-1,-1,-1
00175,3,1436,506,286,268,0.96394855,-1,-1,-1
00175,3,1214,291,55,44,0.9605157,-1,-1,-1
00176,3,1889,418,197,67,0.99186265,-1,-1,-1
00176,3,1437,506,294,275,0.9738964,-1,-1,-1
00176,3,1214,291,55,44,0.9595286,-1,-1,-1
00177,3,1889,418,197,67,0.99167424,-1,-1,-1
00177,3,1443,518,297,272,0.98510575,-1,-1,-1
00177,3,1214,291,55,44,0.9588471,-1,-1,-1
00178,3,1889,418,197,67,0.99120754,-1,-1,-1
00178,3,1453,519,292,272,0.9890666,-1,-1,-1
00178,3,1214,291,55,44,0.959541,-1,-1,-1
00179,3,1889,418,197,67,0.9911117,-1,-1,-1
00179,3,1451,523,302,264,0.9826155,-1,-1,-1
00179,3,1214,290,55,45,0.9622625,-1,-1,-1
00180,3,1889,418,197,67,0.9908743,-1,-1,-1
00180,3,1453,527,310,282,0.96233535,-1,-1,-1
00180,3,1214,290,55,45,0.9621112,-1,-1,-1
00181,3,1889,417,197,68,0.99274546,-1,-1,-1
00181,3,1460,528,310,284,0.96236503,-1,-1,-1
00181,3,1215,289,56,48,0.95268494,-1,-1,-1
00181,3,2260,1594,301,292,0.9084889,-1,-1,-1
00182,3,1889,417,197,68,0.9929288,-1,-1,-1
00182,3,2092,1532,466,383,0.98244184,-1,-1,-1
00182,3,1462,529,310,291,0.9785367,-1,-1,-1
00182,3,1215,289,56,48,0.94761133,-1,-1,-1
00183,3,1944,1471,617,436,0.99592614,-1,-1,-1
00183,3,1889,417,197,68,0.99300826,-1,-1,-1
00183,3,1463,524,319,303,0.9694838,-1,-1,-1
00183,3,1215,289,56,48,0.9416446,-1,-1,-1
00184,3,1809,1436,749,483,0.99715316,-1,-1,-1
00184,3,1889,417,197,68,0.99309313,-1,-1,-1
00184,3,1463,524,323,314,0.96028656,-1,-1,-1
00184,3,1215,289,56,48,0.94654894,-1,-1,-1
00185,3,1655,1374,900,536,0.99942553,-1,-1,-1
00185,3,1889,417,197,68,0.9932688,-1,-1,-1
00185,3,1458,537,336,304,0.9688316,-1,-1,-1
00185,3,1215,289,56,48,0.94143474,-1,-1,-1
00186,3,1504,1319,1048,588,0.999622,-1,-1,-1
00186,3,1889,417,197,68,0.99297994,-1,-1,-1
00186,3,1469,543,328,301,0.97630423,-1,-1,-1
00186,3,1215,289,56,48,0.9403179,-1,-1,-1
00187,3,1348,1267,1200,641,0.9994584,-1,-1,-1
00187,3,1889,417,197,68,0.9928766,-1,-1,-1
00187,3,1472,545,335,304,0.9456356,-1,-1,-1
00187,3,1215,289,56,48,0.9411866,-1,-1,-1
00188,3,1199,1221,1362,689,0.9990777,-1,-1,-1
00188,3,1889,417,197,68,0.99252665,-1,-1,-1
00188,3,1215,289,56,48,0.94367105,-1,-1,-1
00188,3,1472,546,355,301,0.92190063,-1,-1,-1
00189,3,1044,1169,1517,752,0.99840707,-1,-1,-1
00189,3,1889,417,197,68,0.9937091,-1,-1,-1
00189,3,1473,545,361,308,0.9772052,-1,-1,-1
00189,3,1215,290,56,47,0.9403307,-1,-1,-1
00190,3,899,1147,1615,771,0.99603444,-1,-1,-1
00190,3,1889,417,197,68,0.9939254,-1,-1,-1
00190,3,1215,290,56,47,0.9360542,-1,-1,-1
00190,3,1481,545,360,319,0.92426825,-1,-1,-1
00191,3,758,1135,1551,763,0.99841833,-1,-1,-1
00191,3,1889,418,196,67,0.99354386,-1,-1,-1
00191,3,1485,548,359,328,0.9695109,-1,-1,-1
00191,3,1215,288,56,49,0.9278285,-1,-1,-1
00192,3,596,1089,1487,800,0.9979584,-1,-1,-1
00192,3,1889,418,196,67,0.99356776,-1,-1,-1
00192,3,1488,557,358,322,0.9890443,-1,-1,-1
00192,3,1215,289,55,48,0.92908984,-1,-1,-1
00193,3,473,1054,1411,753,0.99886286,-1,-1,-1
00193,3,1886,419,199,65,0.99441576,-1,-1,-1
00193,3,1492,553,370,333,0.9734422,-1,-1,-1
00193,3,1214,289,56,48,0.9329929,-1,-1,-1
00194,3,306,1019,1403,724,0.9989505,-1,-1,-1
00194,3,1886,419,198,65,0.9943374,-1,-1,-1
00194,3,1496,558,370,331,0.9680798,-1,-1,-1
00194,3,1214,289,56,48,0.93685585,-1,-1,-1
00195,3,161,984,1364,686,0.9992793,-1,-1,-1
00195,3,1886,419,199,66,0.99423826,-1,-1,-1
00195,3,1494,561,383,336,0.9801374,-1,-1,-1
00195,3,1214,289,56,48,0.93446267,-1,-1,-1
00196,3,19,958,1330,651,0.9986646,-1,-1,-1
00196,3,1886,419,199,65,0.99416995,-1,-1,-1
00196,3,1494,554,384,357,0.9660623,-1,-1,-1
00196,3,1214,289,56,48,0.9378344,-1,-1,-1
00197,3,0,928,1155,622,0.9990576,-1,-1,-1
00197,3,1886,419,199,65,0.9940615,-1,-1,-1
00197,3,1498,559,389,354,0.97216034,-1,-1,-1
00197,3,1214,289,56,48,0.9405496,-1,-1,-1
00198,3,0,926,989,576,0.99914217,-1,-1,-1
00198,3,1890,418,195,67,0.9938299,-1,-1,-1
00198,3,1214,289,56,48,0.941268,-1,-1,-1
00198,3,1495,567,392,354,0.8831189,-1,-1,-1
00199,3,0,899,856,553,0.99724615,-1,-1,-1
00199,3,1890,418,195,67,0.9938811,-1,-1,-1
00199,3,1498,573,397,350,0.9674664,-1,-1,-1
00199,3,1214,289,56,48,0.9412487,-1,-1,-1
00200,3,0,875,694,537,0.9965017,-1,-1,-1
00200,3,1890,418,195,67,0.9939361,-1,-1,-1
00200,3,1494,570,409,353,0.9521028,-1,-1,-1
00200,3,1214,289,56,48,0.9417293,-1,-1,-1
00201,3,1890,418,196,66,0.9944883,-1,-1,-1
00201,3,8,841,526,520,0.99192166,-1,-1,-1
00201,3,1214,289,57,48,0.93919975,-1,-1,-1
00201,3,1499,572,410,356,0.9114316,-1,-1,-1
00202,3,0,839,379,442,0.99751496,-1,-1,-1
00202,3,1891,418,195,66,0.9946148,-1,-1,-1
00202,3,1499,567,419,364,0.95286465,-1,-1,-1
00202,3,1214,289,57,48,0.94015974,-1,-1,-1
00203,3,0,860,225,370,0.99661463,-1,-1,-1
00203,3,1890,417,196,67,0.9945914,-1,-1,-1
00203,3,1214,289,57,48,0.94154906,-1,-1,-1
00203,3,1503,577,413,357,0.9199633,-1,-1,-1
00204,3,0,903,66,225,0.99492973,-1,-1,-1
00204,3,1890,417,196,67,0.9947301,-1,-1,-1
00204,3,1214,289,57,48,0.94097894,-1,-1,-1
00204,3,1500,573,419,363,0.9377161,-1,-1,-1
00205,3,1890,417,196,67,0.9940304,-1,-1,-1
00205,3,1214,290,56,47,0.93138516,-1,-1,-1
00205,3,1499,572,421,363,0.88374245,-1,-1,-1
00206,3,1890,417,196,67,0.99392265,-1,-1,-1
00206,3,1214,290,56,47,0.93440783,-1,-1,-1
00206,3,1501,571,426,365,0.9327885,-1,-1,-1
00207,3,1891,417,195,67,0.99448204,-1,-1,-1
00207,3,1214,290,56,47,0.935696,-1,-1,-1
00207,3,1506,580,415,359,0.9157691,-1,-1,-1
00208,3,1890,417,196,67,0.9946413,-1,-1,-1
00208,3,1504,578,424,359,0.94962096,-1,-1,-1
00208,3,1214,290,57,47,0.9269557,-1,-1,-1
00209,3,1890,417,196,67,0.99436104,-1,-1,-1
00209,3,1505,578,425,363,0.9555291,-1,-1,-1
00209,3,1214,290,56,47,0.9342171,-1,-1,-1
00210,3,1890,417,196,67,0.9943242,-1,-1,-1
00210,3,1503,576,425,362,0.9544469,-1,-1,-1
00210,3,1214,290,57,47,0.9338608,-1,-1,-1
00211,3,1890,418,196,66,0.9942853,-1,-1,-1
00211,3,1511,586,414,356,0.94011545,-1,-1,-1
00211,3,1213,292,56,44,0.91727525,-1,-1,-1
00212,3,1891,418,195,66,0.9942725,-1,-1,-1
00212,3,1498,589,425,356,0.9471282,-1,-1,-1
00212,3,1213,292,56,44,0.91788805,-1,-1,-1
00213,3,1890,418,196,66,0.99428165,-1,-1,-1
00213,3,1505,580,427,362,0.935178,-1,-1,-1
00213,3,1213,292,56,44,0.92320466,-1,-1,-1
00214,3,1891,418,196,66,0.9943388,-1,-1,-1
00214,3,1510,582,419,362,0.9448318,-1,-1,-1
00214,3,1213,292,56,44,0.92243296,-1,-1,-1
00215,3,1891,418,195,66,0.9941778,-1,-1,-1
00215,3,1510,579,420,362,0.930437,-1,-1,-1
00215,3,1213,292,56,44,0.9213944,-1,-1,-1
00216,3,1891,418,195,66,0.9942122,-1,-1,-1
00216,3,1511,581,418,363,0.9373846,-1,-1,-1
00216,3,1213,292,56,44,0.9225271,-1,-1,-1
00217,3,1890,418,197,67,0.99375784,-1,-1,-1
00217,3,1507,577,421,362,0.9506179,-1,-1,-1
00217,3,1212,292,58,44,0.92686903,-1,-1,-1
00218,3,1890,418,197,67,0.99392265,-1,-1,-1
00218,3,1510,578,421,363,0.9356029,-1,-1,-1
00218,3,1212,292,58,44,0.92584354,-1,-1,-1
00219,3,1890,418,197,67,0.9938678,-1,-1,-1
00219,3,1510,579,421,363,0.9354158,-1,-1,-1
00219,3,1213,292,56,44,0.92499655,-1,-1,-1
00220,3,1890,418,197,67,0.9937355,-1,-1,-1
00220,3,1510,582,419,362,0.94036037,-1,-1,-1
00220,3,1213,292,56,44,0.92630714,-1,-1,-1
00221,3,1890,418,196,67,0.9937688,-1,-1,-1
00221,3,1508,591,415,349,0.9735141,-1,-1,-1
00221,3,1214,287,57,50,0.9411467,-1,-1,-1
00222,3,1890,418,196,67,0.9938543,-1,-1,-1
00222,3,1510,577,419,359,0.9781762,-1,-1,-1
00222,3,1213,287,56,50,0.94718945,-1,-1,-1
00223,3,1890,418,196,67,0.9938572,-1,-1,-1
00223,3,1508,582,418,361,0.96810985,-1,-1,-1
00223,3,1214,287,57,51,0.9433058,-1,-1,-1
00224,3,1890,418,196,67,0.99383646,-1,-1,-1
00224,3,1508,581,418,363,0.9678602,-1,-1,-1
00224,3,1214,287,57,51,0.9424644,-1,-1,-1
00225,3,1890,418,196,67,0.99374217,-1,-1,-1
00225,3,1505,591,420,351,0.9752078,-1,-1,-1
00225,3,1214,287,57,51,0.9450788,-1,-1,-1
00226,3,1890,418,196,67,0.99366933,-1,-1,-1
00226,3,1505,590,420,352,0.9768077,-1,-1,-1
00226,3,1214,287,57,51,0.94432396,-1,-1,-1
00227,3,1890,418,196,67,0.99380106,-1,-1,-1
00227,3,1509,582,418,360,0.9702553,-1,-1,-1
00227,3,1214,287,57,51,0.9410823,-1,-1,-1
00228,3,1890,418,196,67,0.9938805,-1,-1,-1
00228,3,1509,582,418,360,0.96899813,-1,-1,-1
00228,3,1213,288,56,49,0.94232136,-1,-1,-1
00229,3,1891,418,195,67,0.9931265,-1,-1,-1
00229,3,1508,582,420,355,0.96564263,-1,-1,-1
00229,3,1214,288,57,50,0.92701346,-1,-1,-1
00230,3,1891,418,195,67,0.99302316,-1,-1,-1
00230,3,1508,582,420,355,0.9657804,-1,-1,-1
00230,3,1214,288,57,50,0.9290587,-1,-1,-1
00231,3,1890,417,196,68,0.99415684,-1,-1,-1
00231,3,1504,576,425,364,0.95618075,-1,-1,-1
00231,3,1215,289,56,48,0.9475115,-1,-1,-1
00232,3,1890,417,196,68,0.99427176,-1,-1,-1
00232,3,1504,576,424,364,0.953637,-1,-1,-1
00232,3,1215,289,56,48,0.94846416,-1,-1,-1
00232,3,1798,424,44,31,0.70720303,-1,-1,-1
00233,3,1890,417,196,68,0.99418795,-1,-1,-1
00233,3,1505,576,425,365,0.95555437,-1,-1,-1
00233,3,1214,291,57,46,0.94021064,-1,-1,-1
00234,3,1890,417,196,68,0.9942042,-1,-1,-1
00234,3,1504,576,426,365,0.95380294,-1,-1,-1
00234,3,1214,291,57,46,0.9417486,-1,-1,-1
00234,3,1798,424,44,31,0.7093101,-1,-1,-1
00235,3,1890,417,196,68,0.99417686,-1,-1,-1
00235,3,1505,576,425,365,0.95283276,-1,-1,-1
00235,3,1214,291,57,46,0.94188017,-1,-1,-1
00235,3,1798,424,44,32,0.71173304,-1,-1,-1
00236,3,1890,417,196,68,0.9941602,-1,-1,-1
00236,3,1505,577,425,366,0.9498365,-1,-1,-1
00236,3,1214,291,57,46,0.93842864,-1,-1,-1
00236,3,1798,424,44,31,0.71951604,-1,-1,-1
00237,3,1890,417,196,68,0.99410796,-1,-1,-1
00237,3,1506,579,423,362,0.945669,-1,-1,-1
00237,3,1215,291,55,46,0.9408428,-1,-1,-1
00237,3,1798,424,44,31,0.7149792,-1,-1,-1
00238,3,1890,417,196,68,0.9941121,-1,-1,-1
00238,3,1507,579,422,362,0.9411305,-1,-1,-1
00238,3,1214,291,57,46,0.94040465,-1,-1,-1
00238,3,1798,424,44,31,0.71336204,-1,-1,-1
00239,3,1890,417,196,68,0.99414414,-1,-1,-1
00239,3,1214,291,57,46,0.94304055,-1,-1,-1
00239,3,1507,578,422,363,0.9332068,-1,-1,-1
00239,3,1798,424,44,31,0.7046762,-1,-1,-1
00240,3,1890,417,196,68,0.9941056,-1,-1,-1
00240,3,1214,291,57,46,0.942184,-1,-1,-1
00240,3,1506,580,423,360,0.93430316,-1,-1,-1
00240,3,1798,424,44,31,0.7049005,-1,-1,-1
00241,3,1891,417,196,68,0.9939644,-1,-1,-1
00241,3,1507,574,423,366,0.9620108,-1,-1,-1
00241,3,1213,289,57,47,0.9313418,-1,-1,-1
00241,3,1794,424,46,31,0.7006845,-1,-1,-1
00242,3,1891,420,189,64,0.9949418,-1,-1,-1
00242,3,1507,578,421,357,0.95082825,-1,-1,-1
00242,3,1213,289,57,47,0.92836064,-1,-1,-1
00243,3,1891,420,189,64,0.99486876,-1,-1,-1
00243,3,1499,589,425,356,0.964362,-1,-1,-1
00243,3,1213,289,57,47,0.932885,-1,-1,-1
00244,3,1891,420,189,64,0.9948673,-1,-1,-1
00244,3,1506,574,424,366,0.96245325,-1,-1,-1
00244,3,1213,289,57,47,0.931564,-1,-1,-1
00245,3,1890,417,197,68,0.99390054,-1,-1,-1
00245,3,1507,574,423,365,0.9649344,-1,-1,-1
00245,3,1213,289,57,47,0.92564297,-1,-1,-1
00245,3,1797,424,49,33,0.7060973,-1,-1,-1
00246,3,1890,417,197,68,0.9939215,-1,-1,-1
00246,3,1508,574,422,364,0.9646955,-1,-1,-1
00246,3,1213,289,57,47,0.9249433,-1,-1,-1
00246,3,1797,424,49,33,0.70278436,-1,-1,-1
00247,3,1890,417,197,68,0.9939156,-1,-1,-1
00247,3,1499,589,425,356,0.9630192,-1,-1,-1
00247,3,1213,289,57,47,0.9233576,-1,-1,-1
00248,3,1890,417,197,68,0.99408,-1,-1,-1
00248,3,1501,586,427,354,0.94970787,-1,-1,-1
00248,3,1213,289,57,47,0.92320085,-1,-1,-1
00249,3,1890,417,197,68,0.9940753,-1,-1,-1
00249,3,1510,584,417,357,0.94950545,-1,-1,-1
00249,3,1212,289,58,47,0.921254,-1,-1,-1
00250,3,1890,417,197,68,0.9940554,-1,-1,-1
00250,3,1509,581,422,362,0.9554665,-1,-1,-1
00250,3,1213,289,57,47,0.92142725,-1,-1,-1
00251,3,1891,420,190,64,0.9949968,-1,-1,-1
00251,3,1510,581,422,361,0.9593829,-1,-1,-1
00251,3,1212,289,58,47,0.9231449,-1,-1,-1
00252,3,1891,420,190,64,0.99511296,-1,-1,-1
00252,3,1509,579,423,355,0.964656,-1,-1,-1
00252,3,1212,289,58,47,0.91833097,-1,-1,-1
00253,3,1890,420,188,64,0.9948985,-1,-1,-1
00253,3,1508,583,422,350,0.96417135,-1,-1,-1
00253,3,1212,289,59,48,0.93574274,-1,-1,-1
00254,3,1890,420,188,64,0.9949438,-1,-1,-1
00254,3,1506,580,422,358,0.9547416,-1,-1,-1
00254,3,1212,289,59,48,0.9370968,-1,-1,-1
00255,3,1890,420,188,64,0.9949551,-1,-1,-1
00255,3,1505,576,423,366,0.9643109,-1,-1,-1
00255,3,1212,289,59,48,0.9397929,-1,-1,-1
00256,3,1890,420,188,64,0.99503565,-1,-1,-1
00256,3,1505,576,423,366,0.9636856,-1,-1,-1
00256,3,1212,289,59,48,0.94248843,-1,-1,-1
00257,3,1890,420,188,64,0.9951439,-1,-1,-1
00257,3,1500,589,424,356,0.96328807,-1,-1,-1
00257,3,1212,289,59,48,0.94218874,-1,-1,-1
00258,3,1890,420,188,64,0.99511284,-1,-1,-1
00258,3,1499,590,425,355,0.9646063,-1,-1,-1
00258,3,1212,289,59,48,0.9409001,-1,-1,-1
00259,3,1890,420,188,64,0.99520856,-1,-1,-1
00259,3,1511,580,420,352,0.96681,-1,-1,-1
00259,3,1212,289,59,48,0.94117266,-1,-1,-1
00260,3,1890,420,188,64,0.9950487,-1,-1,-1
00260,3,1508,580,419,356,0.9556229,-1,-1,-1
00260,3,1212,289,59,48,0.9393476,-1,-1,-1
00261,3,1890,420,188,64,0.99521434,-1,-1,-1
00261,3,2512,1137,48,157,0.9685495,-1,-1,-1
00261,3,1507,580,421,357,0.9529176,-1,-1,-1
00261,3,1212,289,59,48,0.942131,-1,-1,-1
00262,3,2247,1017,312,409,0.9982298,-1,-1,-1
00262,3,1890,420,188,64,0.9952284,-1,-1,-1
00262,3,1507,581,421,356,0.9530811,-1,-1,-1
00262,3,1212,289,59,48,0.9404923,-1,-1,-1
00263,3,1986,933,575,490,0.9982089,-1,-1,-1
00263,3,1893,418,191,67,0.99501497,-1,-1,-1
00263,3,1213,290,58,47,0.955049,-1,-1,-1
00263,3,1510,587,416,354,0.92910105,-1,-1,-1
00264,3,1722,927,839,466,0.9987147,-1,-1,-1
00264,3,1891,420,188,64,0.995837,-1,-1,-1
00264,3,1213,290,58,47,0.9564475,-1,-1,-1
00264,3,1504,588,430,349,0.9345778,-1,-1,-1
00265,3,1890,420,190,64,0.9953206,-1,-1,-1
00265,3,1412,884,1149,530,0.995262,-1,-1,-1
00265,3,1214,289,57,48,0.9550737,-1,-1,-1
00265,3,1507,579,423,361,0.85310477,-1,-1,-1
00266,3,1122,875,1293,515,0.99851686,-1,-1,-1
00266,3,1891,420,188,64,0.99527234,-1,-1,-1
00266,3,1213,290,58,47,0.95262057,-1,-1,-1
00266,3,1510,586,407,293,0.9330595,-1,-1,-1
00267,3,794,817,1292,550,0.99780685,-1,-1,-1
00267,3,1891,420,188,64,0.99523395,-1,-1,-1
00267,3,1510,590,410,291,0.9619329,-1,-1,-1
00267,3,1213,290,58,47,0.95239633,-1,-1,-1
00268,3,486,812,1277,534,0.9972855,-1,-1,-1
00268,3,1891,420,188,64,0.99520516,-1,-1,-1
00268,3,1213,290,58,47,0.95025575,-1,-1,-1
00268,3,1502,577,426,368,0.9065785,-1,-1,-1
00269,3,1891,420,188,64,0.9951799,-1,-1,-1
00269,3,136,784,1298,517,0.99500185,-1,-1,-1
00269,3,1213,290,58,47,0.95197356,-1,-1,-1
00269,3,1503,580,423,363,0.9342788,-1,-1,-1
00270,3,2,767,1117,493,0.9966446,-1,-1,-1
00270,3,1891,420,188,64,0.9952318,-1,-1,-1
00270,3,1214,289,57,48,0.9507964,-1,-1,-1
00270,3,1504,580,423,362,0.93604743,-1,-1,-1
00271,3,1891,420,189,64,0.9952988,-1,-1,-1
00271,3,0,735,818,511,0.96109015,-1,-1,-1
00271,3,1214,289,57,49,0.9533285,-1,-1,-1
00271,3,1501,591,423,351,0.94789636,-1,-1,-1
00272,3,1890,419,190,65,0.9953282,-1,-1,-1
00272,3,1214,289,57,49,0.9525166,-1,-1,-1
00272,3,1503,575,426,364,0.94394195,-1,-1,-1
00272,3,12,733,519,512,0.89053714,-1,-1,-1
00273,3,1889,417,197,68,0.99435306,-1,-1,-1
00273,3,1,701,248,422,0.988101,-1,-1,-1
00273,3,1214,288,57,50,0.94232655,-1,-1,-1
00273,3,1509,582,420,361,0.93230176,-1,-1,-1
00274,3,1889,417,197,68,0.9942585,-1,-1,-1
00274,3,1509,582,420,361,0.9382035,-1,-1,-1
00274,3,1214,288,57,50,0.9305264,-1,-1,-1
00275,3,1889,418,197,67,0.99416757,-1,-1,-1
00275,3,1510,585,415,356,0.9378516,-1,-1,-1
00275,3,1214,288,57,50,0.93039995,-1,-1,-1
00276,3,1889,417,197,68,0.99418867,-1,-1,-1
00276,3,1509,581,421,362,0.9475408,-1,-1,-1
00276,3,1214,288,57,50,0.92864054,-1,-1,-1
00277,3,1889,417,197,68,0.994262,-1,-1,-1
00277,3,1508,584,423,359,0.95111996,-1,-1,-1
00277,3,1215,288,56,49,0.93439865,-1,-1,-1
00278,3,1889,417,197,68,0.9942327,-1,-1,-1
00278,3,1508,584,423,359,0.94926196,-1,-1,-1
00278,3,1215,288,56,50,0.9347852,-1,-1,-1
00279,3,1889,417,197,68,0.9941881,-1,-1,-1
00279,3,1508,584,423,360,0.94755,-1,-1,-1
00279,3,1214,290,55,45,0.9343915,-1,-1,-1
00279,3,1793,423,48,34,0.7075975,-1,-1,-1
00280,3,1889,417,197,68,0.9941843,-1,-1,-1
00280,3,1508,582,424,360,0.94598544,-1,-1,-1
00280,3,1215,288,56,50,0.93431073,-1,-1,-1
00280,3,1793,423,48,34,0.70675534,-1,-1,-1
00281,3,1889,417,197,68,0.99432254,-1,-1,-1
00281,3,1507,582,426,359,0.9432622,-1,-1,-1
00281,3,1215,288,56,50,0.93496084,-1,-1,-1
00281,3,1793,423,48,34,0.7047207,-1,-1,-1
00282,3,1889,417,197,68,0.9942669,-1,-1,-1
00282,3,1504,580,426,361,0.9542024,-1,-1,-1
00282,3,1215,289,56,49,0.93482393,-1,-1,-1
00282,3,1793,423,48,34,0.7011989,-1,-1,-1
00283,3,1891,418,195,67,0.99475807,-1,-1,-1
00283,3,1497,588,428,359,0.95929545,-1,-1,-1
00283,3,1216,290,55,48,0.9162286,-1,-1,-1
00283,3,1702,385,46,44,0.7071291,-1,-1,-1
00284,3,1891,418,195,67,0.99469995,-1,-1,-1
00284,3,1498,588,426,359,0.95705676,-1,-1,-1
00284,3,1216,291,56,47,0.91656786,-1,-1,-1
00284,3,1702,385,46,44,0.72539943,-1,-1,-1
00285,3,1890,418,196,67,0.9945004,-1,-1,-1
00285,3,1507,578,422,357,0.96722543,-1,-1,-1
00285,3,1216,291,56,47,0.9131366,-1,-1,-1
00285,3,1702,385,46,44,0.71337414,-1,-1,-1
00286,3,1891,418,195,67,0.99465454,-1,-1,-1
00286,3,1508,577,421,358,0.9707016,-1,-1,-1
00286,3,1216,291,56,47,0.91757405,-1,-1,-1
00286,3,1702,385,46,44,0.7049017,-1,-1,-1
00287,3,1891,418,195,67,0.9946582,-1,-1,-1
00287,3,1508,576,421,362,0.9741673,-1,-1,-1
00287,3,1216,291,56,47,0.9224579,-1,-1,-1
00287,3,1700,383,53,48,0.7001266,-1,-1,-1
00288,3,1891,418,195,67,0.99470747,-1,-1,-1
00288,3,1504,580,423,362,0.9617722,-1,-1,-1
00288,3,1216,291,56,47,0.92524666,-1,-1,-1
00289,3,1891,417,196,68,0.99500376,-1,-1,-1
00289,3,1507,576,422,362,0.9585367,-1,-1,-1
00289,3,1215,289,56,49,0.9304653,-1,-1,-1
00290,3,1891,417,196,68,0.99501425,-1,-1,-1
00290,3,1507,576,422,362,0.95727384,-1,-1,-1
00290,3,1215,289,56,49,0.93062955,-1,-1,-1
00291,3,1891,417,196,68,0.9950299,-1,-1,-1
00291,3,1507,576,422,362,0.95508736,-1,-1,-1
00291,3,1215,289,56,49,0.9306149,-1,-1,-1
00292,3,1891,418,196,66,0.99500966,-1,-1,-1
00292,3,1507,576,422,362,0.9572234,-1,-1,-1
00292,3,1215,289,56,49,0.9316188,-1,-1,-1
00293,3,1891,418,196,66,0.9950257,-1,-1,-1
00293,3,1506,576,423,363,0.95779794,-1,-1,-1
00293,3,1215,289,56,49,0.92851585,-1,-1,-1
00294,3,1891,417,196,68,0.99502665,-1,-1,-1
00294,3,1507,576,422,362,0.9572098,-1,-1,-1
00294,3,1215,289,56,49,0.9284112,-1,-1,-1
00295,3,1891,418,196,67,0.9950611,-1,-1,-1
00295,3,1507,576,422,361,0.95554054,-1,-1,-1
00295,3,1215,289,56,49,0.9254697,-1,-1,-1
00296,3,1891,417,196,68,0.9949927,-1,-1,-1
00296,3,1507,578,422,357,0.95787704,-1,-1,-1
00296,3,1215,289,56,49,0.9240918,-1,-1,-1
00297,3,1891,418,196,66,0.99490875,-1,-1,-1
00297,3,1509,582,421,361,0.9436011,-1,-1,-1
00297,3,1215,289,56,49,0.9254189,-1,-1,-1
00298,3,1890,418,197,66,0.9948559,-1,-1,-1
00298,3,1509,582,421,361,0.94336444,-1,-1,-1
00298,3,1215,289,56,49,0.92272556,-1,-1,-1
00299,3,1891,418,196,66,0.99486756,-1,-1,-1
00299,3,1509,582,421,361,0.9421501,-1,-1,-1
00299,3,1215,289,56,49,0.9223941,-1,-1,-1
00300,3,1891,417,196,67,0.99489826,-1,-1,-1
00300,3,1507,579,423,355,0.9564041,-1,-1,-1
00300,3,1215,289,57,49,0.92414016,-1,-1,-1
00301,3,1893,420,194,64,0.995145,-1,-1,-1
00301,3,1507,576,423,360,0.95501083,-1,-1,-1
00301,3,1215,289,56,49,0.9200347,-1,-1,-1
00302,3,1893,420,194,64,0.99515873,-1,-1,-1
00302,3,1507,578,424,356,0.95593196,-1,-1,-1
00302,3,1215,289,56,49,0.9188091,-1,-1,-1
00303,3,1893,420,195,64,0.9951421,-1,-1,-1
00303,3,1507,577,423,358,0.9566161,-1,-1,-1
00303,3,1215,290,56,48,0.92059886,-1,-1,-1
00304,3,1893,420,195,64,0.9951165,-1,-1,-1
00304,3,1508,581,423,363,0.94462943,-1,-1,-1
00304,3,1215,290,56,48,0.9200208,-1,-1,-1
00305,3,1893,420,195,64,0.9951332,-1,-1,-1
00305,3,1508,581,423,363,0.9432521,-1,-1,-1
00305,3,1215,289,56,49,0.92043835,-1,-1,-1
00306,3,1893,420,195,64,0.9951277,-1,-1,-1
00306,3,1508,579,423,363,0.936635,-1,-1,-1
00306,3,1215,289,56,49,0.919595,-1,-1,-1
00307,3,1893,420,195,64,0.995144,-1,-1,-1
00307,3,1509,580,422,363,0.93713766,-1,-1,-1
00307,3,1215,290,56,48,0.9206264,-1,-1,-1
00308,3,1893,420,195,64,0.9951375,-1,-1,-1
00308,3,1509,580,422,363,0.9389883,-1,-1,-1
00308,3,1215,290,56,48,0.92112195,-1,-1,-1
00309,3,1893,420,195,64,0.99513197,-1,-1,-1
00309,3,1508,580,424,362,0.9354803,-1,-1,-1
00309,3,1215,289,56,49,0.92180145,-1,-1,-1
00310,3,1893,420,195,64,0.9951108,-1,-1,-1
00310,3,1509,580,422,362,0.93584734,-1,-1,-1
00310,3,1216,290,55,48,0.9218857,-1,-1,-1
00311,3,1893,420,195,64,0.9951154,-1,-1,-1
00311,3,1509,579,422,363,0.9357488,-1,-1,-1
00311,3,1215,289,56,48,0.92332876,-1,-1,-1
00312,3,1893,420,195,64,0.99512225,-1,-1,-1
00312,3,1509,580,422,363,0.936761,-1,-1,-1
00312,3,1216,289,55,48,0.9233795,-1,-1,-1
00313,3,1893,420,195,64,0.9951971,-1,-1,-1
00313,3,1507,577,423,357,0.95688874,-1,-1,-1
00313,3,1215,289,56,49,0.925754,-1,-1,-1
00314,3,1893,420,195,64,0.99517894,-1,-1,-1
00314,3,1496,589,428,357,0.9526783,-1,-1,-1
00314,3,1215,289,56,49,0.9217438,-1,-1,-1
00315,3,1893,420,195,64,0.99519736,-1,-1,-1
00315,3,1501,587,427,353,0.95116806,-1,-1,-1
00315,3,1215,289,56,49,0.9230484,-1,-1,-1
00316,3,1893,420,195,64,0.99520713,-1,-1,-1
00316,3,11,1216,279,541,0.99273187,-1,-1,-1
00316,3,1509,580,422,361,0.93962747,-1,-1,-1
00316,3,1215,289,56,49,0.92161953,-1,-1,-1
00317,3,13,1106,713,771,0.9981536,-1,-1,-1
00317,3,1891,417,196,67,0.99446917,-1,-1,-1
00317,3,1508,581,424,359,0.9563425,-1,-1,-1
00317,3,1214,288,57,50,0.95107156,-1,-1,-1
00318,3,3,1060,1163,834,0.9995459,-1,-1,-1
00318,3,1891,417,196,67,0.99454075,-1,-1,-1
00318,3,1509,581,423,360,0.9574392,-1,-1,-1
00318,3,1215,289,56,49,0.9516477,-1,-1,-1
00319,3,34,1100,1606,804,0.99872905,-1,-1,-1
00319,3,1891,417,196,67,0.9942935,-1,-1,-1
00319,3,1500,586,429,354,0.9585785,-1,-1,-1
00319,3,1215,289,56,49,0.95278114,-1,-1,-1
00320,3,16,1149,2105,752,0.9979074,-1,-1,-1
00320,3,1891,417,196,67,0.9943104,-1,-1,-1
00320,3,1215,289,56,49,0.9552776,-1,-1,-1
00320,3,1500,586,428,354,0.9541833,-1,-1,-1
00321,3,519,1174,2017,745,0.9976278,-1,-1,-1
00321,3,1891,417,197,67,0.9944352,-1,-1,-1
00321,3,1501,587,427,353,0.9598305,-1,-1,-1
00321,3,1215,289,56,49,0.9563161,-1,-1,-1
00322,3,955,1223,1604,698,0.999355,-1,-1,-1
00322,3,1891,417,197,67,0.99451077,-1,-1,-1
00322,3,1508,575,422,363,0.9715201,-1,-1,-1
00322,3,1215,289,56,49,0.94931364,-1,-1,-1
00323,3,1435,1240,1126,658,0.9981201,-1,-1,-1
00323,3,1891,417,197,67,0.9949604,-1,-1,-1
00323,3,1509,577,420,358,0.9708467,-1,-1,-1
00323,3,1215,290,56,47,0.9431464,-1,-1,-1
00324,3,1826,1254,735,645,0.99611145,-1,-1,-1
00324,3,1891,417,197,67,0.9953478,-1,-1,-1
00324,3,1505,578,422,361,0.95315343,-1,-1,-1
00324,3,1213,291,56,44,0.93301725,-1,-1,-1
00325,3,1893,419,193,65,0.99580175,-1,-1,-1
00325,3,2189,1327,372,574,0.99134773,-1,-1,-1
00325,3,1507,576,420,360,0.9505505,-1,-1,-1
00325,3,1215,290,56,47,0.94336957,-1,-1,-1
00326,3,1893,419,194,65,0.9955396,-1,-1,-1
00326,3,1507,577,420,359,0.961978,-1,-1,-1
00326,3,1215,290,56,47,0.95022714,-1,-1,-1
00327,3,1890,416,198,69,0.994414,-1,-1,-1
00327,3,1503,579,426,362,0.9735048,-1,-1,-1
00327,3,1216,288,55,48,0.9173391,-1,-1,-1
00328,3,1890,416,197,69,0.9944096,-1,-1,-1
00328,3,1509,584,418,356,0.96238667,-1,-1,-1
00328,3,1215,287,56,50,0.92440313,-1,-1,-1
00329,3,1890,417,198,68,0.99437666,-1,-1,-1
00329,3,1509,584,417,356,0.9747961,-1,-1,-1
00329,3,1216,287,55,49,0.9305201,-1,-1,-1
00330,3,1890,417,198,68,0.9943896,-1,-1,-1
00330,3,1508,584,418,356,0.9736439,-1,-1,-1
00330,3,1216,288,55,48,0.929269,-1,-1,-1
00331,3,1890,417,198,68,0.9945602,-1,-1,-1
00331,3,1504,579,426,364,0.9756585,-1,-1,-1
00331,3,1216,288,55,48,0.92349535,-1,-1,-1
00332,3,1889,417,198,67,0.99459535,-1,-1,-1
00332,3,1501,583,430,355,0.9719529,-1,-1,-1
00332,3,1216,288,55,48,0.9219981,-1,-1,-1
00333,3,1889,417,198,67,0.9942058,-1,-1,-1
00333,3,1501,585,429,353,0.9651429,-1,-1,-1
00333,3,1216,288,55,48,0.9328028,-1,-1,-1
00334,3,1889,417,198,67,0.9944027,-1,-1,-1
00334,3,1506,578,423,363,0.9662073,-1,-1,-1
00334,3,1214,290,55,44,0.9115289,-1,-1,-1
00335,3,1889,416,197,68,0.99413836,-1,-1,-1
00335,3,1507,584,423,348,0.9773008,-1,-1,-1
00335,3,1216,290,55,47,0.8975061,-1,-1,-1
00336,3,1889,416,197,68,0.9938459,-1,-1,-1
00336,3,1504,585,427,352,0.96716,-1,-1,-1
00336,3,1214,290,57,46,0.93077934,-1,-1,-1
00337,3,1890,417,197,68,0.9947731,-1,-1,-1
00337,3,1215,289,56,48,0.96770823,-1,-1,-1
00337,3,1510,584,416,357,0.9443115,-1,-1,-1
00338,3,1890,417,197,68,0.9947982,-1,-1,-1
00338,3,1215,289,56,48,0.96799767,-1,-1,-1
00338,3,1506,577,423,367,0.9579714,-1,-1,-1
00339,3,1890,417,197,68,0.99476033,-1,-1,-1
00339,3,1215,289,56,48,0.9666645,-1,-1,-1
00339,3,1501,586,428,353,0.94692385,-1,-1,-1
00340,3,1890,417,197,68,0.9949273,-1,-1,-1
00340,3,1215,289,56,48,0.96686345,-1,-1,-1
00340,3,1501,586,428,354,0.947566,-1,-1,-1
00341,3,1890,417,197,68,0.9948342,-1,-1,-1
00341,3,1215,289,56,48,0.9640767,-1,-1,-1
00341,3,1501,586,428,353,0.94297504,-1,-1,-1
00342,3,1890,417,197,68,0.99475396,-1,-1,-1
00342,3,1215,289,56,48,0.9635447,-1,-1,-1
00342,3,1507,578,422,365,0.95308024,-1,-1,-1
00343,3,1890,417,197,68,0.99491173,-1,-1,-1
00343,3,1215,289,56,48,0.9640609,-1,-1,-1
00343,3,1507,581,420,360,0.95211583,-1,-1,-1
00344,3,1892,418,193,67,0.9947343,-1,-1,-1
00344,3,1215,289,56,48,0.96326816,-1,-1,-1
00344,3,1509,580,422,361,0.94529635,-1,-1,-1
00345,3,1893,418,192,67,0.9948449,-1,-1,-1
00345,3,1215,289,56,48,0.96255606,-1,-1,-1
00345,3,1510,580,420,363,0.9504994,-1,-1,-1
00346,3,1892,418,193,67,0.99486923,-1,-1,-1
00346,3,1215,289,56,48,0.96349704,-1,-1,-1
00346,3,1509,581,421,363,0.9521435,-1,-1,-1
00347,3,1890,417,197,67,0.9947783,-1,-1,-1
00347,3,1509,579,420,362,0.94237685,-1,-1,-1
00347,3,1216,289,55,48,0.93463945,-1,-1,-1
00348,3,1890,417,197,67,0.99486583,-1,-1,-1
00348,3,1510,580,419,362,0.946206,-1,-1,-1
00348,3,1216,289,55,48,0.9310238,-1,-1,-1
00349,3,1889,417,198,67,0.99395484,-1,-1,-1
00349,3,1502,585,426,354,0.9590181,-1,-1,-1
00349,3,1214,291,57,45,0.9371915,-1,-1,-1
00350,3,1889,417,198,67,0.99394774,-1,-1,-1
00350,3,1502,585,426,354,0.9586824,-1,-1,-1
00350,3,1213,291,58,45,0.9390112,-1,-1,-1
00351,3,1889,417,198,67,0.9939175,-1,-1,-1
00351,3,1502,585,426,354,0.957914,-1,-1,-1
00351,3,1213,291,58,45,0.93745524,-1,-1,-1
00352,3,1889,417,198,67,0.9939097,-1,-1,-1
00352,3,2474,1123,87,181,0.9763306,-1,-1,-1
00352,3,1507,575,421,362,0.9680899,-1,-1,-1
00352,3,1215,290,57,45,0.9375429,-1,-1,-1
00353,3,2225,1085,331,306,0.99816114,-1,-1,-1
00353,3,1889,417,198,67,0.99408686,-1,-1,-1
00353,3,1507,576,423,368,0.9644122,-1,-1,-1
00353,3,1214,290,58,45,0.93518955,-1,-1,-1
00354,3,1981,1014,576,398,0.99695504,-1,-1,-1
00354,3,1889,417,198,67,0.9940661,-1,-1,-1
00354,3,1506,576,424,368,0.9643885,-1,-1,-1
00354,3,1214,290,58,45,0.9397417,-1,-1,-1
00355,3,1723,976,838,414,0.9961307,-1,-1,-1
00355,3,1889,417,198,67,0.99399805,-1,-1,-1
00355,3,1507,579,421,364,0.9620395,-1,-1,-1
00355,3,1214,287,57,50,0.9457982,-1,-1,-1
00356,3,1436,958,1125,445,0.9957747,-1,-1,-1
00356,3,1889,417,198,67,0.9939281,-1,-1,-1
00356,3,1214,290,58,45,0.93959266,-1,-1,-1
00356,3,1510,580,422,368,0.9394405,-1,-1,-1
00357,3,1119,933,1358,461,0.9950106,-1,-1,-1
00357,3,1889,417,198,68,0.9945709,-1,-1,-1
00357,3,1215,289,56,48,0.93191856,-1,-1,-1
00357,3,1505,588,428,353,0.91919696,-1,-1,-1
00358,3,829,944,1357,434,0.9946402,-1,-1,-1
00358,3,1889,417,198,68,0.99446964,-1,-1,-1
00358,3,1510,583,417,356,0.94792527,-1,-1,-1
00358,3,1215,289,56,48,0.92788124,-1,-1,-1
00359,3,527,893,1346,448,0.9961623,-1,-1,-1
00359,3,1889,417,198,68,0.9944606,-1,-1,-1
00359,3,1505,577,424,374,0.96333385,-1,-1,-1
00359,3,1215,289,56,48,0.925845,-1,-1,-1
00360,3,209,870,1331,444,0.9976349,-1,-1,-1
00360,3,1889,417,198,68,0.9944999,-1,-1,-1
00360,3,1505,576,425,371,0.9666004,-1,-1,-1
00360,3,1215,289,56,48,0.92442816,-1,-1,-1
00361,3,1889,420,192,64,0.9959103,-1,-1,-1
00361,3,0,834,1274,451,0.993386,-1,-1,-1
00361,3,1511,583,416,360,0.9577028,-1,-1,-1
00361,3,1216,290,55,47,0.9097907,-1,-1,-1
00362,3,0,809,989,480,0.9968837,-1,-1,-1
00362,3,1889,420,192,64,0.9958977,-1,-1,-1
00362,3,1511,583,416,360,0.9550625,-1,-1,-1
00362,3,1215,290,56,47,0.90867,-1,-1,-1
00363,3,1889,417,198,67,0.994779,-1,-1,-1
00363,3,0,770,698,470,0.96371055,-1,-1,-1
00363,3,1511,583,415,360,0.957824,-1,-1,-1
00363,3,1215,290,56,47,0.9087679,-1,-1,-1
00364,3,1890,420,191,64,0.9958977,-1,-1,-1
00364,3,5,776,413,394,0.9945214,-1,-1,-1
00364,3,1511,583,415,360,0.95761645,-1,-1,-1
00364,3,1215,290,56,47,0.90979505,-1,-1,-1
00365,3,0,861,140,234,0.9972722,-1,-1,-1
00365,3,1890,420,191,64,0.9959282,-1,-1,-1
00365,3,1511,583,415,360,0.9539526,-1,-1,-1
00365,3,1215,290,56,47,0.90970486,-1,-1,-1
00366,3,1889,420,191,64,0.9959197,-1,-1,-1
00366,3,1511,583,416,360,0.95866823,-1,-1,-1
00366,3,1215,290,56,47,0.9087454,-1,-1,-1
00367,3,1892,420,194,64,0.9955741,-1,-1,-1
00367,3,1504,581,427,360,0.93910944,-1,-1,-1
00367,3,1215,289,56,48,0.9346531,-1,-1,-1
00368,3,1892,420,194,64,0.99546427,-1,-1,-1
00368,3,1505,581,426,360,0.9361098,-1,-1,-1
00368,3,1215,289,56,48,0.9291274,-1,-1,-1
00369,3,1892,420,194,64,0.9956161,-1,-1,-1
00369,3,1505,581,426,360,0.935974,-1,-1,-1
00369,3,1215,289,56,48,0.9281372,-1,-1,-1
00370,3,1892,420,194,64,0.99558085,-1,-1,-1
00370,3,1505,581,426,360,0.93418086,-1,-1,-1
00370,3,1215,289,56,48,0.9289886,-1,-1,-1
00371,3,1892,420,194,64,0.9955634,-1,-1,-1
00371,3,1505,581,425,360,0.9361574,-1,-1,-1
00371,3,1214,289,57,48,0.92385346,-1,-1,-1
00372,3,1892,420,194,64,0.995533,-1,-1,-1
00372,3,1505,581,426,360,0.9417298,-1,-1,-1
00372,3,1214,289,57,48,0.9201423,-1,-1,-1
00373,3,1894,418,193,65,0.9955699,-1,-1,-1
00373,3,1510,583,415,359,0.91951174,-1,-1,-1
00373,3,1213,291,57,46,0.90436906,-1,-1,-1
00374,3,1894,418,193,65,0.99555826,-1,-1,-1
00374,3,1510,583,415,359,0.9177206,-1,-1,-1
00374,3,1213,291,57,46,0.90404314,-1,-1,-1
00375,3,1894,418,193,65,0.9955149,-1,-1,-1
00375,3,1510,583,415,359,0.92194813,-1,-1,-1
00375,3,1213,291,57,46,0.9031082,-1,-1,-1
00376,3,1895,418,192,65,0.9955253,-1,-1,-1
00376,3,1510,583,415,359,0.926012,-1,-1,-1
00376,3,1213,291,57,46,0.8994895,-1,-1,-1
00377,3,1893,420,194,64,0.99454486,-1,-1,-1
00377,3,1506,582,424,359,0.9480452,-1,-1,-1
00377,3,1214,289,57,49,0.92566544,-1,-1,-1
00378,3,1891,418,196,67,0.9944958,-1,-1,-1
00378,3,1506,582,424,359,0.94968516,-1,-1,-1
00378,3,1214,290,57,48,0.9274298,-1,-1,-1
00379,3,1891,418,195,67,0.9944938,-1,-1,-1
00379,3,1506,577,424,363,0.9638439,-1,-1,-1
00379,3,1214,290,57,48,0.9261232,-1,-1,-1
00380,3,1891,418,195,67,0.9945228,-1,-1,-1
00380,3,2476,1144,85,223,0.99245656,-1,-1,-1
00380,3,1508,577,422,359,0.96743774,-1,-1,-1
00380,3,1214,289,57,49,0.9311732,-1,-1,-1
00381,3,2174,1074,385,391,0.9986015,-1,-1,-1
00381,3,1891,418,196,67,0.9944829,-1,-1,-1
00381,3,1508,577,422,360,0.967,-1,-1,-1
00381,3,1214,289,57,49,0.9331743,-1,-1,-1
00382,3,1851,1001,710,441,0.9975987,-1,-1,-1
00382,3,1891,418,196,67,0.99446446,-1,-1,-1
00382,3,1502,589,426,353,0.960073,-1,-1,-1
00382,3,1214,289,57,49,0.93260306,-1,-1,-1
00383,3,1514,975,1047,475,0.99672097,-1,-1,-1
00383,3,1891,418,196,67,0.9945017,-1,-1,-1
00383,3,1509,585,420,359,0.97274065,-1,-1,-1
00383,3,1214,289,57,49,0.9329439,-1,-1,-1
00384,3,1170,950,1267,482,0.99814165,-1,-1,-1
00384,3,1891,418,195,67,0.99448305,-1,-1,-1
00384,3,1514,592,410,354,0.9595451,-1,-1,-1
00384,3,1214,290,57,48,0.93286973,-1,-1,-1
00385,3,834,936,1233,462,0.9993711,-1,-1,-1
00385,3,1891,418,195,67,0.99384403,-1,-1,-1
00385,3,1506,587,428,372,0.9850332,-1,-1,-1
00385,3,1213,290,58,47,0.9237487,-1,-1,-1
00386,3,457,889,1238,485,0.9988248,-1,-1,-1
00386,3,1891,418,196,67,0.9934509,-1,-1,-1
00386,3,1509,590,423,367,0.97727203,-1,-1,-1
00386,3,1214,289,57,49,0.92295754,-1,-1,-1
00387,3,77,864,1257,461,0.9995222,-1,-1,-1
00387,3,1889,418,197,66,0.99392277,-1,-1,-1
00387,3,1509,585,431,362,0.9665835,-1,-1,-1
00387,3,1215,288,55,49,0.9359319,-1,-1,-1
00388,3,0,837,1003,481,0.9992599,-1,-1,-1
00388,3,1889,418,197,66,0.9937256,-1,-1,-1
00388,3,1215,288,56,49,0.9369923,-1,-1,-1
00388,3,1513,587,436,368,0.92301726,-1,-1,-1
00389,3,0,792,652,489,0.9973718,-1,-1,-1
00389,3,1889,418,197,66,0.99373466,-1,-1,-1
00389,3,1514,592,440,363,0.94036764,-1,-1,-1
00389,3,1215,288,56,49,0.9331217,-1,-1,-1
00390,3,3,803,303,371,0.9968124,-1,-1,-1
00390,3,1889,418,197,66,0.9935962,-1,-1,-1
00390,3,1215,288,56,49,0.9351691,-1,-1,-1
00390,3,1515,591,454,366,0.9270992,-1,-1,-1
00391,3,1890,418,196,67,0.99374217,-1,-1,-1
00391,3,1215,288,56,49,0.9339221,-1,-1,-1
00391,3,1517,587,465,370,0.9058745,-1,-1,-1
00392,3,1890,418,196,67,0.9936766,-1,-1,-1
00392,3,1215,288,56,49,0.9346709,-1,-1,-1
00392,3,1519,586,479,379,0.84521794,-1,-1,-1
00393,3,1890,418,196,66,0.9936354,-1,-1,-1
00393,3,1215,288,56,49,0.93205035,-1,-1,-1
00393,3,1519,593,495,383,0.88358784,-1,-1,-1
00394,3,1890,418,196,66,0.99370205,-1,-1,-1
00394,3,1215,288,56,49,0.93250865,-1,-1,-1
00394,3,1524,599,511,386,0.8788122,-1,-1,-1
00395,3,1890,418,196,66,0.9937004,-1,-1,-1
00395,3,1215,288,56,49,0.93492854,-1,-1,-1
00395,3,1530,600,527,398,0.91876024,-1,-1,-1
00396,3,1890,418,196,66,0.99353266,-1,-1,-1
00396,3,1215,288,56,49,0.93307924,-1,-1,-1
00396,3,1546,605,542,398,0.76791334,-1,-1,-1
00397,3,1889,418,197,66,0.99349374,-1,-1,-1
00397,3,1214,290,57,46,0.9099141,-1,-1,-1
00397,3,1544,615,573,404,0.8454893,-1,-1,-1
00398,3,1889,418,197,66,0.99376124,-1,-1,-1
00398,3,1214,290,57,46,0.90922666,-1,-1,-1
00398,3,1548,623,605,415,0.8939561,-1,-1,-1
00399,3,1889,418,197,66,0.9938731,-1,-1,-1
00399,3,1214,290,57,46,0.90799844,-1,-1,-1
00399,3,1547,622,645,431,0.8256981,-1,-1,-1
00400,3,1889,418,197,67,0.99395645,-1,-1,-1
00400,3,1215,288,56,49,0.914973,-1,-1,-1
00400,3,1563,646,689,426,0.74125886,-1,-1,-1
00401,3,1889,418,197,67,0.993807,-1,-1,-1
00401,3,1214,290,57,46,0.9156981,-1,-1,-1
00402,3,1889,418,197,66,0.9941765,-1,-1,-1
00402,3,1215,288,56,49,0.91145194,-1,-1,-1
00403,3,1890,418,196,67,0.9944299,-1,-1,-1
00403,3,1215,288,56,49,0.9103772,-1,-1,-1
00404,3,1890,420,191,64,0.9952679,-1,-1,-1
00404,3,1215,288,56,49,0.901449,-1,-1,-1
00405,3,1889,417,197,68,0.99414283,-1,-1,-1
00405,3,1215,288,56,49,0.90124303,-1,-1,-1
00406,3,1890,420,190,64,0.99466276,-1,-1,-1
00406,3,1215,288,56,49,0.9017856,-1,-1,-1
00407,3,1891,420,187,64,0.99569005,-1,-1,-1
00407,3,1215,288,54,48,0.9088224,-1,-1,-1
00408,3,1895,419,192,65,0.9958851,-1,-1,-1
00408,3,1215,288,54,48,0.90002495,-1,-1,-1
00408,3,1811,741,750,513,0.75359803,-1,-1,-1
00409,3,1893,420,192,64,0.9956762,-1,-1,-1
00409,3,1214,288,55,48,0.8949524,-1,-1,-1
00410,3,1893,420,192,64,0.99552554,-1,-1,-1
00410,8,1907,763,641,429,0.97602004,-1,-1,-1
00410,3,1214,288,55,49,0.8945605,-1,-1,-1
00411,3,1887,419,196,65,0.99565816,-1,-1,-1
00411,8,1988,779,567,401,0.99125797,-1,-1,-1
00411,3,1214,288,55,49,0.86965716,-1,-1,-1
00412,3,1895,418,191,65,0.99637824,-1,-1,-1
00412,8,2033,789,521,376,0.9322079,-1,-1,-1
00412,3,1214,290,58,46,0.82532245,-1,-1,-1
00413,3,1889,417,196,67,0.99580055,-1,-1,-1
00413,3,1214,289,57,48,0.84825987,-1,-1,-1
00414,3,1889,417,196,67,0.9959176,-1,-1,-1
00414,3,2220,844,338,353,0.8793756,-1,-1,-1
00414,3,1214,289,57,48,0.8509882,-1,-1,-1
00415,3,1889,417,196,67,0.99599946,-1,-1,-1
00415,3,1214,289,57,48,0.8440225,-1,-1,-1
00416,3,1895,418,192,65,0.9961893,-1,-1,-1
00416,3,2444,890,116,267,0.91540617,-1,-1,-1
00416,3,1214,290,57,47,0.8385211,-1,-1,-1
00417,3,1889,417,196,67,0.993687,-1,-1,-1
00417,3,1214,288,55,49,0.9109584,-1,-1,-1
00418,3,1889,417,196,67,0.99369884,-1,-1,-1
00418,3,1214,288,55,49,0.9150316,-1,-1,-1
00419,3,1890,417,195,67,0.9937994,-1,-1,-1
00419,3,1214,288,55,49,0.91914994,-1,-1,-1
00420,3,1889,417,196,67,0.993583,-1,-1,-1
00420,3,1214,289,56,48,0.9310142,-1,-1,-1
00421,3,1890,418,195,66,0.9942578,-1,-1,-1
00421,3,1215,290,56,47,0.9299731,-1,-1,-1
00422,3,1890,417,196,67,0.9939487,-1,-1,-1
00422,3,1214,288,55,48,0.89935964,-1,-1,-1
00423,3,1890,417,195,67,0.9945333,-1,-1,-1
00423,3,1214,291,57,45,0.8886936,-1,-1,-1
00424,3,1890,417,195,67,0.99492306,-1,-1,-1
00424,3,1214,288,56,48,0.88968664,-1,-1,-1
00425,3,1890,417,196,67,0.9947949,-1,-1,-1
00425,3,1214,288,55,48,0.90454173,-1,-1,-1
00426,3,1889,417,197,68,0.9944318,-1,-1,-1
00426,3,1213,291,58,45,0.889482,-1,-1,-1
00427,3,1889,418,196,66,0.9949604,-1,-1,-1
00427,3,1214,289,57,48,0.949999,-1,-1,-1
00428,3,1890,418,195,66,0.9949897,-1,-1,-1
00428,3,1214,289,57,48,0.9510897,-1,-1,-1
00429,3,1889,418,196,66,0.9949266,-1,-1,-1
00429,3,1214,289,57,48,0.95007527,-1,-1,-1
00430,3,1890,418,196,66,0.9948407,-1,-1,-1
00430,3,1214,289,57,48,0.9483766,-1,-1,-1
00431,3,1889,418,197,66,0.9948308,-1,-1,-1
00431,3,1214,289,57,48,0.9509289,-1,-1,-1
00432,3,1889,418,197,66,0.9948421,-1,-1,-1
00432,3,1214,289,57,48,0.94952714,-1,-1,-1
00433,3,1890,418,196,66,0.9953892,-1,-1,-1
00433,3,1214,288,57,48,0.93698484,-1,-1,-1
00434,3,1890,418,196,66,0.9953497,-1,-1,-1
00434,3,1214,288,57,48,0.93666583,-1,-1,-1
00435,3,1890,418,196,66,0.9952619,-1,-1,-1
00435,3,1215,288,56,48,0.9359979,-1,-1,-1
00436,3,1890,418,196,66,0.99532074,-1,-1,-1
00436,3,1215,288,56,48,0.9378219,-1,-1,-1
00437,3,1890,420,189,63,0.99658537,-1,-1,-1
00437,3,1215,289,56,48,0.9221494,-1,-1,-1
00438,3,1890,420,189,63,0.99656314,-1,-1,-1
00438,3,1215,289,56,48,0.92360854,-1,-1,-1
00439,3,1890,420,189,63,0.9965127,-1,-1,-1
00439,3,1215,289,56,48,0.9255008,-1,-1,-1
00440,3,1890,420,189,63,0.99654716,-1,-1,-1
00440,3,1215,289,56,48,0.9223386,-1,-1,-1
00441,3,1890,420,189,63,0.99657494,-1,-1,-1
00441,3,1215,289,56,48,0.9216966,-1,-1,-1
00442,3,1889,417,196,67,0.9956518,-1,-1,-1
00442,3,1215,289,56,48,0.92552024,-1,-1,-1
00443,3,1890,420,189,63,0.99649733,-1,-1,-1
00443,3,1215,289,56,48,0.9246378,-1,-1,-1
00444,3,1889,417,196,67,0.99551755,-1,-1,-1
00444,3,1215,289,56,48,0.9273208,-1,-1,-1
00445,3,1890,417,195,67,0.99528015,-1,-1,-1
00445,3,1215,290,56,47,0.9252365,-1,-1,-1
00446,3,1890,417,195,67,0.9953543,-1,-1,-1
00446,3,1215,290,56,47,0.92591095,-1,-1,-1
00447,3,1890,417,195,67,0.9953649,-1,-1,-1
00447,3,1215,290,56,47,0.924038,-1,-1,-1
00448,3,1890,417,195,67,0.9953884,-1,-1,-1
00448,3,1215,290,56,47,0.92356175,-1,-1,-1
00449,3,1890,417,195,67,0.99541074,-1,-1,-1
00449,3,1215,290,56,47,0.923831,-1,-1,-1
00450,3,1890,417,195,67,0.99543023,-1,-1,-1
00450,3,1215,290,56,47,0.92348033,-1,-1,-1
00451,3,1890,420,191,63,0.9964485,-1,-1,-1
00451,3,1215,290,56,47,0.92442554,-1,-1,-1
00452,3,1890,420,191,63,0.99645656,-1,-1,-1
00452,3,1215,290,56,47,0.9252503,-1,-1,-1
00453,3,1890,420,191,63,0.9964702,-1,-1,-1
00453,3,1215,290,56,47,0.92225945,-1,-1,-1
00454,3,1890,420,191,63,0.996439,-1,-1,-1
00454,3,1215,290,56,47,0.9226445,-1,-1,-1
00455,3,1890,420,191,63,0.9964568,-1,-1,-1
00455,3,1215,290,56,47,0.9235574,-1,-1,-1
00456,3,1890,417,195,67,0.9954294,-1,-1,-1
00456,3,1215,290,56,47,0.9218,-1,-1,-1
00457,3,1890,420,190,63,0.9963826,-1,-1,-1
00457,3,1215,290,56,47,0.91935956,-1,-1,-1
00458,3,1890,420,189,63,0.9964013,-1,-1,-1
00458,3,1215,290,56,47,0.91915315,-1,-1,-1
00459,3,1890,420,190,63,0.9963904,-1,-1,-1
00459,3,1215,290,56,47,0.9250338,-1,-1,-1
00460,3,1890,420,190,63,0.99635255,-1,-1,-1
00460,3,1215,290,56,47,0.9260739,-1,-1,-1
