00001,1,800,369,125,82,0.97636694,-1,-1,-1
00002,1,803,369,121,82,0.9693654,-1,-1,-1
00003,1,803,369,121,82,0.96808004,-1,-1,-1
00004,1,802,369,122,82,0.96479803,-1,-1,-1
00005,1,803,369,121,82,0.96434206,-1,-1,-1
00006,1,803,369,121,82,0.95836544,-1,-1,-1
00007,1,803,369,121,82,0.9567758,-1,-1,-1
00008,1,803,369,121,82,0.9552799,-1,-1,-1
00009,1,803,369,121,82,0.9630471,-1,-1,-1
00010,1,802,369,122,82,0.96434313,-1,-1,-1
00011,1,802,369,122,82,0.9624225,-1,-1,-1
00011,1,428,507,91,75,0.8166298,-1,-1,-1
00012,1,802,369,122,82,0.96632797,-1,-1,-1
00012,1,428,508,93,73,0.7264153,-1,-1,-1
00013,1,802,369,123,82,0.98020405,-1,-1,-1
00013,1,430,508,91,73,0.8154501,-1,-1,-1
00014,1,802,369,123,82,0.9785204,-1,-1,-1
00014,1,434,509,89,73,0.8906982,-1,-1,-1
00015,1,802,369,123,82,0.9770008,-1,-1,-1
00015,1,437,509,85,73,0.8170093,-1,-1,-1
00016,1,802,369,123,82,0.9767347,-1,-1,-1
00016,1,436,509,88,74,0.91243243,-1,-1,-1
00017,1,802,369,123,82,0.97634584,-1,-1,-1
00017,1,436,510,93,75,0.9008939,-1,-1,-1
00018,1,802,369,123,82,0.9759286,-1,-1,-1
00018,1,433,507,101,76,0.79184127,-1,-1,-1
00019,1,802,369,123,82,0.975805,-1,-1,-1
00019,1,434,507,102,77,0.7669685,-1,-1,-1
00020,1,802,369,123,83,0.9757917,-1,-1,-1
00020,1,436,511,102,74,0.93850946,-1,-1,-1
00021,1,802,369,123,82,0.97563565,-1,-1,-1
00021,1,443,511,97,75,0.94834185,-1,-1,-1
00022,1,802,368,126,83,0.98407966,-1,-1,-1
00022,1,446,511,96,76,0.9036043,-1,-1,-1
00022,1,168,580,222,130,0.7083194,-1,-1,-1
00023,1,802,368,126,83,0.9821066,-1,-1,-1
00023,1,453,510,96,76,0.883377,-1,-1,-1
00023,1,1249,180,352,312,0.79568225,-1,-1,-1
00023,1,168,580,222,130,0.7015966,-1,-1,-1
00024,1,802,368,126,83,0.9832061,-1,-1,-1
00024,1,457,512,94,75,0.97261095,-1,-1,-1
00024,1,1223,188,378,303,0.8987416,-1,-1,-1
00024,1,168,580,222,130,0.70008564,-1,-1,-1
00025,1,805,367,118,86,0.9869779,-1,-1,-1
00025,1,1148,210,432,286,0.9671815,-1,-1,-1
00025,1,453,509,101,80,0.9554615,-1,-1,-1
00025,1,169,579,218,132,0.7723691,-1,-1,-1
00026,1,460,510,98,80,0.9788907,-1,-1,-1
00026,1,803,369,122,81,0.9539468,-1,-1,-1
00026,1,1096,231,398,275,0.8955918,-1,-1,-1
00026,1,168,579,220,131,0.76611567,-1,-1,-1
00027,1,470,512,98,79,0.99063385,-1,-1,-1
00027,1,805,368,120,84,0.9885994,-1,-1,-1
00027,1,1060,236,383,260,0.9199412,-1,-1,-1
00027,1,169,580,220,130,0.7155907,-1,-1,-1
00028,1,474,515,99,79,0.987645,-1,-1,-1
00028,1,803,369,121,81,0.9447331,-1,-1,-1
00028,1,1016,250,373,249,0.9363885,-1,-1,-1
00028,1,169,579,219,131,0.72424436,-1,-1,-1
00029,1,480,516,99,78,0.9899502,-1,-1,-1
00029,1,799,369,128,84,0.96536624,-1,-1,-1
00029,1,975,280,331,225,0.8984739,-1,-1,-1
00029,1,169,580,220,130,0.70994973,-1,-1,-1
00030,1,482,514,101,81,0.9942332,-1,-1,-1
00030,1,946,290,313,216,0.97619104,-1,-1,-1
00030,1,800,370,125,84,0.9694537,-1,-1,-1
00030,1,169,579,220,131,0.70970714,-1,-1,-1
00031,1,483,511,107,84,0.9897585,-1,-1,-1
00031,1,917,295,282,217,0.98544955,-1,-1,-1
00031,1,805,368,118,86,0.9816306,-1,-1,-1
00031,1,169,580,220,130,0.7151773,-1,-1,-1
00032,1,488,511,109,87,0.9931526,-1,-1,-1
00032,1,884,309,272,202,0.9582415,-1,-1,-1
00032,1,800,368,122,87,0.9553674,-1,-1,-1
00032,1,1123,269,121,79,0.8432862,-1,-1,-1
00032,1,172,582,214,129,0.7123482,-1,-1,-1
00033,1,494,508,107,91,0.99271154,-1,-1,-1
00033,1,853,319,258,194,0.9193907,-1,-1,-1
00033,1,172,582,214,129,0.7188783,-1,-1,-1
00034,1,498,510,110,92,0.9938474,-1,-1,-1
00034,1,828,330,252,189,0.9773794,-1,-1,-1
00035,1,501,511,120,88,0.99332047,-1,-1,-1
00035,1,810,353,237,171,0.91008484,-1,-1,-1
00035,1,442,512,73,67,0.88042456,-1,-1,-1
00036,1,510,510,118,94,0.9907073,-1,-1,-1
00036,1,441,514,77,65,0.9171308,-1,-1,-1
00036,1,799,352,212,176,0.71994025,-1,-1,-1
00037,1,517,510,123,93,0.99721116,-1,-1,-1
00037,1,442,516,78,64,0.9451761,-1,-1,-1
00038,1,516,507,130,103,0.98771125,-1,-1,-1
00038,1,443,516,79,66,0.96092093,-1,-1,-1
00038,1,753,366,204,162,0.88054,-1,-1,-1
00039,1,523,508,131,107,0.984204,-1,-1,-1
00039,1,442,515,85,68,0.94963366,-1,-1,-1
00039,1,723,380,213,151,0.93226147,-1,-1,-1
00040,1,530,507,136,112,0.98634964,-1,-1,-1
00040,1,708,387,215,147,0.87464345,-1,-1,-1
00040,1,441,516,92,67,0.8692921,-1,-1,-1
00041,1,537,506,138,114,0.9879963,-1,-1,-1
00041,1,701,392,194,136,0.7526244,-1,-1,-1
00041,1,441,517,92,73,0.74060833,-1,-1,-1
00042,1,539,506,150,120,0.9801993,-1,-1,-1
00042,1,691,403,185,125,0.72894275,-1,-1,-1
00042,1,172,581,215,129,0.7060081,-1,-1,-1
00043,1,552,504,147,125,0.9944593,-1,-1,-1
00043,1,459,514,82,74,0.9386334,-1,-1,-1
00043,1,818,371,105,79,0.7043276,-1,-1,-1
00043,1,171,581,216,130,0.70180786,-1,-1,-1
00044,1,555,510,158,127,0.96376026,-1,-1,-1
00044,1,460,517,83,69,0.92766505,-1,-1,-1
00044,1,804,371,121,82,0.8725776,-1,-1,-1
00044,1,171,581,216,129,0.7046948,-1,-1,-1
00045,1,562,515,167,127,0.9792351,-1,-1,-1
00045,1,467,513,83,73,0.9792204,-1,-1,-1
00045,1,801,369,127,85,0.9109516,-1,-1,-1
00046,1,577,514,166,133,0.98915744,-1,-1,-1
00046,1,465,516,85,76,0.9518938,-1,-1,-1
00046,1,805,370,122,82,0.8796497,-1,-1,-1
00047,1,578,512,178,143,0.97511405,-1,-1,-1
00047,1,467,517,88,75,0.96462303,-1,-1,-1
00047,1,803,370,121,83,0.9092333,-1,-1,-1
00048,1,476,518,87,75,0.98632264,-1,-1,-1
00048,1,587,515,200,147,0.9744042,-1,-1,-1
00048,1,801,369,124,85,0.90913403,-1,-1,-1
00049,1,477,519,94,79,0.9879822,-1,-1,-1
00049,1,605,512,198,163,0.96993273,-1,-1,-1
00049,1,804,370,120,81,0.865488,-1,-1,-1
00050,1,481,518,94,79,0.98591274,-1,-1,-1
00050,1,616,510,220,178,0.9784854,-1,-1,-1
00050,1,804,370,120,81,0.854108,-1,-1,-1
00051,1,486,518,95,79,0.991071,-1,-1,-1
00051,1,629,514,231,177,0.987306,-1,-1,-1
00051,1,803,370,120,81,0.8557746,-1,-1,-1
00051,1,610,425,127,102,0.704061,-1,-1,-1
00052,1,490,519,102,81,0.9897658,-1,-1,-1
00052,1,644,511,244,191,0.9865095,-1,-1,-1
00052,1,808,368,116,83,0.764001,-1,-1,-1
00053,1,496,517,101,84,0.98489743,-1,-1,-1
00053,1,661,510,257,213,0.9814611,-1,-1,-1
00053,1,597,430,113,96,0.7399706,-1,-1,-1
00054,1,501,517,102,85,0.9939612,-1,-1,-1
00054,1,679,516,281,223,0.98829097,-1,-1,-1
00054,1,807,369,119,82,0.8261503,-1,-1,-1
00054,1,175,577,214,125,0.7728549,-1,-1,-1
00054,1,589,435,114,95,0.72439975,-1,-1,-1
00055,1,697,522,308,234,0.9922259,-1,-1,-1
00055,1,506,520,111,83,0.9853467,-1,-1,-1
00055,1,807,369,119,82,0.85545343,-1,-1,-1
00055,1,181,581,214,118,0.8353737,-1,-1,-1
00056,1,731,525,323,256,0.9891655,-1,-1,-1
00056,1,511,520,116,85,0.9861196,-1,-1,-1
00056,1,806,369,120,82,0.86305046,-1,-1,-1
00056,1,573,440,115,92,0.74695104,-1,-1,-1
00057,1,516,520,123,87,0.98894966,-1,-1,-1
00057,1,755,524,358,281,0.98799115,-1,-1,-1
00057,1,806,369,120,83,0.861116,-1,-1,-1
00057,1,567,441,111,95,0.81105053,-1,-1,-1
00057,1,183,576,218,123,0.72209626,-1,-1,-1
00058,1,790,523,391,308,0.9955415,-1,-1,-1
00058,1,528,519,124,93,0.98101544,-1,-1,-1
00058,1,806,369,120,81,0.8131024,-1,-1,-1
00059,1,831,534,445,343,0.991943,-1,-1,-1
00059,1,540,517,125,98,0.97181267,-1,-1,-1
00059,1,803,370,124,82,0.89621663,-1,-1,-1
00060,1,871,522,494,390,0.98841023,-1,-1,-1
00060,1,549,516,132,103,0.97497606,-1,-1,-1
00060,1,805,369,122,83,0.8915176,-1,-1,-1
00061,1,926,562,623,407,0.9989749,-1,-1,-1
00061,1,556,518,139,105,0.9864093,-1,-1,-1
00061,1,807,369,122,83,0.9419285,-1,-1,-1
00061,1,549,445,103,95,0.88546747,-1,-1,-1
00061,1,195,577,244,120,0.8369886,-1,-1,-1
00062,1,962,566,639,466,0.9977715,-1,-1,-1
00062,1,566,516,145,110,0.98913467,-1,-1,-1
00062,1,799,368,124,86,0.97179663,-1,-1,-1
00062,1,222,575,218,119,0.951565,-1,-1,-1
00063,1,1036,539,565,611,0.99803144,-1,-1,-1
00063,1,574,517,161,112,0.9961804,-1,-1,-1
00063,1,799,369,124,85,0.97417223,-1,-1,-1
00063,1,234,573,211,124,0.94789875,-1,-1,-1
00064,1,590,518,168,116,0.99496245,-1,-1,-1
00064,1,1136,574,465,483,0.993562,-1,-1,-1
00064,1,798,370,125,85,0.97495407,-1,-1,-1
00064,1,239,569,218,125,0.9108175,-1,-1,-1
00065,1,607,513,181,126,0.9960037,-1,-1,-1
00065,1,800,370,122,84,0.97030526,-1,-1,-1
00065,1,534,454,89,84,0.8817164,-1,-1,-1
00065,1,1286,602,315,512,0.86631477,-1,-1,-1
00065,1,252,568,212,127,0.75005007,-1,-1,-1
00066,1,626,510,183,132,0.9970714,-1,-1,-1
00066,1,800,370,123,84,0.9690276,-1,-1,-1
00066,1,534,456,85,84,0.93605053,-1,-1,-1
00066,1,256,569,217,128,0.81296414,-1,-1,-1
00067,1,648,510,194,137,0.995449,-1,-1,-1
00067,1,801,370,122,83,0.9708435,-1,-1,-1
00067,1,272,563,210,128,0.8700414,-1,-1,-1
00068,1,668,512,208,143,0.98829377,-1,-1,-1
00068,1,801,370,123,83,0.9597447,-1,-1,-1
00068,1,284,559,208,134,0.8289105,-1,-1,-1
00069,1,683,512,238,154,0.9906096,-1,-1,-1
00069,1,801,371,122,83,0.9597449,-1,-1,-1
00069,1,302,558,203,130,0.9317717,-1,-1,-1
00070,1,711,508,249,163,0.98338044,-1,-1,-1
00070,1,800,370,123,84,0.9586721,-1,-1,-1
00070,1,518,458,81,82,0.9116541,-1,-1,-1
00070,1,310,554,205,132,0.8929291,-1,-1,-1
00071,1,745,508,264,167,0.99050903,-1,-1,-1
00071,1,801,370,122,84,0.9498754,-1,-1,-1
00071,1,319,549,208,135,0.89667845,-1,-1,-1
00071,1,516,460,78,80,0.7654428,-1,-1,-1
00072,1,771,504,303,184,0.99065864,-1,-1,-1
00072,1,802,370,121,83,0.94969064,-1,-1,-1
00072,1,335,547,202,136,0.9461074,-1,-1,-1
00073,1,814,497,330,203,0.97480595,-1,-1,-1
00073,1,800,370,123,83,0.9714621,-1,-1,-1
00073,1,339,540,215,142,0.9640251,-1,-1,-1
00074,1,800,370,123,83,0.97085243,-1,-1,-1
00074,1,860,493,368,216,0.95676386,-1,-1,-1
00074,1,350,533,213,144,0.9385217,-1,-1,-1
00074,1,501,464,85,80,0.8959568,-1,-1,-1
00075,1,365,529,210,146,0.9798236,-1,-1,-1
00075,1,799,370,125,83,0.9749531,-1,-1,-1
00075,1,927,483,390,240,0.93694645,-1,-1,-1
00076,1,800,370,123,83,0.97591317,-1,-1,-1
00076,1,373,527,211,146,0.9700106,-1,-1,-1
00076,1,988,470,453,272,0.96159184,-1,-1,-1
00076,1,495,470,83,75,0.7376991,-1,-1,-1
00077,1,798,370,126,83,0.9819002,-1,-1,-1
00077,1,392,526,208,145,0.9672364,-1,-1,-1
00077,1,1075,456,508,308,0.96475387,-1,-1,-1
00077,1,497,470,80,76,0.87695193,-1,-1,-1
00078,1,799,369,125,84,0.9819234,-1,-1,-1
00078,1,402,523,212,146,0.9522308,-1,-1,-1
00078,1,1139,458,462,338,0.95071316,-1,-1,-1
00078,1,496,474,72,68,0.8023705,-1,-1,-1
00079,1,799,369,125,84,0.98070437,-1,-1,-1
00079,1,423,524,210,137,0.9536666,-1,-1,-1
00080,1,798,369,126,85,0.98061407,-1,-1,-1
00080,1,435,520,212,139,0.95882607,-1,-1,-1
00081,1,798,369,125,84,0.97700787,-1,-1,-1
00081,1,438,511,232,147,0.969725,-1,-1,-1
00082,1,463,508,220,151,0.9614022,-1,-1,-1
00082,1,799,370,125,85,0.96070004,-1,-1,-1
00083,1,475,507,221,150,0.9755721,-1,-1,-1
00083,1,800,369,124,86,0.9588731,-1,-1,-1
00084,1,484,498,231,159,0.97616094,-1,-1,-1
00084,1,800,370,124,85,0.9465881,-1,-1,-1
00085,1,807,369,119,85,0.98204297,-1,-1,-1
00085,1,494,497,237,156,0.9742512,-1,-1,-1
00086,1,505,494,250,159,0.9878995,-1,-1,-1
00086,1,806,369,120,85,0.98037785,-1,-1,-1
00087,1,518,491,261,163,0.9866932,-1,-1,-1
00087,1,807,369,119,85,0.9773817,-1,-1,-1
00088,1,537,485,262,171,0.97961134,-1,-1,-1
00088,1,807,369,121,82,0.92947,-1,-1,-1
00089,1,553,479,279,182,0.9831457,-1,-1,-1
00089,1,808,370,119,81,0.92763287,-1,-1,-1
00090,1,565,472,293,194,0.9845657,-1,-1,-1
00090,1,808,370,119,81,0.9242557,-1,-1,-1
00091,1,583,468,294,205,0.97204876,-1,-1,-1
00091,1,810,369,116,83,0.96784323,-1,-1,-1
00092,1,602,463,303,212,0.97837466,-1,-1,-1
00092,1,805,368,124,84,0.96155393,-1,-1,-1
00093,1,631,468,325,225,0.9705368,-1,-1,-1
00093,1,1317,277,284,215,0.96423686,-1,-1,-1
00093,1,804,369,125,84,0.9575172,-1,-1,-1
00094,1,1247,280,354,214,0.984807,-1,-1,-1
00094,1,651,454,330,229,0.96001136,-1,-1,-1
00094,1,804,368,127,84,0.8700676,-1,-1,-1
00095,1,1194,295,337,198,0.99309605,-1,-1,-1
00095,1,684,445,340,246,0.98075587,-1,-1,-1
00095,1,810,368,118,82,0.94494826,-1,-1,-1
00096,1,1158,322,287,173,0.9943758,-1,-1,-1
00096,1,708,442,363,257,0.9771219,-1,-1,-1
00096,1,808,366,120,86,0.8791531,-1,-1,-1
00097,1,1105,328,288,167,0.9946339,-1,-1,-1
00097,1,744,445,383,271,0.97066724,-1,-1,-1
00097,1,807,369,123,82,0.75282794,-1,-1,-1
00098,1,1061,338,270,160,0.9884284,-1,-1,-1
00098,1,758,427,440,292,0.98140174,-1,-1,-1
00099,1,805,412,468,331,0.9881108,-1,-1,-1
00099,1,1055,348,217,150,0.8610513,-1,-1,-1
00100,1,848,392,510,365,0.98435915,-1,-1,-1
00100,1,804,369,126,84,0.9284616,-1,-1,-1
00101,1,869,369,607,380,0.997264,-1,-1,-1
00101,1,803,370,119,82,0.94073826,-1,-1,-1
00101,1,1005,361,152,88,0.75148356,-1,-1,-1
00102,1,970,358,631,426,0.99761057,-1,-1,-1
00102,1,802,371,121,82,0.9503818,-1,-1,-1
00103,1,998,361,603,471,0.99495995,-1,-1,-1
00103,1,804,370,118,83,0.94058466,-1,-1,-1
00103,1,909,373,236,137,0.88108224,-1,-1,-1
00104,1,1051,328,550,485,0.99253184,-1,-1,-1
00104,1,885,394,186,116,0.9696508,-1,-1,-1
00104,1,805,371,115,82,0.8719348,-1,-1,-1
00105,1,865,401,179,110,0.99322623,-1,-1,-1
00105,1,1118,340,483,477,0.9807976,-1,-1,-1
00106,1,836,407,174,105,0.98741955,-1,-1,-1
00106,1,1262,322,339,485,0.8794031,-1,-1,-1
00107,1,815,409,171,103,0.9863599,-1,-1,-1
00107,1,432,503,75,78,0.7631691,-1,-1,-1
00108,1,794,410,166,103,0.9876716,-1,-1,-1
00109,1,785,408,155,103,0.98491293,-1,-1,-1
00109,1,435,509,71,71,0.73073566,-1,-1,-1
00110,1,768,412,148,107,0.9899531,-1,-1,-1
00111,1,756,414,141,104,0.9696497,-1,-1,-1
00111,1,434,505,73,79,0.75943625,-1,-1,-1
00112,1,736,419,143,100,0.9729644,-1,-1,-1
00112,1,438,508,73,73,0.80510956,-1,-1,-1
00113,1,726,420,132,100,0.9899344,-1,-1,-1
00113,1,440,509,72,73,0.9078081,-1,-1,-1
00114,1,712,425,138,96,0.97414976,-1,-1,-1
00114,1,439,510,75,72,0.87091494,-1,-1,-1
00115,1,700,425,129,97,0.97489685,-1,-1,-1
00115,1,438,508,76,77,0.75653565,-1,-1,-1
00116,1,687,425,131,98,0.98404884,-1,-1,-1
00116,1,439,509,78,76,0.8100731,-1,-1,-1
00116,1,804,372,124,79,0.7792156,-1,-1,-1
00117,1,675,435,130,88,0.98641497,-1,-1,-1
00117,1,441,510,80,72,0.93671167,-1,-1,-1
00117,1,804,372,123,79,0.820674,-1,-1,-1
00118,1,664,440,124,85,0.97859174,-1,-1,-1
00118,1,440,507,85,76,0.9633363,-1,-1,-1
00118,1,804,372,117,82,0.91847914,-1,-1,-1
00119,1,659,440,113,84,0.9889488,-1,-1,-1
00119,1,438,507,86,79,0.9756374,-1,-1,-1
00119,1,804,371,119,82,0.91201735,-1,-1,-1
00120,1,650,441,110,84,0.9892846,-1,-1,-1
00120,1,437,506,91,80,0.97290426,-1,-1,-1
00120,1,803,371,120,82,0.9084225,-1,-1,-1
00121,1,641,442,110,86,0.99060106,-1,-1,-1
00121,1,435,508,96,79,0.9606939,-1,-1,-1
00121,1,802,371,127,80,0.87488145,-1,-1,-1
00122,1,634,447,110,81,0.9886091,-1,-1,-1
00122,1,441,509,95,76,0.9515822,-1,-1,-1
00122,1,803,371,130,82,0.9074683,-1,-1,-1
00123,1,625,450,108,79,0.98698354,-1,-1,-1
00123,1,447,512,91,74,0.963918,-1,-1,-1
00123,1,803,371,120,83,0.914963,-1,-1,-1
00124,1,618,452,105,77,0.9857372,-1,-1,-1
00124,1,456,511,88,74,0.97113514,-1,-1,-1
00124,1,803,371,120,83,0.9102436,-1,-1,-1
00125,1,611,454,100,77,0.97252446,-1,-1,-1
00125,1,449,512,94,77,0.95227796,-1,-1,-1
00125,1,802,371,121,83,0.9266784,-1,-1,-1
00126,1,607,456,97,74,0.9771498,-1,-1,-1
00126,1,446,509,100,80,0.9517398,-1,-1,-1
00126,1,804,371,123,80,0.90338165,-1,-1,-1
00127,1,597,458,98,75,0.9810151,-1,-1,-1
00127,1,456,512,94,76,0.9724596,-1,-1,-1
00127,1,803,371,121,83,0.9211344,-1,-1,-1
00128,1,465,512,88,76,0.9828098,-1,-1,-1
00128,1,590,456,95,79,0.9714016,-1,-1,-1
00128,1,802,371,122,83,0.93149054,-1,-1,-1
00129,1,466,514,91,76,0.98959446,-1,-1,-1
00129,1,585,458,94,77,0.9839198,-1,-1,-1
00129,1,803,371,124,80,0.93812925,-1,-1,-1
00130,1,463,513,105,83,0.9910932,-1,-1,-1
00130,1,579,458,96,76,0.97988075,-1,-1,-1
00130,1,803,371,124,80,0.93702716,-1,-1,-1
00131,1,467,514,105,83,0.991271,-1,-1,-1
00131,1,579,461,88,74,0.96332014,-1,-1,-1
00131,1,803,371,124,80,0.9385013,-1,-1,-1
00132,1,473,512,99,86,0.99471706,-1,-1,-1
00132,1,570,460,88,75,0.94177717,-1,-1,-1
00132,1,800,371,121,83,0.92641395,-1,-1,-1
00133,1,480,513,98,85,0.99640816,-1,-1,-1
00133,1,568,463,84,72,0.96355635,-1,-1,-1
00133,1,803,370,124,80,0.94693655,-1,-1,-1
00134,1,482,515,100,85,0.9917389,-1,-1,-1
00134,1,802,370,126,80,0.9568889,-1,-1,-1
00134,1,564,463,85,72,0.9463864,-1,-1,-1
00135,1,484,514,104,85,0.986102,-1,-1,-1
00135,1,802,370,125,80,0.9660243,-1,-1,-1
00136,1,485,515,108,85,0.97898406,-1,-1,-1
00136,1,803,370,124,80,0.9738174,-1,-1,-1
00137,1,493,514,104,88,0.985193,-1,-1,-1
00137,1,803,371,123,79,0.97522485,-1,-1,-1
00138,1,492,519,112,89,0.98558515,-1,-1,-1
00138,1,803,370,123,80,0.97153294,-1,-1,-1
00138,1,545,472,78,66,0.86467177,-1,-1,-1
00139,1,490,514,121,94,0.9952928,-1,-1,-1
00139,1,803,365,126,88,0.9645237,-1,-1,-1
00139,1,543,472,76,66,0.92886525,-1,-1,-1
00140,1,495,516,123,94,0.9936115,-1,-1,-1
00140,1,804,365,125,89,0.9624847,-1,-1,-1
00140,1,540,475,74,67,0.918547,-1,-1,-1
00141,1,509,518,115,95,0.990227,-1,-1,-1
00141,1,801,370,125,83,0.9600484,-1,-1,-1
00141,1,537,475,72,69,0.940814,-1,-1,-1
00142,1,508,517,124,105,0.9910591,-1,-1,-1
00142,1,802,368,128,84,0.9218886,-1,-1,-1
00142,1,532,476,74,66,0.91874725,-1,-1,-1
00142,1,362,546,76,67,0.7300809,-1,-1,-1
00143,1,513,516,130,111,0.9917242,-1,-1,-1
00143,1,802,368,128,84,0.9216865,-1,-1,-1
00143,1,526,476,77,63,0.8462164,-1,-1,-1
00144,1,514,521,138,107,0.9842868,-1,-1,-1
00144,1,803,368,127,84,0.91701263,-1,-1,-1
00145,1,516,522,142,113,0.9919343,-1,-1,-1
00145,1,803,368,128,84,0.8977308,-1,-1,-1
00146,1,521,519,148,125,0.9914954,-1,-1,-1
00146,1,803,368,128,84,0.89956814,-1,-1,-1
00147,1,525,518,157,132,0.986362,-1,-1,-1
00147,1,803,368,127,84,0.8921257,-1,-1,-1
00148,1,534,522,160,135,0.98413795,-1,-1,-1
00148,1,803,368,128,84,0.90306026,-1,-1,-1
00149,1,543,520,167,146,0.9870237,-1,-1,-1
00149,1,803,368,128,84,0.89713836,-1,-1,-1
00150,1,549,521,175,155,0.99183977,-1,-1,-1
00150,1,803,368,127,84,0.89625126,-1,-1,-1
00151,1,555,524,183,158,0.9912174,-1,-1,-1
00151,1,803,368,127,84,0.8921857,-1,-1,-1
00152,1,561,531,194,161,0.9804049,-1,-1,-1
00152,1,806,370,120,80,0.96137166,-1,-1,-1
00153,1,571,531,210,172,0.993082,-1,-1,-1
00153,1,806,370,120,80,0.9638182,-1,-1,-1
00154,1,583,532,218,181,0.97357506,-1,-1,-1
00154,1,807,370,119,79,0.9541346,-1,-1,-1
00155,1,596,541,237,187,0.960378,-1,-1,-1
00155,1,806,370,120,79,0.95770895,-1,-1,-1
00155,1,363,545,77,71,0.7024542,-1,-1,-1
00156,1,806,370,121,79,0.9664727,-1,-1,-1
00156,1,605,534,256,212,0.9282577,-1,-1,-1
00157,1,622,542,280,214,0.9734761,-1,-1,-1
00157,1,802,370,127,82,0.9390306,-1,-1,-1
00158,1,651,554,292,215,0.9781512,-1,-1,-1
00158,1,802,370,127,82,0.94034797,-1,-1,-1
00159,1,673,558,311,236,0.9827725,-1,-1,-1
00159,1,802,370,127,82,0.9474099,-1,-1,-1
00160,1,699,567,336,255,0.978453,-1,-1,-1
00160,1,802,370,127,82,0.9440713,-1,-1,-1
00161,1,718,559,386,295,0.9883344,-1,-1,-1
00161,1,802,369,127,83,0.94487643,-1,-1,-1
00162,1,760,576,429,316,0.9800929,-1,-1,-1
00162,1,803,370,127,81,0.9106317,-1,-1,-1
00163,1,793,575,482,333,0.984445,-1,-1,-1
00163,1,802,370,128,81,0.92574495,-1,-1,-1
00164,1,835,594,572,377,0.9920786,-1,-1,-1
00164,1,802,370,128,81,0.9371006,-1,-1,-1
00165,1,912,625,655,408,0.9923166,-1,-1,-1
00165,1,801,370,129,81,0.9447832,-1,-1,-1
00166,1,800,369,130,82,0.94619113,-1,-1,-1
00166,1,949,640,652,490,0.90794003,-1,-1,-1
00167,1,800,369,131,83,0.9427274,-1,-1,-1
00167,1,1059,652,542,535,0.8409111,-1,-1,-1
00168,1,1140,668,461,507,0.985864,-1,-1,-1
00168,1,800,369,131,83,0.9405852,-1,-1,-1
00169,1,802,370,128,81,0.9419504,-1,-1,-1
00169,1,1315,669,286,532,0.78820485,-1,-1,-1
00170,1,802,370,127,81,0.9410404,-1,-1,-1
00171,1,803,370,124,80,0.94928396,-1,-1,-1
00172,1,803,371,124,80,0.9624185,-1,-1,-1
00173,1,803,371,123,80,0.9652731,-1,-1,-1
00174,1,803,371,124,80,0.9668505,-1,-1,-1
00175,1,803,371,123,80,0.9659114,-1,-1,-1
00176,1,802,371,125,80,0.9688298,-1,-1,-1
00177,1,802,370,125,81,0.9699275,-1,-1,-1
00178,1,802,371,125,80,0.9731337,-1,-1,-1
00179,1,802,370,125,81,0.9747547,-1,-1,-1
00180,1,802,370,125,81,0.97405416,-1,-1,-1
00181,1,802,371,125,80,0.9779418,-1,-1,-1
00182,1,804,371,123,78,0.9719581,-1,-1,-1
00183,1,803,371,124,78,0.97019684,-1,-1,-1
00184,1,803,371,124,78,0.9722072,-1,-1,-1
00185,1,803,371,124,78,0.97466284,-1,-1,-1
00185,1,1387,309,214,165,0.72590846,-1,-1,-1
00186,1,803,371,124,78,0.97408676,-1,-1,-1
00186,1,1317,302,284,181,0.96793044,-1,-1,-1
00187,1,1260,311,341,174,0.9892721,-1,-1,-1
00187,1,802,371,125,78,0.9691794,-1,-1,-1
00188,1,1195,324,325,162,0.9932406,-1,-1,-1
00188,1,804,371,123,78,0.96801287,-1,-1,-1
00189,1,1157,340,274,150,0.9929598,-1,-1,-1
00189,1,804,371,123,78,0.9651321,-1,-1,-1
00190,1,1101,352,271,139,0.9883631,-1,-1,-1
00190,1,804,371,123,78,0.96317863,-1,-1,-1
00191,1,1066,358,244,135,0.9925662,-1,-1,-1
00191,1,803,371,124,78,0.9577399,-1,-1,-1
00192,1,1020,368,239,127,0.99384815,-1,-1,-1
00192,1,799,369,128,84,0.89898866,-1,-1,-1
00193,1,981,374,230,124,0.99649256,-1,-1,-1
00193,1,806,369,122,80,0.858339,-1,-1,-1
00194,1,962,380,204,122,0.991589,-1,-1,-1
00194,1,801,369,126,84,0.8094182,-1,-1,-1
00195,1,929,390,192,114,0.9913325,-1,-1,-1
00195,1,804,369,123,81,0.8328765,-1,-1,-1
00196,1,894,398,189,108,0.9857093,-1,-1,-1
00196,1,798,373,128,80,0.89358044,-1,-1,-1
00197,1,873,401,177,107,0.9968334,-1,-1,-1
00197,1,799,373,128,81,0.77302766,-1,-1,-1
00198,1,846,410,168,98,0.9879737,-1,-1,-1
00199,1,820,413,160,99,0.9982584,-1,-1,-1
00200,1,809,410,149,102,0.9729987,-1,-1,-1
00201,1,784,418,147,98,0.9869271,-1,-1,-1
00202,1,771,423,138,94,0.99016786,-1,-1,-1
00203,1,750,429,143,89,0.98645264,-1,-1,-1
00204,1,732,431,139,89,0.99263495,-1,-1,-1
00204,1,806,370,129,81,0.84129435,-1,-1,-1
00205,1,720,438,131,84,0.9878637,-1,-1,-1
00206,1,706,440,129,85,0.9929054,-1,-1,-1
00206,1,809,368,119,83,0.792542,-1,-1,-1
00207,1,696,442,121,82,0.9902423,-1,-1,-1
00207,1,811,368,117,82,0.7895311,-1,-1,-1
00208,1,684,448,118,78,0.9955806,-1,-1,-1
00208,1,809,369,119,82,0.8948492,-1,-1,-1
00209,1,672,449,116,77,0.9931466,-1,-1,-1
00209,1,808,368,120,83,0.92760205,-1,-1,-1
00210,1,665,451,110,75,0.98899907,-1,-1,-1
00210,1,808,367,122,85,0.97285074,-1,-1,-1
00211,1,654,452,104,75,0.9883106,-1,-1,-1
00211,1,808,367,122,85,0.97141236,-1,-1,-1
00212,1,645,455,100,75,0.9896639,-1,-1,-1
00212,1,804,367,126,85,0.9118726,-1,-1,-1
00213,1,635,457,101,73,0.98017335,-1,-1,-1
00213,1,803,367,128,85,0.905092,-1,-1,-1
00214,1,623,453,102,78,0.9779895,-1,-1,-1
00214,1,803,367,128,85,0.91322917,-1,-1,-1
00215,1,618,457,97,74,0.9868219,-1,-1,-1
00215,1,802,367,129,86,0.9039811,-1,-1,-1
00216,1,614,461,90,70,0.99272233,-1,-1,-1
00216,1,802,367,128,86,0.9136669,-1,-1,-1
00217,1,605,462,91,71,0.988847,-1,-1,-1
00217,1,804,365,123,87,0.8410848,-1,-1,-1
00218,1,596,463,91,72,0.97478,-1,-1,-1
00218,1,804,365,123,87,0.8420194,-1,-1,-1
00219,1,588,466,93,70,0.98504305,-1,-1,-1
00219,1,804,366,123,86,0.8531931,-1,-1,-1
00220,1,583,465,91,70,0.9603672,-1,-1,-1
00220,1,804,366,123,86,0.8507412,-1,-1,-1
00221,1,579,465,86,71,0.9588486,-1,-1,-1
00221,1,800,366,131,87,0.8342168,-1,-1,-1
00222,1,573,463,85,74,0.96484894,-1,-1,-1
00222,1,805,367,121,85,0.8716414,-1,-1,-1
00222,1,404,507,82,77,0.77880216,-1,-1,-1
00223,1,567,466,86,68,0.97658896,-1,-1,-1
00223,1,800,366,131,87,0.84093785,-1,-1,-1
00223,1,405,507,81,77,0.8170898,-1,-1,-1
00224,1,565,465,85,71,0.9642699,-1,-1,-1
00224,1,407,508,82,76,0.87578136,-1,-1,-1
00224,1,800,366,131,87,0.83370316,-1,-1,-1
00225,1,560,470,84,65,0.95280176,-1,-1,-1
00225,1,411,508,79,75,0.8682997,-1,-1,-1
00225,1,800,366,131,87,0.8372343,-1,-1,-1
00226,1,549,471,87,64,0.9546716,-1,-1,-1
00226,1,411,508,79,74,0.86943984,-1,-1,-1
00226,1,803,366,124,86,0.8507217,-1,-1,-1
00227,1,410,508,83,75,0.91029376,-1,-1,-1
00227,1,803,365,124,87,0.84089965,-1,-1,-1
00228,1,409,507,89,76,0.9213461,-1,-1,-1
00228,1,803,365,124,87,0.83536047,-1,-1,-1
00228,1,544,476,80,58,0.8304173,-1,-1,-1
00229,1,413,507,85,77,0.9129012,-1,-1,-1
00229,1,800,369,126,85,0.88676506,-1,-1,-1
00229,1,540,475,80,60,0.7372853,-1,-1,-1
00230,1,406,506,96,80,0.89932996,-1,-1,-1
00230,1,800,369,126,85,0.88530403,-1,-1,-1
00230,1,540,476,72,61,0.7874669,-1,-1,-1
00231,1,800,369,126,85,0.8825941,-1,-1,-1
00231,1,416,505,88,78,0.88190955,-1,-1,-1
00232,1,421,510,86,71,0.9273636,-1,-1,-1
00232,1,799,366,133,87,0.9128835,-1,-1,-1
00232,1,529,477,76,64,0.8976801,-1,-1,-1
00233,1,799,366,133,87,0.9123828,-1,-1,-1
00233,1,417,507,92,76,0.90633404,-1,-1,-1
00233,1,526,477,76,64,0.850563,-1,-1,-1
00234,1,429,507,82,75,0.9338289,-1,-1,-1
00234,1,799,366,133,87,0.9174722,-1,-1,-1
00235,1,434,509,82,73,0.964535,-1,-1,-1
00235,1,799,366,133,87,0.9168085,-1,-1,-1
00236,1,435,508,86,74,0.9391172,-1,-1,-1
00236,1,799,366,133,87,0.9192627,-1,-1,-1
00237,1,435,507,88,76,0.95376074,-1,-1,-1
00237,1,799,366,133,87,0.9207977,-1,-1,-1
00238,1,437,506,90,78,0.97450477,-1,-1,-1
00238,1,799,369,127,85,0.90212727,-1,-1,-1
00239,1,439,504,93,80,0.95653975,-1,-1,-1
00239,1,799,366,133,87,0.9246381,-1,-1,-1
00240,1,799,366,133,87,0.92493755,-1,-1,-1
00240,1,446,504,88,83,0.9131065,-1,-1,-1
00241,1,800,368,124,86,0.9717054,-1,-1,-1
00241,1,443,506,93,80,0.94113886,-1,-1,-1
00241,1,1313,355,288,217,0.8679,-1,-1,-1
00242,1,800,368,124,86,0.97185934,-1,-1,-1
00242,1,451,503,94,83,0.91279143,-1,-1,-1
00242,1,1259,343,342,235,0.83031994,-1,-1,-1
00243,1,801,369,123,85,0.9710399,-1,-1,-1
00243,1,1214,348,384,217,0.9093711,-1,-1,-1
00243,1,449,504,100,82,0.8312961,-1,-1,-1
00244,1,1142,358,388,210,0.9859599,-1,-1,-1
00244,1,801,368,123,86,0.9682828,-1,-1,-1
00244,1,458,503,94,85,0.93912035,-1,-1,-1
00245,1,1089,374,366,194,0.99092335,-1,-1,-1
00245,1,801,369,122,85,0.969257,-1,-1,-1
00245,1,461,503,95,84,0.9614607,-1,-1,-1
00246,1,1050,386,332,177,0.99319965,-1,-1,-1
00246,1,799,363,134,91,0.9786047,-1,-1,-1
00246,1,460,497,100,91,0.93533903,-1,-1,-1
00247,1,1009,392,316,170,0.99033207,-1,-1,-1
00247,1,799,363,134,92,0.97227657,-1,-1,-1
00247,1,465,502,105,87,0.9701588,-1,-1,-1
00248,1,975,398,297,164,0.9947737,-1,-1,-1
00248,1,467,502,110,89,0.97899264,-1,-1,-1
00248,1,801,368,123,86,0.9588338,-1,-1,-1
00249,1,948,406,275,159,0.99486464,-1,-1,-1
00249,1,475,504,108,87,0.9812444,-1,-1,-1
00249,1,801,368,122,86,0.9488245,-1,-1,-1
00250,1,918,414,263,148,0.99431026,-1,-1,-1
00250,1,481,505,109,87,0.9775253,-1,-1,-1
00250,1,801,363,132,91,0.94418037,-1,-1,-1
00251,1,895,416,247,143,0.9964605,-1,-1,-1
00251,1,486,504,113,91,0.98639303,-1,-1,-1
00251,1,805,368,123,84,0.9678206,-1,-1,-1
00252,1,868,424,234,135,0.9957283,-1,-1,-1
00252,1,490,501,114,96,0.98576087,-1,-1,-1
00252,1,804,368,125,84,0.9452693,-1,-1,-1
00253,1,848,429,218,129,0.99365014,-1,-1,-1
00253,1,490,505,124,93,0.9893394,-1,-1,-1
00253,1,805,368,125,85,0.9138645,-1,-1,-1
00254,1,827,431,208,125,0.99285126,-1,-1,-1
00254,1,497,504,129,96,0.9805706,-1,-1,-1
00255,1,506,504,132,99,0.9940878,-1,-1,-1
00255,1,806,437,202,117,0.99133295,-1,-1,-1
00255,1,805,368,129,84,0.76723456,-1,-1,-1
00256,1,790,440,182,117,0.9913539,-1,-1,-1
00256,1,508,504,144,105,0.9909723,-1,-1,-1
00257,1,519,503,144,103,0.99415106,-1,-1,-1
00257,1,774,444,176,115,0.9927578,-1,-1,-1
00258,1,519,498,156,122,0.9919733,-1,-1,-1
00258,1,755,445,175,109,0.99072874,-1,-1,-1
00258,1,812,371,114,77,0.9382067,-1,-1,-1
00259,1,737,448,171,106,0.9951514,-1,-1,-1
00259,1,531,496,156,128,0.9929677,-1,-1,-1
00259,1,811,370,113,81,0.9246388,-1,-1,-1
00260,1,723,453,170,102,0.9957495,-1,-1,-1
00260,1,533,501,172,126,0.9888765,-1,-1,-1
00260,1,805,370,122,82,0.9539517,-1,-1,-1
00261,1,545,500,177,134,0.9844675,-1,-1,-1
00261,1,709,451,162,106,0.98238796,-1,-1,-1
00261,1,803,372,118,83,0.9474604,-1,-1,-1
00262,1,689,460,162,95,0.98315203,-1,-1,-1
00262,1,554,503,183,140,0.9416349,-1,-1,-1
00262,1,804,371,116,83,0.92887574,-1,-1,-1
00263,1,563,514,196,132,0.978924,-1,-1,-1
00263,1,682,461,142,95,0.9560871,-1,-1,-1
00263,1,803,371,118,82,0.931425,-1,-1,-1
00264,1,804,372,116,82,0.9830388,-1,-1,-1
00264,1,580,510,207,143,0.91238695,-1,-1,-1
00264,1,686,463,120,93,0.85439116,-1,-1,-1
00264,1,1460,328,141,133,0.7755953,-1,-1,-1
00265,1,802,371,119,84,0.9731838,-1,-1,-1
00265,1,591,503,217,167,0.92952675,-1,-1,-1
00265,1,1394,301,207,169,0.8582637,-1,-1,-1
00266,1,803,371,118,84,0.97665286,-1,-1,-1
00266,1,1338,306,263,168,0.95670813,-1,-1,-1
00266,1,603,502,238,182,0.9436238,-1,-1,-1
00267,1,619,504,255,197,0.9916277,-1,-1,-1
00267,1,1291,305,310,174,0.98001075,-1,-1,-1
00267,1,802,364,128,91,0.96783787,-1,-1,-1
00267,1,599,475,150,99,0.8086733,-1,-1,-1
00268,1,636,505,276,207,0.99660456,-1,-1,-1
00268,1,1247,314,341,170,0.99130577,-1,-1,-1
00268,1,589,480,141,95,0.9599797,-1,-1,-1
00268,1,802,364,129,90,0.9582208,-1,-1,-1
00269,1,1206,328,307,154,0.9951603,-1,-1,-1
00269,1,664,511,298,217,0.99411327,-1,-1,-1
00269,1,568,488,145,91,0.97887385,-1,-1,-1
00269,1,802,370,119,85,0.9067957,-1,-1,-1
00270,1,1170,338,281,148,0.997003,-1,-1,-1
00270,1,689,512,330,236,0.99513334,-1,-1,-1
00270,1,545,491,149,90,0.9839469,-1,-1,-1
00270,1,801,370,121,85,0.9234707,-1,-1,-1
00271,1,714,516,368,259,0.9955016,-1,-1,-1
00271,1,1119,347,290,139,0.9951886,-1,-1,-1
00271,1,527,495,141,91,0.9838612,-1,-1,-1
00271,1,799,368,130,85,0.81780773,-1,-1,-1
00272,1,1094,356,255,134,0.9963115,-1,-1,-1
00272,1,754,519,408,282,0.98603696,-1,-1,-1
00272,1,506,499,141,96,0.9816357,-1,-1,-1
00272,1,799,368,131,84,0.8447631,-1,-1,-1
00273,1,791,506,467,349,0.99587655,-1,-1,-1
00273,1,1052,361,253,130,0.9945162,-1,-1,-1
00273,1,484,504,145,96,0.96877486,-1,-1,-1
00273,1,798,368,134,84,0.89815086,-1,-1,-1
00274,1,851,502,555,400,0.9973246,-1,-1,-1
00274,1,1020,368,246,125,0.99161106,-1,-1,-1
00274,1,460,511,142,95,0.9501817,-1,-1,-1
00274,1,801,368,130,82,0.8762454,-1,-1,-1
00275,1,899,478,695,485,0.9989241,-1,-1,-1
00275,1,989,372,240,124,0.9963715,-1,-1,-1
00275,1,439,515,150,95,0.9049081,-1,-1,-1
00275,1,802,369,129,81,0.9047716,-1,-1,-1
00276,1,965,379,221,120,0.99710196,-1,-1,-1
00276,1,964,499,637,582,0.99690646,-1,-1,-1
00276,1,424,530,141,88,0.9631301,-1,-1,-1
00276,1,802,369,128,81,0.92193395,-1,-1,-1
00277,1,1046,556,555,469,0.99499774,-1,-1,-1
00277,1,939,387,212,114,0.99481356,-1,-1,-1
00277,1,410,536,143,89,0.98868024,-1,-1,-1
00277,1,802,370,120,84,0.92095226,-1,-1,-1
00278,1,926,390,196,111,0.99628323,-1,-1,-1
00278,1,377,540,150,95,0.97562736,-1,-1,-1
00278,1,1158,590,443,453,0.9008981,-1,-1,-1
00278,1,804,370,117,83,0.8730433,-1,-1,-1
00279,1,355,546,149,96,0.9896311,-1,-1,-1
00279,1,902,398,186,105,0.9873038,-1,-1,-1
00279,1,797,371,132,82,0.88846016,-1,-1,-1
00280,1,869,404,188,102,0.9931767,-1,-1,-1
00280,1,329,561,151,87,0.9776058,-1,-1,-1
00280,1,421,512,76,78,0.80603486,-1,-1,-1
00281,1,859,405,172,99,0.98309624,-1,-1,-1
00281,1,311,569,142,82,0.9716088,-1,-1,-1
00282,1,288,568,143,92,0.9834087,-1,-1,-1
00282,1,832,412,174,95,0.978456,-1,-1,-1
00282,1,433,516,70,63,0.8271176,-1,-1,-1
00283,1,815,417,165,91,0.998047,-1,-1,-1
00283,1,263,585,138,90,0.9715906,-1,-1,-1
00283,1,433,513,70,68,0.8686422,-1,-1,-1
00284,1,804,409,152,104,0.97735244,-1,-1,-1
00284,1,240,591,132,87,0.94344914,-1,-1,-1
00284,1,434,514,73,69,0.84866524,-1,-1,-1
00285,1,786,415,152,97,0.97125614,-1,-1,-1
00285,1,435,513,73,69,0.9337834,-1,-1,-1
00285,1,223,599,132,80,0.87465894,-1,-1,-1
00286,1,773,421,147,94,0.98961496,-1,-1,-1
00286,1,436,513,75,68,0.9510159,-1,-1,-1
00287,1,755,428,145,88,0.9925472,-1,-1,-1
00287,1,808,372,116,78,0.8658064,-1,-1,-1
00287,1,441,514,71,68,0.8529696,-1,-1,-1
00287,1,173,605,141,99,0.8164039,-1,-1,-1
00288,1,736,431,148,86,0.9893852,-1,-1,-1
00288,1,442,514,73,68,0.87371707,-1,-1,-1
00288,1,150,621,144,85,0.82441497,-1,-1,-1
00289,1,730,433,133,86,0.994031,-1,-1,-1
00289,1,806,372,128,79,0.92581594,-1,-1,-1
00289,1,438,515,82,65,0.9227238,-1,-1,-1
00290,1,716,436,135,85,0.9904717,-1,-1,-1
00290,1,439,515,82,65,0.9621615,-1,-1,-1
00291,1,708,439,126,84,0.99020785,-1,-1,-1
00291,1,441,514,84,66,0.9569456,-1,-1,-1
00291,1,83,639,136,84,0.8147694,-1,-1,-1
00291,1,803,369,130,84,0.8042652,-1,-1,-1
00292,1,699,439,121,83,0.99041146,-1,-1,-1
00292,1,60,648,133,80,0.9393573,-1,-1,-1
00292,1,446,513,82,68,0.93733233,-1,-1,-1
00292,1,805,368,126,84,0.840422,-1,-1,-1
00293,1,686,443,124,80,0.9949325,-1,-1,-1
00293,1,446,514,85,71,0.97203416,-1,-1,-1
00293,1,35,653,138,84,0.9376643,-1,-1,-1
00293,1,805,368,127,84,0.93492365,-1,-1,-1
00294,1,674,444,121,81,0.99251455,-1,-1,-1
00294,1,452,513,82,71,0.9645972,-1,-1,-1
00294,1,806,368,125,84,0.9475242,-1,-1,-1
00294,1,16,657,137,88,0.9184794,-1,-1,-1
00295,1,666,448,116,77,0.99682754,-1,-1,-1
00295,1,458,514,82,71,0.9654155,-1,-1,-1
00295,1,804,371,116,82,0.8932985,-1,-1,-1
00296,1,658,448,115,79,0.99485457,-1,-1,-1
00296,1,463,511,82,72,0.9850969,-1,-1,-1
00296,1,803,370,118,83,0.9120226,-1,-1,-1
00297,1,651,453,107,73,0.99097556,-1,-1,-1
00297,1,466,512,82,71,0.9890454,-1,-1,-1
00297,1,802,370,120,83,0.92520785,-1,-1,-1
00298,1,644,454,105,73,0.9936718,-1,-1,-1
00298,1,466,512,85,71,0.9783625,-1,-1,-1
00298,1,801,370,121,84,0.93625814,-1,-1,-1
00299,1,639,457,98,72,0.98846054,-1,-1,-1
00299,1,468,512,86,74,0.98104537,-1,-1,-1
00299,1,801,370,122,84,0.93327093,-1,-1,-1
00300,1,472,514,87,73,0.9879197,-1,-1,-1
00300,1,626,455,103,76,0.98702323,-1,-1,-1
00300,1,801,370,121,84,0.9372038,-1,-1,-1
00301,1,481,518,86,72,0.9945412,-1,-1,-1
00301,1,621,455,97,77,0.9865557,-1,-1,-1
00301,1,800,371,121,83,0.956358,-1,-1,-1
00302,1,484,520,90,71,0.9951963,-1,-1,-1
00302,1,612,458,96,74,0.989744,-1,-1,-1
00302,1,799,371,122,83,0.9642104,-1,-1,-1
00303,1,485,517,92,77,0.9928537,-1,-1,-1
00303,1,608,461,94,71,0.9921406,-1,-1,-1
00303,1,799,371,122,83,0.9658342,-1,-1,-1
00304,1,489,519,94,74,0.9913823,-1,-1,-1
00304,1,602,461,94,72,0.9772832,-1,-1,-1
00304,1,799,371,122,83,0.9640876,-1,-1,-1
00305,1,490,516,102,79,0.98685515,-1,-1,-1
00305,1,597,463,92,72,0.9792433,-1,-1,-1
00305,1,799,370,122,84,0.95945245,-1,-1,-1
00306,1,493,517,106,80,0.99427843,-1,-1,-1
00306,1,589,464,91,71,0.96717983,-1,-1,-1
00306,1,799,370,122,84,0.95760125,-1,-1,-1
00307,1,500,515,103,82,0.9927411,-1,-1,-1
00307,1,799,370,123,84,0.9594923,-1,-1,-1
00307,1,584,463,90,72,0.9182585,-1,-1,-1
00308,1,502,518,111,80,0.9918339,-1,-1,-1
00308,1,799,370,122,84,0.9607566,-1,-1,-1
00308,1,577,463,93,72,0.9410158,-1,-1,-1
00309,1,512,517,114,82,0.9949916,-1,-1,-1
00309,1,799,370,122,84,0.9605732,-1,-1,-1
00309,1,576,463,84,75,0.8756332,-1,-1,-1
00310,1,521,517,115,81,0.98848754,-1,-1,-1
00310,1,799,371,123,83,0.96282035,-1,-1,-1
00310,1,574,468,79,70,0.9413425,-1,-1,-1
00311,1,565,469,84,73,0.9873146,-1,-1,-1
00311,1,532,516,118,87,0.9872859,-1,-1,-1
00311,1,799,371,123,83,0.96407783,-1,-1,-1
00312,1,541,513,116,93,0.98962325,-1,-1,-1
00312,1,799,371,123,83,0.9615914,-1,-1,-1
00312,1,561,465,88,80,0.9573915,-1,-1,-1
00313,1,548,511,127,99,0.99066883,-1,-1,-1
00313,1,799,364,131,88,0.97664684,-1,-1,-1
00314,1,568,515,119,93,0.9946641,-1,-1,-1
00314,1,799,364,131,88,0.9763175,-1,-1,-1
00315,1,570,513,134,101,0.9955942,-1,-1,-1
00315,1,799,364,132,88,0.9742081,-1,-1,-1
00316,1,577,515,148,104,0.99340904,-1,-1,-1
00316,1,799,364,132,88,0.9742236,-1,-1,-1
00317,1,591,513,150,109,0.99396884,-1,-1,-1
00317,1,799,364,132,88,0.9730724,-1,-1,-1
00318,1,605,510,156,115,0.9971175,-1,-1,-1
00318,1,800,370,121,84,0.96381587,-1,-1,-1
00319,1,621,511,164,117,0.99384755,-1,-1,-1
00319,1,801,371,120,83,0.96123916,-1,-1,-1
00320,1,634,506,179,130,0.99312955,-1,-1,-1
00320,1,801,371,120,83,0.9669212,-1,-1,-1
00321,1,653,509,192,129,0.98911625,-1,-1,-1
00321,1,801,370,121,85,0.9714309,-1,-1,-1
00322,1,676,505,202,141,0.9890086,-1,-1,-1
00322,1,800,370,122,85,0.9681788,-1,-1,-1
00322,1,525,479,80,62,0.82127845,-1,-1,-1
00323,1,694,503,221,150,0.9889129,-1,-1,-1
00323,1,804,370,126,80,0.9659822,-1,-1,-1
00324,1,712,501,238,160,0.9723776,-1,-1,-1
00324,1,804,370,126,80,0.96058357,-1,-1,-1
00325,1,742,505,258,167,0.98228097,-1,-1,-1
00325,1,804,370,124,80,0.9065462,-1,-1,-1
00326,1,779,503,276,177,0.9855621,-1,-1,-1
00326,1,799,369,126,86,0.87740016,-1,-1,-1
00327,1,813,500,304,190,0.9834208,-1,-1,-1
00327,1,800,368,127,86,0.9056552,-1,-1,-1
00328,1,863,489,330,217,0.96102613,-1,-1,-1
00328,1,800,369,126,85,0.92972237,-1,-1,-1
00329,1,912,489,359,231,0.9713454,-1,-1,-1
00329,1,799,369,128,85,0.94712526,-1,-1,-1
00330,1,970,480,405,257,0.96483594,-1,-1,-1
00330,1,799,369,126,85,0.9475056,-1,-1,-1
00331,1,797,364,137,91,0.97784424,-1,-1,-1
00331,1,1038,470,459,286,0.9242623,-1,-1,-1
00332,1,799,370,124,85,0.95697737,-1,-1,-1
00332,1,1130,465,471,309,0.9464465,-1,-1,-1
00333,1,799,369,124,86,0.95589453,-1,-1,-1
00333,1,1190,473,411,343,0.849513,-1,-1,-1
00334,1,798,370,125,85,0.96103024,-1,-1,-1
00334,1,1295,418,306,386,0.79638284,-1,-1,-1
00335,1,799,370,124,85,0.9588812,-1,-1,-1
00336,1,799,370,123,85,0.9606613,-1,-1,-1
00336,1,1335,363,266,197,0.9365563,-1,-1,-1
00336,1,441,513,72,62,0.7262903,-1,-1,-1
00337,1,1277,358,324,208,0.97925115,-1,-1,-1
00337,1,801,370,129,82,0.95380723,-1,-1,-1
00337,1,441,513,74,62,0.7383111,-1,-1,-1
00338,1,801,370,129,82,0.95445645,-1,-1,-1
00338,1,1245,350,356,207,0.91691875,-1,-1,-1
00338,1,443,513,73,62,0.71641296,-1,-1,-1
00339,1,1166,354,424,208,0.9838409,-1,-1,-1
00339,1,801,370,129,82,0.95424753,-1,-1,-1
00340,1,1114,363,402,201,0.98902065,-1,-1,-1
00340,1,801,371,122,85,0.95221937,-1,-1,-1
00341,1,1071,377,372,186,0.9920825,-1,-1,-1
00341,1,797,368,130,84,0.9593854,-1,-1,-1
00342,1,1036,382,359,176,0.9900788,-1,-1,-1
00342,1,800,370,119,84,0.935744,-1,-1,-1
00342,1,1316,275,285,197,0.7790564,-1,-1,-1
00343,1,1021,384,307,176,0.9953517,-1,-1,-1
00343,1,1258,269,343,204,0.94754153,-1,-1,-1
00343,1,797,369,134,83,0.9224152,-1,-1,-1
00344,1,983,394,301,169,0.9899845,-1,-1,-1
00344,1,1203,290,346,190,0.9608583,-1,-1,-1
00344,1,797,369,133,83,0.93273973,-1,-1,-1
00344,1,449,507,84,76,0.7688644,-1,-1,-1
00345,1,957,402,283,160,0.9930052,-1,-1,-1
00345,1,1156,304,312,182,0.94716763,-1,-1,-1
00345,1,797,369,133,83,0.93990815,-1,-1,-1
00345,1,453,506,82,75,0.866832,-1,-1,-1
00346,1,934,410,267,149,0.99391645,-1,-1,-1
00346,1,797,368,133,84,0.926007,-1,-1,-1
00346,1,455,507,81,76,0.9110546,-1,-1,-1
00346,1,1117,318,294,171,0.89874953,-1,-1,-1
00347,1,915,409,257,152,0.9950598,-1,-1,-1
00347,1,797,369,134,83,0.91562325,-1,-1,-1
00347,1,457,506,84,77,0.91293794,-1,-1,-1
00347,1,1068,333,285,160,0.81857735,-1,-1,-1
00348,1,893,418,249,140,0.9925729,-1,-1,-1
00348,1,459,509,83,74,0.94626033,-1,-1,-1
00348,1,801,366,130,87,0.9252003,-1,-1,-1
00348,1,1041,340,238,158,0.7027001,-1,-1,-1
00349,1,868,421,241,135,0.9940289,-1,-1,-1
00349,1,464,508,81,75,0.94599855,-1,-1,-1
00349,1,1018,351,225,145,0.83642614,-1,-1,-1
00349,1,805,371,113,83,0.80095136,-1,-1,-1
00350,1,850,427,229,128,0.9898712,-1,-1,-1
00350,1,466,507,81,76,0.9700393,-1,-1,-1
00350,1,980,359,219,136,0.81329536,-1,-1,-1
00350,1,0,679,145,92,0.78952897,-1,-1,-1
00351,1,833,433,225,122,0.98443353,-1,-1,-1
00351,1,468,508,80,76,0.9833735,-1,-1,-1
00352,1,814,436,219,117,0.9853153,-1,-1,-1
00352,1,466,507,83,79,0.9560196,-1,-1,-1
00353,1,467,509,87,77,0.98312885,-1,-1,-1
00353,1,809,438,204,117,0.97822887,-1,-1,-1
00353,1,914,384,160,106,0.75379014,-1,-1,-1
00354,1,473,511,88,77,0.9847816,-1,-1,-1
00354,1,797,432,200,125,0.9828432,-1,-1,-1
00354,1,899,391,140,102,0.90647495,-1,-1,-1
00355,1,477,511,88,79,0.9847971,-1,-1,-1
00355,1,786,437,192,120,0.9477173,-1,-1,-1
00355,1,841,395,165,102,0.79239434,-1,-1,-1
00355,1,46,658,160,90,0.71333146,-1,-1,-1
00356,1,481,514,91,76,0.9937236,-1,-1,-1
00356,1,775,433,187,123,0.9637459,-1,-1,-1
00356,1,57,656,158,91,0.8302185,-1,-1,-1
00356,1,847,400,139,92,0.7418908,-1,-1,-1
00357,1,486,515,93,75,0.9967025,-1,-1,-1
00357,1,762,440,189,114,0.9420163,-1,-1,-1
00357,1,806,397,157,103,0.8726433,-1,-1,-1
00358,1,486,515,94,78,0.9913539,-1,-1,-1
00358,1,754,436,185,116,0.8997086,-1,-1,-1
00359,1,492,515,100,77,0.9953897,-1,-1,-1
00359,1,744,433,183,116,0.9135898,-1,-1,-1
00360,1,496,517,101,77,0.9976375,-1,-1,-1
00360,1,733,439,172,110,0.9527345,-1,-1,-1
00361,1,501,516,98,82,0.9960608,-1,-1,-1
00361,1,727,434,167,120,0.9284071,-1,-1,-1
00362,1,501,516,104,83,0.9980027,-1,-1,-1
00362,1,711,437,170,116,0.9210829,-1,-1,-1
00363,1,511,515,106,83,0.99116427,-1,-1,-1
00363,1,704,442,171,111,0.9373521,-1,-1,-1
00363,1,800,367,130,86,0.73819995,-1,-1,-1
00364,1,517,514,108,88,0.9965838,-1,-1,-1
00364,1,701,447,161,107,0.96178985,-1,-1,-1
00364,1,807,371,121,80,0.83706176,-1,-1,-1
00365,1,522,517,120,83,0.9972351,-1,-1,-1
00365,1,693,450,162,103,0.97345126,-1,-1,-1
00365,1,804,370,126,81,0.83938473,-1,-1,-1
00366,1,532,515,116,88,0.9937842,-1,-1,-1
00366,1,1412,319,189,154,0.94424254,-1,-1,-1
00366,1,683,449,170,101,0.925814,-1,-1,-1
00366,1,802,368,129,85,0.83536613,-1,-1,-1
00367,1,530,515,135,95,0.99070483,-1,-1,-1
00367,1,689,454,157,99,0.9725255,-1,-1,-1
00367,1,1344,316,257,162,0.9620383,-1,-1,-1
00367,1,806,369,123,82,0.8738107,-1,-1,-1
00368,1,543,514,136,98,0.9906238,-1,-1,-1
00368,1,1290,309,311,174,0.9868947,-1,-1,-1
00368,1,683,454,158,96,0.9809443,-1,-1,-1
00368,1,807,369,122,82,0.89541894,-1,-1,-1
00369,1,1236,326,327,158,0.99122405,-1,-1,-1
00369,1,555,516,139,99,0.98044914,-1,-1,-1
00369,1,671,453,163,97,0.9755308,-1,-1,-1
00369,1,807,369,122,83,0.8857953,-1,-1,-1
00370,1,1192,340,294,150,0.9934354,-1,-1,-1
00370,1,670,457,155,96,0.9685845,-1,-1,-1
00370,1,565,516,142,101,0.96585846,-1,-1,-1
00370,1,806,369,123,83,0.89726734,-1,-1,-1
00371,1,1146,349,277,141,0.9915991,-1,-1,-1
00371,1,673,458,145,94,0.9469792,-1,-1,-1
00371,1,572,512,151,115,0.89547557,-1,-1,-1
00371,1,804,369,126,81,0.8871042,-1,-1,-1
00371,1,615,454,125,90,0.88662356,-1,-1,-1
00371,1,175,618,161,90,0.8312731,-1,-1,-1
00372,1,1101,358,266,134,0.9932579,-1,-1,-1
00372,1,658,460,155,94,0.9693682,-1,-1,-1
00372,1,591,520,152,105,0.9671807,-1,-1,-1
00372,1,805,371,115,82,0.9170145,-1,-1,-1
00372,1,186,616,155,92,0.87913865,-1,-1,-1
00373,1,1068,365,242,128,0.9955745,-1,-1,-1
00373,1,652,463,155,92,0.9737432,-1,-1,-1
00373,1,806,372,114,81,0.962163,-1,-1,-1
00373,1,607,517,153,109,0.95687395,-1,-1,-1
00373,1,613,452,106,87,0.80204064,-1,-1,-1
00373,1,182,618,165,90,0.7059163,-1,-1,-1
00374,1,1033,373,236,124,0.99651635,-1,-1,-1
00374,1,657,460,151,90,0.9877445,-1,-1,-1
00374,1,613,511,179,129,0.9580664,-1,-1,-1
00374,1,806,372,114,81,0.95181906,-1,-1,-1
00374,1,191,617,155,89,0.77550626,-1,-1,-1
00374,1,1520,247,81,106,0.7059787,-1,-1,-1
00375,1,994,376,227,122,0.99579984,-1,-1,-1
00375,1,656,477,154,126,0.985355,-1,-1,-1
00375,1,805,371,115,82,0.9396103,-1,-1,-1
00375,1,190,611,157,93,0.89647,-1,-1,-1
00375,1,1520,247,81,105,0.7025841,-1,-1,-1
00376,1,655,511,193,139,0.9971258,-1,-1,-1
00376,1,967,383,212,118,0.9942431,-1,-1,-1
00376,1,805,371,114,81,0.9169905,-1,-1,-1
00376,1,655,464,145,97,0.79096955,-1,-1,-1
00376,1,1520,248,81,104,0.7207757,-1,-1,-1
00377,1,945,393,193,111,0.99674135,-1,-1,-1
00377,1,673,502,211,155,0.9946683,-1,-1,-1
00377,1,806,372,113,80,0.8709662,-1,-1,-1
00377,1,660,462,132,99,0.83239776,-1,-1,-1
00377,1,1520,248,81,104,0.73708594,-1,-1,-1
00378,1,918,396,188,109,0.9966169,-1,-1,-1
00378,1,693,507,236,160,0.9928935,-1,-1,-1
00378,1,653,464,135,93,0.8780579,-1,-1,-1
00378,1,806,372,113,79,0.837604,-1,-1,-1
00378,1,1520,248,81,104,0.72687227,-1,-1,-1
00379,1,718,508,246,163,0.9956884,-1,-1,-1
00379,1,894,402,177,103,0.9912435,-1,-1,-1
00379,1,648,464,142,92,0.9732746,-1,-1,-1
00379,1,568,458,91,77,0.8207875,-1,-1,-1
00379,1,1520,248,81,105,0.7632157,-1,-1,-1
00380,1,745,507,272,172,0.99637574,-1,-1,-1
00380,1,869,408,174,100,0.9931463,-1,-1,-1
00380,1,652,463,135,92,0.9899064,-1,-1,-1
00380,1,563,460,90,75,0.92612535,-1,-1,-1
00380,1,797,374,129,79,0.73473305,-1,-1,-1
00381,1,847,415,157,94,0.99698883,-1,-1,-1
00381,1,649,466,135,88,0.993616,-1,-1,-1
00381,1,782,501,293,189,0.9930628,-1,-1,-1
00381,1,560,462,90,76,0.88864446,-1,-1,-1
00382,1,822,415,162,96,0.9965643,-1,-1,-1
00382,1,645,466,142,91,0.9949876,-1,-1,-1
00382,1,833,494,313,205,0.96820474,-1,-1,-1
00382,1,555,463,89,74,0.794488,-1,-1,-1
00383,1,647,464,133,92,0.99387324,-1,-1,-1
00383,1,807,415,149,99,0.9936931,-1,-1,-1
00383,1,877,489,349,225,0.97634333,-1,-1,-1
00383,1,546,465,94,73,0.74590725,-1,-1,-1
00384,1,644,465,134,92,0.9944397,-1,-1,-1
00384,1,789,423,144,92,0.9871597,-1,-1,-1
00384,1,931,483,391,248,0.97578114,-1,-1,-1
00384,1,543,468,90,69,0.9396229,-1,-1,-1
00384,1,208,605,165,91,0.866898,-1,-1,-1
00385,1,644,464,133,94,0.9948961,-1,-1,-1
00385,1,775,428,140,89,0.98198295,-1,-1,-1
00385,1,985,476,467,280,0.97278655,-1,-1,-1
00385,1,539,467,87,70,0.8828113,-1,-1,-1
00385,1,206,605,172,92,0.85957414,-1,-1,-1
00386,1,644,464,131,94,0.9946215,-1,-1,-1
00386,1,763,429,135,90,0.98424834,-1,-1,-1
00386,1,1089,463,480,309,0.9742829,-1,-1,-1
00386,1,534,467,90,70,0.8882749,-1,-1,-1
00387,1,643,463,132,95,0.9935747,-1,-1,-1
00387,1,752,432,125,87,0.95236003,-1,-1,-1
00387,1,1142,455,459,353,0.9495065,-1,-1,-1
00387,1,803,373,135,80,0.85376793,-1,-1,-1
00387,1,532,467,88,73,0.8488968,-1,-1,-1
00387,1,215,607,165,86,0.82954913,-1,-1,-1
00388,1,640,461,132,96,0.9848096,-1,-1,-1
00388,1,744,442,112,76,0.9051294,-1,-1,-1
00388,1,219,603,167,92,0.7370765,-1,-1,-1
00388,1,1243,449,358,360,0.7255931,-1,-1,-1
00388,1,527,469,82,73,0.72300345,-1,-1,-1
00389,1,631,465,145,90,0.9813053,-1,-1,-1
00389,1,218,602,169,94,0.76614004,-1,-1,-1
00389,1,707,441,133,87,0.70009047,-1,-1,-1
00390,1,631,464,146,90,0.96472746,-1,-1,-1
00390,1,518,473,87,69,0.83531314,-1,-1,-1
00390,1,221,604,168,90,0.83180773,-1,-1,-1
00390,1,804,367,129,86,0.733118,-1,-1,-1
00391,1,638,459,134,98,0.9841718,-1,-1,-1
00391,1,810,370,119,79,0.86034894,-1,-1,-1
00391,1,513,474,89,67,0.76914716,-1,-1,-1
00392,1,644,459,133,96,0.9695924,-1,-1,-1
00392,1,802,369,130,82,0.9092846,-1,-1,-1
00393,1,639,455,138,100,0.98292255,-1,-1,-1
00393,1,800,369,132,83,0.9362293,-1,-1,-1
00394,1,643,457,128,99,0.9662737,-1,-1,-1
00394,1,799,369,133,82,0.9459337,-1,-1,-1
00395,1,637,455,136,103,0.9805634,-1,-1,-1
00395,1,799,369,134,82,0.94628173,-1,-1,-1
00396,1,643,460,128,98,0.9930026,-1,-1,-1
00396,1,802,370,119,84,0.95645124,-1,-1,-1
00397,1,632,459,145,97,0.99223363,-1,-1,-1
00397,1,802,369,128,82,0.9632834,-1,-1,-1
00398,1,631,462,139,95,0.9919429,-1,-1,-1
00398,1,801,369,129,82,0.9610648,-1,-1,-1
00399,1,625,462,152,94,0.98976034,-1,-1,-1
00399,1,801,369,129,82,0.9609677,-1,-1,-1
00399,1,1394,268,207,206,0.96061444,-1,-1,-1
00400,1,1344,268,256,216,0.9924892,-1,-1,-1
00400,1,627,466,146,89,0.97878236,-1,-1,-1
00400,1,801,369,129,82,0.96081644,-1,-1,-1
00401,1,1285,266,312,215,0.9927401,-1,-1,-1
00401,1,628,464,143,89,0.97740024,-1,-1,-1
00401,1,802,370,119,83,0.95887655,-1,-1,-1
00402,1,1232,287,302,198,0.99305856,-1,-1,-1
00402,1,628,467,147,89,0.98134387,-1,-1,-1
00402,1,802,370,120,84,0.96240515,-1,-1,-1
00403,1,1181,304,281,183,0.9944149,-1,-1,-1
00403,1,629,468,145,87,0.98781335,-1,-1,-1
00403,1,801,370,121,84,0.9624111,-1,-1,-1
00403,1,595,467,91,68,0.87119347,-1,-1,-1
00404,1,629,468,144,87,0.99235404,-1,-1,-1
00404,1,1145,313,258,176,0.99161714,-1,-1,-1
00404,1,801,370,121,84,0.96034867,-1,-1,-1
00404,1,588,466,93,71,0.7963581,-1,-1,-1
00405,1,1100,328,260,161,0.9958562,-1,-1,-1
00405,1,630,468,143,88,0.9929733,-1,-1,-1
00405,1,801,370,121,83,0.96083134,-1,-1,-1
00406,1,1063,338,237,153,0.9949511,-1,-1,-1
00406,1,632,468,141,88,0.9925861,-1,-1,-1
00406,1,802,370,120,84,0.95672446,-1,-1,-1
00406,1,573,468,90,67,0.7260449,-1,-1,-1
00407,1,1028,345,233,145,0.99576676,-1,-1,-1
00407,1,632,468,141,88,0.99339503,-1,-1,-1
00407,1,802,370,120,83,0.9544678,-1,-1,-1
00407,1,569,470,86,63,0.9029268,-1,-1,-1
00408,1,631,468,143,87,0.9944041,-1,-1,-1
00408,1,1006,348,212,147,0.99368423,-1,-1,-1
00408,1,801,371,121,82,0.9552808,-1,-1,-1
00408,1,565,471,85,63,0.9186706,-1,-1,-1
00409,1,631,468,144,88,0.99411976,-1,-1,-1
00409,1,980,360,200,135,0.99206793,-1,-1,-1
00409,1,802,371,120,83,0.96314293,-1,-1,-1
00409,1,563,472,83,63,0.8553478,-1,-1,-1
00410,1,959,365,190,132,0.9933869,-1,-1,-1
00410,1,631,468,144,88,0.9930958,-1,-1,-1
00410,1,804,371,117,82,0.94898653,-1,-1,-1
00411,1,632,468,143,88,0.993188,-1,-1,-1
00411,1,935,370,180,129,0.98709524,-1,-1,-1
00411,1,804,371,117,83,0.9325556,-1,-1,-1
00412,1,633,468,142,88,0.99329716,-1,-1,-1
00412,1,903,377,190,123,0.97947294,-1,-1,-1
00412,1,796,371,137,81,0.92443156,-1,-1,-1
00413,1,633,468,142,88,0.9935383,-1,-1,-1
00413,1,891,377,176,124,0.9930428,-1,-1,-1
00413,1,807,371,120,82,0.7991432,-1,-1,-1
00414,1,634,468,141,88,0.99331737,-1,-1,-1
00414,1,866,384,173,120,0.9901714,-1,-1,-1
00414,1,0,679,147,94,0.7677701,-1,-1,-1
00415,1,842,398,168,103,0.99460053,-1,-1,-1
00415,1,634,468,141,88,0.9933327,-1,-1,-1
00415,1,434,508,77,70,0.82422924,-1,-1,-1
00416,1,634,468,141,88,0.9933907,-1,-1,-1
00416,1,826,403,159,100,0.9931872,-1,-1,-1
00416,1,434,506,79,71,0.8670069,-1,-1,-1
00416,1,225,604,163,88,0.8110978,-1,-1,-1
00417,1,634,468,141,88,0.99310136,-1,-1,-1
00417,1,801,395,168,116,0.9920293,-1,-1,-1
00417,1,432,504,79,72,0.9178364,-1,-1,-1
00417,1,226,604,162,87,0.7623485,-1,-1,-1
00417,1,528,476,77,65,0.74075115,-1,-1,-1
00418,1,634,468,141,88,0.99334913,-1,-1,-1
00418,1,794,402,145,106,0.98691654,-1,-1,-1
00418,1,431,505,81,72,0.8491809,-1,-1,-1
00418,1,224,604,164,87,0.74923044,-1,-1,-1
00418,1,524,479,77,64,0.7285279,-1,-1,-1
00419,1,634,468,140,88,0.99274534,-1,-1,-1
00419,1,781,407,138,104,0.98569703,-1,-1,-1
00419,1,24,667,166,91,0.7854366,-1,-1,-1
00419,1,224,604,165,88,0.73801893,-1,-1,-1
00420,1,633,467,142,89,0.99290365,-1,-1,-1
00420,1,767,415,135,98,0.9845403,-1,-1,-1
00420,1,436,506,81,73,0.8734075,-1,-1,-1
00420,1,224,604,164,88,0.7054233,-1,-1,-1
00421,1,637,468,136,88,0.9855203,-1,-1,-1
00421,1,754,416,129,96,0.9778852,-1,-1,-1
00422,1,637,460,134,98,0.97601277,-1,-1,-1
00422,1,435,508,86,72,0.94326824,-1,-1,-1
00422,1,739,419,128,95,0.9317862,-1,-1,-1
00423,1,631,465,144,91,0.97338504,-1,-1,-1
00423,1,435,509,87,72,0.9562393,-1,-1,-1
00423,1,226,606,163,83,0.9003992,-1,-1,-1
00424,1,438,508,85,73,0.9595517,-1,-1,-1
00424,1,627,466,148,90,0.9523194,-1,-1,-1
00424,1,225,607,164,82,0.8801493,-1,-1,-1
00425,1,636,460,133,97,0.9697114,-1,-1,-1
00425,1,439,507,86,76,0.9636403,-1,-1,-1
00425,1,226,606,163,83,0.88106096,-1,-1,-1
00425,1,797,367,136,87,0.8148527,-1,-1,-1
00426,1,637,459,130,97,0.97457224,-1,-1,-1
00426,1,441,507,86,77,0.9704175,-1,-1,-1
00426,1,227,606,162,83,0.886804,-1,-1,-1
00426,1,799,368,133,85,0.855552,-1,-1,-1
00427,1,442,506,87,78,0.97596335,-1,-1,-1
00427,1,639,458,130,98,0.96910214,-1,-1,-1
00427,1,227,607,162,81,0.8706054,-1,-1,-1
00427,1,804,370,127,81,0.81065464,-1,-1,-1
00428,1,444,503,89,81,0.9692811,-1,-1,-1
00428,1,640,456,132,99,0.9346287,-1,-1,-1
00428,1,803,373,118,80,0.91364294,-1,-1,-1
00428,1,227,607,162,81,0.8830729,-1,-1,-1
00429,1,444,503,90,82,0.97011715,-1,-1,-1
00429,1,634,460,142,95,0.94116515,-1,-1,-1
00429,1,803,372,117,81,0.931531,-1,-1,-1
00429,1,226,605,165,86,0.7428001,-1,-1,-1
00430,1,641,455,129,104,0.96349484,-1,-1,-1
00430,1,445,503,92,82,0.9546611,-1,-1,-1
00430,1,802,372,118,81,0.9270515,-1,-1,-1
00431,1,639,457,130,101,0.97643423,-1,-1,-1
00431,1,800,371,121,83,0.9481117,-1,-1,-1
00431,1,446,501,96,86,0.9418914,-1,-1,-1
00432,1,634,458,136,100,0.98127544,-1,-1,-1
00432,1,800,371,121,83,0.95606095,-1,-1,-1
00432,1,449,501,96,85,0.94898385,-1,-1,-1
00433,1,631,464,139,92,0.9773999,-1,-1,-1
00433,1,800,371,122,83,0.9588931,-1,-1,-1
00433,1,445,505,98,85,0.9382902,-1,-1,-1
00434,1,636,466,135,89,0.98237175,-1,-1,-1
00434,1,800,371,121,83,0.9623337,-1,-1,-1
00434,1,448,503,97,87,0.9534226,-1,-1,-1
00435,1,630,463,138,91,0.9829669,-1,-1,-1
00435,1,448,505,99,84,0.9654207,-1,-1,-1
00435,1,799,366,133,86,0.9633354,-1,-1,-1
00436,1,628,465,143,91,0.9844327,-1,-1,-1
00436,1,799,365,133,87,0.9646264,-1,-1,-1
00436,1,453,509,96,80,0.9467519,-1,-1,-1
00437,1,637,469,127,88,0.98155665,-1,-1,-1
00437,1,799,365,134,87,0.9655308,-1,-1,-1
00437,1,458,508,93,82,0.95316243,-1,-1,-1
00437,1,595,454,102,86,0.74278474,-1,-1,-1
00438,1,628,469,138,88,0.99508554,-1,-1,-1
00438,1,459,508,95,83,0.9733767,-1,-1,-1
00438,1,801,371,121,83,0.9599612,-1,-1,-1
00438,1,585,455,109,86,0.791971,-1,-1,-1
00439,1,630,469,137,88,0.99661213,-1,-1,-1
00439,1,461,507,98,86,0.9841775,-1,-1,-1
00439,1,800,371,122,83,0.96111757,-1,-1,-1
00439,1,585,455,99,86,0.7804095,-1,-1,-1
00440,1,630,468,135,87,0.9939751,-1,-1,-1
00440,1,464,509,102,83,0.9870912,-1,-1,-1
00440,1,800,371,122,83,0.9606349,-1,-1,-1
00440,1,582,455,95,84,0.794909,-1,-1,-1
00441,1,630,468,134,87,0.9927447,-1,-1,-1
00441,1,467,512,105,85,0.98388994,-1,-1,-1
00441,1,798,371,123,83,0.97998697,-1,-1,-1
00442,1,631,467,131,91,0.99530643,-1,-1,-1
00442,1,465,512,112,87,0.9875908,-1,-1,-1
00442,1,798,371,123,83,0.9805462,-1,-1,-1
00443,1,631,468,129,89,0.9958605,-1,-1,-1
00443,1,471,510,110,88,0.9894908,-1,-1,-1
00443,1,797,371,124,83,0.9817934,-1,-1,-1
00444,1,629,468,129,88,0.9953307,-1,-1,-1
00444,1,475,511,113,90,0.9863327,-1,-1,-1
00444,1,798,371,123,83,0.98108655,-1,-1,-1
00445,1,629,470,128,87,0.99498403,-1,-1,-1
00445,1,799,370,123,83,0.9685621,-1,-1,-1
00445,1,477,509,119,92,0.9655484,-1,-1,-1
00446,1,628,470,126,88,0.99537224,-1,-1,-1
00446,1,799,371,123,82,0.9704202,-1,-1,-1
00446,1,479,511,118,91,0.96605855,-1,-1,-1
00446,1,1383,193,124,73,0.7032167,-1,-1,-1
00447,1,625,471,127,87,0.9945873,-1,-1,-1
00447,1,484,514,118,88,0.97509676,-1,-1,-1
00447,1,799,371,123,82,0.9705292,-1,-1,-1
00447,1,1380,198,119,72,0.7226404,-1,-1,-1
00448,1,625,470,126,88,0.99141616,-1,-1,-1
00448,1,485,511,125,92,0.9703123,-1,-1,-1
00448,1,799,371,123,82,0.96835864,-1,-1,-1
00449,1,619,471,131,88,0.99079776,-1,-1,-1
00449,1,799,371,123,82,0.9686557,-1,-1,-1
00449,1,487,511,131,93,0.9556955,-1,-1,-1
00449,1,1322,191,155,93,0.7854673,-1,-1,-1
00450,1,615,471,133,89,0.9887765,-1,-1,-1
00450,1,495,507,134,99,0.9687764,-1,-1,-1
00450,1,799,371,123,82,0.96787995,-1,-1,-1
00450,1,252,600,162,92,0.87249243,-1,-1,-1
00451,1,612,474,134,85,0.98785084,-1,-1,-1
00451,1,500,508,142,102,0.97854996,-1,-1,-1
00451,1,250,596,172,97,0.9409398,-1,-1,-1
00451,1,802,370,119,84,0.9394798,-1,-1,-1
00452,1,501,510,151,102,0.98307854,-1,-1,-1
00452,1,610,475,132,84,0.975847,-1,-1,-1
00452,1,263,592,167,97,0.94128823,-1,-1,-1
00452,1,801,370,120,83,0.937525,-1,-1,-1
00453,1,506,502,162,116,0.97676325,-1,-1,-1
00453,1,611,478,126,81,0.9747838,-1,-1,-1
00453,1,262,590,174,102,0.9378588,-1,-1,-1
00453,1,801,370,120,83,0.93425184,-1,-1,-1
00454,1,514,502,166,119,0.97593063,-1,-1,-1
00454,1,611,481,121,79,0.9585667,-1,-1,-1
00454,1,276,591,164,96,0.9409736,-1,-1,-1
00454,1,801,370,121,83,0.9343159,-1,-1,-1
00454,1,1503,410,98,137,0.71884835,-1,-1,-1
00455,1,519,504,175,121,0.98759204,-1,-1,-1
00455,1,288,582,164,102,0.933436,-1,-1,-1
00455,1,801,370,121,83,0.93107843,-1,-1,-1
00455,1,609,484,121,72,0.86998177,-1,-1,-1
00456,1,294,577,166,108,0.9782874,-1,-1,-1
00456,1,533,506,174,114,0.9724779,-1,-1,-1
00456,1,1357,355,244,200,0.9466675,-1,-1,-1
00456,1,801,370,121,83,0.9211314,-1,-1,-1
00456,1,601,478,117,77,0.72752315,-1,-1,-1
00457,1,539,501,180,124,0.9682837,-1,-1,-1
00457,1,306,575,162,101,0.9647258,-1,-1,-1
00457,1,1308,354,293,207,0.9645573,-1,-1,-1
00457,1,801,370,121,83,0.95192754,-1,-1,-1
00458,1,314,580,167,93,0.9832318,-1,-1,-1
00458,1,545,498,181,133,0.97852385,-1,-1,-1
00458,1,1258,346,343,210,0.96474683,-1,-1,-1
00458,1,801,370,121,83,0.94672763,-1,-1,-1
00459,1,553,491,195,145,0.9900171,-1,-1,-1
00459,1,324,576,167,96,0.9841706,-1,-1,-1
00459,1,801,370,121,84,0.93994695,-1,-1,-1
00459,1,1243,345,357,213,0.8867111,-1,-1,-1
00460,1,330,574,168,96,0.98753476,-1,-1,-1
00460,1,565,497,201,145,0.96122867,-1,-1,-1
00460,1,801,370,121,83,0.94601923,-1,-1,-1
00460,1,1186,355,380,203,0.9330787,-1,-1,-1
00461,1,340,570,167,98,0.9922998,-1,-1,-1
00461,1,576,495,214,150,0.96920705,-1,-1,-1
00461,1,1146,364,368,189,0.9684497,-1,-1,-1
00461,1,802,370,119,84,0.9385685,-1,-1,-1
00462,1,1111,371,347,193,0.99361104,-1,-1,-1
00462,1,593,495,224,149,0.9867605,-1,-1,-1
00462,1,357,573,159,93,0.9827644,-1,-1,-1
00462,1,803,370,117,84,0.9237736,-1,-1,-1
00462,1,537,483,133,98,0.8759677,-1,-1,-1
00463,1,610,491,232,160,0.9947908,-1,-1,-1
00463,1,1079,382,341,171,0.9935144,-1,-1,-1
00463,1,366,560,164,100,0.9710235,-1,-1,-1
00463,1,524,485,142,94,0.93258834,-1,-1,-1
00463,1,801,363,127,91,0.9235656,-1,-1,-1
00464,1,620,491,246,162,0.99453163,-1,-1,-1
00464,1,1048,380,328,173,0.9908862,-1,-1,-1
00464,1,369,562,167,100,0.97168434,-1,-1,-1
00464,1,513,494,148,86,0.969775,-1,-1,-1
00464,1,798,367,136,85,0.84546274,-1,-1,-1
00465,1,1019,389,314,165,0.9923288,-1,-1,-1
00465,1,629,487,268,169,0.9879958,-1,-1,-1
00465,1,502,494,145,89,0.95124376,-1,-1,-1
00465,1,380,559,165,96,0.93689394,-1,-1,-1
00465,1,799,368,134,84,0.79580075,-1,-1,-1
00466,1,1005,394,280,162,0.99531823,-1,-1,-1
00466,1,654,482,276,183,0.98893666,-1,-1,-1
00466,1,387,557,172,98,0.9678587,-1,-1,-1
00466,1,496,502,137,86,0.92637223,-1,-1,-1
00466,1,799,368,134,84,0.75311875,-1,-1,-1
00467,1,977,402,279,152,0.99618006,-1,-1,-1
00467,1,677,482,280,189,0.98279566,-1,-1,-1
00467,1,408,554,161,98,0.9733642,-1,-1,-1
00467,1,503,504,125,80,0.9105212,-1,-1,-1
00467,1,809,369,110,82,0.7506315,-1,-1,-1
00468,1,958,406,263,147,0.9940883,-1,-1,-1
00468,1,694,478,307,198,0.9903204,-1,-1,-1
00468,1,486,505,129,80,0.9428154,-1,-1,-1
00468,1,413,554,173,94,0.8548568,-1,-1,-1
00469,1,720,474,321,203,0.9746295,-1,-1,-1
00469,1,944,410,245,141,0.97125906,-1,-1,-1
00469,1,468,507,134,93,0.8900161,-1,-1,-1
00469,1,147,633,174,97,0.8450496,-1,-1,-1
00469,1,434,549,153,94,0.70208997,-1,-1,-1
00470,1,748,475,342,214,0.9644914,-1,-1,-1
00470,1,938,414,219,130,0.91866755,-1,-1,-1
00470,1,166,628,166,94,0.83441556,-1,-1,-1
00470,1,433,520,164,119,0.78281194,-1,-1,-1
00470,1,800,369,127,83,0.722015,-1,-1,-1
00471,1,775,461,375,235,0.9813588,-1,-1,-1
00471,1,799,369,131,83,0.79553425,-1,-1,-1
00471,1,431,528,175,110,0.7592794,-1,-1,-1
00472,1,810,455,403,251,0.9799606,-1,-1,-1
00472,1,800,368,130,84,0.8516304,-1,-1,-1
00472,1,443,536,187,105,0.70017815,-1,-1,-1
00473,1,851,449,432,273,0.98362863,-1,-1,-1
00473,1,389,530,169,100,0.87744826,-1,-1,-1
00473,1,177,616,160,92,0.81311256,-1,-1,-1
00473,1,797,368,136,84,0.8052245,-1,-1,-1
00474,1,905,430,482,315,0.9936661,-1,-1,-1
00474,1,477,536,175,102,0.9614254,-1,-1,-1
00474,1,186,617,164,89,0.8673493,-1,-1,-1
00474,1,375,531,161,99,0.8508423,-1,-1,-1
00474,1,865,430,190,115,0.7939923,-1,-1,-1
00475,1,935,441,522,311,0.99379224,-1,-1,-1
00475,1,842,429,198,120,0.986917,-1,-1,-1
00475,1,496,536,161,103,0.9600933,-1,-1,-1
00475,1,364,540,152,96,0.88442326,-1,-1,-1
00475,1,195,613,162,89,0.86235905,-1,-1,-1
00476,1,944,417,654,340,0.99380094,-1,-1,-1
00476,1,834,432,190,115,0.99376255,-1,-1,-1
00476,1,499,530,170,108,0.97974485,-1,-1,-1
00476,1,345,546,153,89,0.913371,-1,-1,-1
00477,1,811,436,192,111,0.99643826,-1,-1,-1
00477,1,1033,419,568,395,0.9921829,-1,-1,-1
00477,1,506,530,176,108,0.9805313,-1,-1,-1
00477,1,332,553,149,89,0.874561,-1,-1,-1
00477,1,206,605,164,91,0.75119174,-1,-1,-1
00478,1,796,437,186,111,0.9956766,-1,-1,-1
00478,1,519,527,174,113,0.9901215,-1,-1,-1
00478,1,1134,405,467,373,0.9600554,-1,-1,-1
00478,1,337,561,127,76,0.7773699,-1,-1,-1
00478,1,208,602,175,92,0.7357613,-1,-1,-1
00479,1,784,437,181,111,0.9968117,-1,-1,-1
00479,1,530,523,172,114,0.9875213,-1,-1,-1
00479,1,1189,411,412,382,0.8823315,-1,-1,-1
00479,1,235,605,153,82,0.80982447,-1,-1,-1
00479,1,322,564,126,74,0.7109732,-1,-1,-1
00480,1,776,439,174,108,0.9968099,-1,-1,-1
00480,1,548,523,170,114,0.9935209,-1,-1,-1
00480,1,1268,417,330,378,0.9638853,-1,-1,-1
00480,1,808,369,122,82,0.8184945,-1,-1,-1
00480,1,952,311,163,104,0.79290515,-1,-1,-1
00481,1,762,443,167,105,0.99454874,-1,-1,-1
00481,1,557,521,171,118,0.99038297,-1,-1,-1
00481,1,246,594,166,105,0.9049384,-1,-1,-1
00481,1,798,369,138,84,0.82518536,-1,-1,-1
00481,1,917,314,183,108,0.7342892,-1,-1,-1
00482,1,749,443,167,104,0.99285156,-1,-1,-1
00482,1,565,523,180,120,0.9519905,-1,-1,-1
00482,1,252,594,161,106,0.9498538,-1,-1,-1
00482,1,803,369,131,83,0.86574084,-1,-1,-1
00483,1,734,447,168,100,0.9933965,-1,-1,-1
00483,1,580,517,183,124,0.9788695,-1,-1,-1
00483,1,805,370,130,81,0.86001265,-1,-1,-1
00483,1,231,593,183,100,0.85628027,-1,-1,-1
00483,1,1476,323,125,139,0.743289,-1,-1,-1
00484,1,725,452,160,97,0.9918317,-1,-1,-1
00484,1,592,517,186,124,0.9806371,-1,-1,-1
00484,1,1397,298,204,170,0.87649256,-1,-1,-1
00484,1,272,593,155,96,0.8643473,-1,-1,-1
00484,1,806,369,128,83,0.8453496,-1,-1,-1
00485,1,720,452,154,98,0.98153394,-1,-1,-1
00485,1,603,512,196,132,0.9677568,-1,-1,-1
00485,1,1330,286,271,188,0.94924176,-1,-1,-1
00485,1,269,593,173,96,0.8888298,-1,-1,-1
00486,1,1274,303,327,180,0.9864826,-1,-1,-1
00486,1,707,456,155,94,0.98505163,-1,-1,-1
00486,1,617,516,198,130,0.9650322,-1,-1,-1
00486,1,289,592,161,90,0.9598623,-1,-1,-1
00487,1,1222,323,304,160,0.99176663,-1,-1,-1
00487,1,297,591,156,93,0.973175,-1,-1,-1
00487,1,690,456,158,97,0.96993285,-1,-1,-1
00487,1,639,510,199,140,0.9615462,-1,-1,-1
00487,1,182,612,134,86,0.86993235,-1,-1,-1
00488,1,1180,333,275,152,0.9947695,-1,-1,-1
00488,1,656,514,205,135,0.987194,-1,-1,-1
00488,1,310,580,152,101,0.9613767,-1,-1,-1
00488,1,676,457,144,99,0.86102664,-1,-1,-1
00488,1,164,618,131,86,0.8537808,-1,-1,-1
00489,1,1133,346,264,143,0.99521166,-1,-1,-1
00489,1,670,512,219,141,0.99198127,-1,-1,-1
00489,1,321,582,149,98,0.97692865,-1,-1,-1
00489,1,147,623,134,83,0.89471775,-1,-1,-1
00489,1,665,463,148,98,0.8685106,-1,-1,-1
00490,1,1091,355,248,136,0.9944352,-1,-1,-1
00490,1,676,505,235,152,0.9927817,-1,-1,-1
00490,1,323,583,158,95,0.9672744,-1,-1,-1
00490,1,648,467,156,89,0.940425,-1,-1,-1
00491,1,1054,359,234,134,0.9944912,-1,-1,-1
00491,1,698,508,245,157,0.99402255,-1,-1,-1
00491,1,331,581,170,99,0.9858516,-1,-1,-1
00491,1,640,468,142,90,0.96334547,-1,-1,-1
00492,1,1009,367,233,130,0.99373066,-1,-1,-1
00492,1,714,505,259,164,0.9931774,-1,-1,-1
00492,1,341,580,168,101,0.9884241,-1,-1,-1
00492,1,622,474,154,87,0.98211205,-1,-1,-1
00493,1,739,502,272,170,0.9949744,-1,-1,-1
00493,1,983,375,220,123,0.994962,-1,-1,-1
00493,1,616,471,141,92,0.99072915,-1,-1,-1
00493,1,351,577,160,105,0.98549324,-1,-1,-1
00494,1,763,500,289,178,0.9933286,-1,-1,-1
00494,1,595,477,152,90,0.9928221,-1,-1,-1
00494,1,960,382,199,119,0.99112785,-1,-1,-1
00494,1,357,575,160,106,0.9816466,-1,-1,-1
00494,1,60,647,134,80,0.8065202,-1,-1,-1
00495,1,790,495,302,187,0.9882923,-1,-1,-1
00495,1,584,479,148,90,0.98752975,-1,-1,-1
00495,1,938,390,185,111,0.98478174,-1,-1,-1
00495,1,364,576,159,106,0.98287106,-1,-1,-1
00495,1,34,651,146,82,0.8200482,-1,-1,-1
00496,1,573,484,137,90,0.9878086,-1,-1,-1
00496,1,373,574,157,109,0.9850328,-1,-1,-1
00496,1,901,388,182,117,0.977429,-1,-1,-1
00496,1,826,497,317,188,0.94513327,-1,-1,-1
00496,1,787,371,142,92,0.80758005,-1,-1,-1
00496,1,25,653,139,84,0.7153397,-1,-1,-1
00497,1,554,487,149,89,0.99144214,-1,-1,-1
00497,1,380,577,158,106,0.9901444,-1,-1,-1
00497,1,881,400,167,103,0.9755976,-1,-1,-1
00497,1,856,484,350,215,0.91083807,-1,-1,-1
00497,1,8,658,141,87,0.84461194,-1,-1,-1
00498,1,387,579,157,107,0.9934109,-1,-1,-1
00498,1,540,493,143,86,0.9868728,-1,-1,-1
00498,1,893,485,371,217,0.94732326,-1,-1,-1
00498,1,859,399,165,112,0.922673,-1,-1,-1
00499,1,393,580,157,109,0.9951769,-1,-1,-1
00499,1,827,409,165,99,0.98887306,-1,-1,-1
00499,1,526,493,149,88,0.9875038,-1,-1,-1
00499,1,934,480,402,237,0.9802801,-1,-1,-1
00500,1,400,579,154,108,0.99191487,-1,-1,-1
00500,1,517,498,140,87,0.9841324,-1,-1,-1
00500,1,816,413,147,100,0.9780042,-1,-1,-1
00500,1,984,467,440,263,0.9742381,-1,-1,-1
00501,1,408,583,150,107,0.9924597,-1,-1,-1
00501,1,503,505,140,85,0.9756777,-1,-1,-1
00501,1,1030,467,481,280,0.9610807,-1,-1,-1
00501,1,786,413,161,102,0.96020484,-1,-1,-1
00502,1,418,585,150,107,0.9859795,-1,-1,-1
00502,1,1078,451,523,311,0.9723032,-1,-1,-1
00502,1,772,417,151,100,0.9571677,-1,-1,-1
00502,1,485,509,140,85,0.9550576,-1,-1,-1
00503,1,754,422,148,97,0.9729504,-1,-1,-1
00503,1,419,586,156,109,0.9718554,-1,-1,-1
00503,1,476,515,128,87,0.96798074,-1,-1,-1
00503,1,1150,443,451,335,0.91335756,-1,-1,-1
00504,1,739,429,143,90,0.98077124,-1,-1,-1
00504,1,427,586,153,113,0.9797997,-1,-1,-1
00504,1,465,515,132,88,0.9680757,-1,-1,-1
00505,1,729,433,135,86,0.99517953,-1,-1,-1
00505,1,433,587,157,118,0.9476838,-1,-1,-1
00505,1,439,521,138,93,0.93223774,-1,-1,-1
00506,1,714,436,132,85,0.9920751,-1,-1,-1
00506,1,439,585,157,127,0.9579791,-1,-1,-1
00506,1,432,527,130,90,0.8137476,-1,-1,-1
00507,1,702,440,128,82,0.9898788,-1,-1,-1
00507,1,448,590,156,129,0.9627928,-1,-1,-1
00508,1,689,437,125,87,0.9901896,-1,-1,-1
00508,1,455,591,161,132,0.981736,-1,-1,-1
00508,1,395,540,140,85,0.8693167,-1,-1,-1
00509,1,465,589,164,136,0.99271154,-1,-1,-1
00509,1,679,442,118,82,0.98915046,-1,-1,-1
00509,1,371,542,147,90,0.7908552,-1,-1,-1
00510,1,470,588,174,140,0.99689436,-1,-1,-1
00510,1,666,444,115,82,0.96961087,-1,-1,-1
00510,1,356,550,147,87,0.935854,-1,-1,-1
00511,1,474,589,183,144,0.9912314,-1,-1,-1
00511,1,659,447,114,76,0.97244364,-1,-1,-1
00511,1,339,557,139,86,0.95293254,-1,-1,-1
00512,1,482,589,189,153,0.98419595,-1,-1,-1
00512,1,327,559,137,89,0.9803995,-1,-1,-1
00512,1,649,450,111,74,0.97399014,-1,-1,-1
00513,1,487,590,199,159,0.98584974,-1,-1,-1
00513,1,642,451,104,77,0.9821706,-1,-1,-1
00513,1,309,565,141,88,0.9783627,-1,-1,-1
00514,1,498,589,200,167,0.98128957,-1,-1,-1
00514,1,633,454,102,75,0.9771428,-1,-1,-1
00514,1,293,564,137,90,0.9625493,-1,-1,-1
00515,1,505,597,214,174,0.97767806,-1,-1,-1
00515,1,624,454,98,77,0.975072,-1,-1,-1
00515,1,276,578,142,82,0.966037,-1,-1,-1
00516,1,257,589,134,85,0.9856462,-1,-1,-1
00516,1,615,455,100,77,0.9841793,-1,-1,-1
00516,1,518,600,223,181,0.9808246,-1,-1,-1
00517,1,609,458,97,75,0.98473144,-1,-1,-1
00517,1,528,601,232,192,0.9727994,-1,-1,-1
00517,1,241,591,131,84,0.9697351,-1,-1,-1
00517,1,706,408,136,82,0.7920135,-1,-1,-1
00518,1,601,461,97,73,0.98826563,-1,-1,-1
00518,1,545,610,243,195,0.9821817,-1,-1,-1
00518,1,227,596,133,83,0.9752163,-1,-1,-1
00519,1,596,463,91,71,0.9838239,-1,-1,-1
00519,1,561,607,261,210,0.97964853,-1,-1,-1
00519,1,215,602,129,78,0.946793,-1,-1,-1
00519,1,703,408,135,84,0.8262494,-1,-1,-1
00520,1,572,617,285,214,0.9853762,-1,-1,-1
00520,1,587,462,93,74,0.9733825,-1,-1,-1
00520,1,195,605,141,80,0.73965025,-1,-1,-1
00521,1,594,617,300,234,0.9944401,-1,-1,-1
00521,1,582,463,91,73,0.9853302,-1,-1,-1
00521,1,179,607,132,88,0.8880758,-1,-1,-1
00522,1,616,625,323,243,0.9943974,-1,-1,-1
00522,1,577,464,86,72,0.9165415,-1,-1,-1
00522,1,166,616,133,88,0.8691886,-1,-1,-1
00523,1,635,627,358,266,0.99556446,-1,-1,-1
00523,1,569,464,88,73,0.92665976,-1,-1,-1
00523,1,149,622,137,86,0.8690364,-1,-1,-1
00524,1,666,629,381,294,0.9909589,-1,-1,-1
00524,1,568,467,84,68,0.97666216,-1,-1,-1
00524,1,681,409,149,90,0.833846,-1,-1,-1
00524,1,131,628,130,80,0.71513397,-1,-1,-1
00525,1,704,635,408,319,0.9893412,-1,-1,-1
00525,1,563,468,85,65,0.97614586,-1,-1,-1
00525,1,677,409,151,91,0.88856953,-1,-1,-1
00526,1,721,650,495,339,0.9847024,-1,-1,-1
00526,1,559,470,86,65,0.9701198,-1,-1,-1
00526,1,803,372,128,80,0.7614573,-1,-1,-1
00526,1,675,413,151,87,0.738007,-1,-1,-1
00527,1,759,653,561,395,0.992255,-1,-1,-1
00527,1,549,472,89,64,0.9437722,-1,-1,-1
00527,1,676,416,135,88,0.8658597,-1,-1,-1
00527,1,803,372,127,80,0.83776385,-1,-1,-1
00527,1,86,645,123,77,0.7272071,-1,-1,-1
00528,1,785,674,688,453,0.9903404,-1,-1,-1
00528,1,547,472,84,65,0.960842,-1,-1,-1
00528,1,670,414,143,89,0.9313874,-1,-1,-1
00528,1,805,372,124,79,0.788005,-1,-1,-1
00528,1,62,646,131,79,0.7417465,-1,-1,-1
00529,1,879,712,722,461,0.9861877,-1,-1,-1
00529,1,543,472,83,64,0.9544308,-1,-1,-1
00529,1,665,419,145,87,0.9029268,-1,-1,-1
00529,1,44,653,135,77,0.80701447,-1,-1,-1
00529,1,805,371,125,80,0.8046741,-1,-1,-1
00530,1,936,690,665,508,0.99245995,-1,-1,-1
00530,1,540,474,83,61,0.92197806,-1,-1,-1
00530,1,35,654,129,81,0.84985083,-1,-1,-1
00530,1,804,370,126,81,0.82788044,-1,-1,-1
00530,1,653,417,161,88,0.80479205,-1,-1,-1
00531,1,653,423,152,83,0.9117841,-1,-1,-1
00531,1,805,371,124,80,0.90241355,-1,-1,-1
00531,1,16,659,134,85,0.8689145,-1,-1,-1
00531,1,1006,744,595,457,0.8638104,-1,-1,-1
00531,1,537,472,79,64,0.8420468,-1,-1,-1
00532,1,1103,753,498,428,0.92914593,-1,-1,-1
00532,1,804,371,124,80,0.9230385,-1,-1,-1
00532,1,653,430,137,81,0.8808149,-1,-1,-1
00532,1,536,474,75,64,0.87529945,-1,-1,-1
00532,1,4,666,123,82,0.83063936,-1,-1,-1
00533,1,804,371,125,80,0.92390823,-1,-1,-1
00533,1,647,432,140,75,0.8959791,-1,-1,-1
00533,1,529,475,80,64,0.83717775,-1,-1,-1
00534,1,644,434,134,75,0.9429955,-1,-1,-1
00534,1,805,371,124,80,0.9030625,-1,-1,-1
00534,1,526,477,80,63,0.86311734,-1,-1,-1
00535,1,640,435,128,75,0.9666842,-1,-1,-1
00535,1,804,371,125,79,0.9046001,-1,-1,-1
00535,1,524,479,77,60,0.7196597,-1,-1,-1
00536,1,633,437,129,76,0.96415675,-1,-1,-1
00536,1,802,370,118,84,0.93241876,-1,-1,-1
00537,1,632,437,126,74,0.97776973,-1,-1,-1
00537,1,802,370,118,84,0.94192225,-1,-1,-1
00538,1,618,439,134,79,0.9770064,-1,-1,-1
00538,1,802,370,119,84,0.9394542,-1,-1,-1
00539,1,615,442,133,77,0.98041993,-1,-1,-1
00539,1,803,370,117,84,0.9470851,-1,-1,-1
00540,1,615,444,127,75,0.9824249,-1,-1,-1
00540,1,802,370,118,84,0.9482537,-1,-1,-1
00541,1,612,445,120,75,0.986527,-1,-1,-1
00541,1,800,366,129,86,0.98313993,-1,-1,-1
00542,1,799,366,129,87,0.98416823,-1,-1,-1
00542,1,600,444,128,78,0.976352,-1,-1,-1
00543,1,799,366,130,86,0.9838574,-1,-1,-1
00543,1,592,443,137,82,0.90303636,-1,-1,-1
00544,1,800,366,128,86,0.9826279,-1,-1,-1
00544,1,590,446,132,83,0.9168052,-1,-1,-1
00545,1,801,372,120,82,0.96176505,-1,-1,-1
00545,1,590,455,115,71,0.9110068,-1,-1,-1
00546,1,801,372,120,82,0.9601562,-1,-1,-1
00546,1,577,452,124,78,0.9019849,-1,-1,-1
00547,1,574,456,120,75,0.9658481,-1,-1,-1
00547,1,800,372,121,82,0.9603359,-1,-1,-1
00548,1,799,371,122,83,0.96606064,-1,-1,-1
00548,1,567,458,123,73,0.95992434,-1,-1,-1
00549,1,799,371,123,83,0.9678152,-1,-1,-1
00549,1,566,457,117,75,0.9567023,-1,-1,-1
00550,1,799,371,122,84,0.96760267,-1,-1,-1
00550,1,565,459,109,73,0.95358074,-1,-1,-1
00551,1,799,371,122,83,0.97162104,-1,-1,-1
00551,1,563,462,109,70,0.93480176,-1,-1,-1
00552,1,799,366,130,87,0.9859124,-1,-1,-1
00552,1,562,461,103,73,0.70712817,-1,-1,-1
00553,1,802,370,129,81,0.9613479,-1,-1,-1
00553,1,560,460,99,74,0.9585885,-1,-1,-1
00554,1,560,462,96,73,0.96881336,-1,-1,-1
00554,1,802,370,129,81,0.962906,-1,-1,-1
00555,1,802,370,129,81,0.9620837,-1,-1,-1
00555,1,557,462,97,72,0.8795017,-1,-1,-1
00556,1,802,371,128,80,0.9628175,-1,-1,-1
00556,1,553,463,98,74,0.897364,-1,-1,-1
00557,1,799,366,134,86,0.9761953,-1,-1,-1
00557,1,546,465,99,73,0.70185196,-1,-1,-1
00558,1,802,371,129,80,0.96589404,-1,-1,-1
00558,1,542,470,100,65,0.7975959,-1,-1,-1
00559,1,802,371,129,80,0.96665925,-1,-1,-1
00559,1,541,471,96,66,0.91565984,-1,-1,-1
00560,1,802,370,129,81,0.9641814,-1,-1,-1
00560,1,541,470,89,67,0.9019609,-1,-1,-1
00561,1,802,370,129,81,0.96005696,-1,-1,-1
00561,1,540,471,86,65,0.8904686,-1,-1,-1
00562,1,802,371,129,80,0.960381,-1,-1,-1
00562,1,536,471,90,65,0.7410894,-1,-1,-1
00563,1,803,371,128,80,0.95919126,-1,-1,-1
00563,1,533,471,90,66,0.7017246,-1,-1,-1
00564,1,803,371,128,80,0.9631649,-1,-1,-1
00565,1,802,370,129,80,0.947419,-1,-1,-1
00566,1,802,370,129,80,0.94773465,-1,-1,-1
00567,1,802,370,129,80,0.9488035,-1,-1,-1
00568,1,802,370,129,80,0.94880456,-1,-1,-1
00569,1,802,370,129,80,0.9494962,-1,-1,-1
00570,1,802,370,129,80,0.94926274,-1,-1,-1
00571,1,803,370,128,80,0.9488654,-1,-1,-1
00572,1,803,370,128,80,0.9498639,-1,-1,-1
00573,1,803,370,128,80,0.9513672,-1,-1,-1
00574,1,803,370,128,80,0.94726974,-1,-1,-1
00575,1,803,370,128,80,0.9416274,-1,-1,-1
00576,1,803,370,128,80,0.92994297,-1,-1,-1
00577,1,802,371,129,80,0.9582612,-1,-1,-1
00578,1,802,371,129,79,0.9599865,-1,-1,-1
00579,1,802,371,129,79,0.9583495,-1,-1,-1
00580,1,802,371,129,80,0.9601984,-1,-1,-1
00581,1,802,371,128,79,0.9565067,-1,-1,-1
00582,1,802,371,127,79,0.9488577,-1,-1,-1
00583,1,802,371,127,79,0.94906867,-1,-1,-1
00584,1,802,371,127,79,0.94824344,-1,-1,-1
00585,1,802,370,127,80,0.9485402,-1,-1,-1
00586,1,801,371,128,79,0.9405895,-1,-1,-1
00587,1,801,371,128,79,0.9382497,-1,-1,-1
00588,1,801,371,128,79,0.9471694,-1,-1,-1
00589,1,800,369,131,82,0.92745155,-1,-1,-1
00590,1,800,369,131,82,0.92801535,-1,-1,-1
00591,1,800,369,131,82,0.92718756,-1,-1,-1
00592,1,800,369,131,82,0.92664266,-1,-1,-1
00593,1,801,369,130,83,0.91987866,-1,-1,-1
00594,1,801,369,130,83,0.92079854,-1,-1,-1
00595,1,801,369,130,83,0.9215076,-1,-1,-1
00596,1,800,369,131,83,0.92522705,-1,-1,-1
00597,1,800,369,131,83,0.9299355,-1,-1,-1
00598,1,800,369,131,83,0.92970073,-1,-1,-1
00599,1,800,369,131,83,0.9304568,-1,-1,-1
00600,1,800,369,131,82,0.9313961,-1,-1,-1
00601,1,801,369,130,83,0.9028806,-1,-1,-1
00602,1,801,369,130,83,0.9022081,-1,-1,-1
00603,1,801,368,130,84,0.9035779,-1,-1,-1
00604,1,801,368,130,84,0.9070005,-1,-1,-1
00605,1,801,368,130,84,0.90837896,-1,-1,-1
00606,1,801,368,130,84,0.9008705,-1,-1,-1
00607,1,801,368,130,84,0.90358526,-1,-1,-1
00608,1,801,368,130,84,0.89969176,-1,-1,-1
00609,1,801,368,130,84,0.89762604,-1,-1,-1
00610,1,801,368,130,84,0.895675,-1,-1,-1
00611,1,801,368,130,84,0.8981494,-1,-1,-1
00612,1,801,368,130,84,0.8988486,-1,-1,-1
00613,1,802,370,129,80,0.96340775,-1,-1,-1
00613,1,1366,268,235,196,0.86061835,-1,-1,-1
00614,1,1322,289,279,183,0.9664392,-1,-1,-1
00614,1,802,370,129,80,0.96278477,-1,-1,-1
00615,1,1284,299,317,177,0.9795247,-1,-1,-1
00615,1,803,371,128,79,0.9636615,-1,-1,-1
00616,1,1238,303,350,177,0.98552597,-1,-1,-1
00616,1,803,371,129,79,0.9624141,-1,-1,-1
00617,1,1208,321,297,159,0.9901697,-1,-1,-1
00617,1,802,370,129,80,0.9668627,-1,-1,-1
00618,1,1162,323,308,157,0.9929664,-1,-1,-1
00618,1,802,370,130,81,0.9636985,-1,-1,-1
00619,1,1138,338,276,147,0.99471575,-1,-1,-1
00619,1,798,365,136,88,0.98149306,-1,-1,-1
00620,1,1096,344,276,143,0.9900069,-1,-1,-1
00620,1,802,370,130,80,0.962315,-1,-1,-1
00621,1,1066,350,261,138,0.99079305,-1,-1,-1
00621,1,802,370,130,80,0.9618586,-1,-1,-1
00622,1,1036,358,252,131,0.99407476,-1,-1,-1
00622,1,801,371,122,83,0.9557313,-1,-1,-1
00623,1,1011,360,240,131,0.9933956,-1,-1,-1
00623,1,799,365,135,88,0.9747317,-1,-1,-1
00624,1,986,368,230,126,0.996378,-1,-1,-1
00624,1,801,371,122,83,0.95025104,-1,-1,-1
00625,1,968,373,217,124,0.99596655,-1,-1,-1
00625,1,800,364,134,88,0.96463037,-1,-1,-1
00626,1,947,378,210,119,0.9943381,-1,-1,-1
00626,1,800,365,134,87,0.9592799,-1,-1,-1
00627,1,932,379,200,120,0.9914876,-1,-1,-1
00627,1,802,371,119,82,0.92805105,-1,-1,-1
00628,1,904,390,198,109,0.97866577,-1,-1,-1
00628,1,798,370,133,83,0.9273189,-1,-1,-1
00629,1,897,391,184,111,0.99153817,-1,-1,-1
00629,1,794,371,140,82,0.8693087,-1,-1,-1
00630,1,871,396,183,106,0.9974618,-1,-1,-1
00630,1,804,371,122,83,0.82808286,-1,-1,-1
00631,1,856,402,170,102,0.986558,-1,-1,-1
00631,1,806,370,121,84,0.8224258,-1,-1,-1
00632,1,834,407,169,95,0.98130095,-1,-1,-1
