00001,1,342,490,783,591,0.9986927,-1,-1,-1
00001,1,1427,305,304,221,0.9453402,-1,-1,-1
00001,1,1534,214,215,169,0.7683788,-1,-1,-1
00002,1,343,493,781,588,0.99884844,-1,-1,-1
00002,1,1428,305,303,222,0.9351545,-1,-1,-1
00002,1,1530,214,217,168,0.7827003,-1,-1,-1
00003,1,340,494,785,587,0.99896264,-1,-1,-1
00003,1,1427,305,304,221,0.9319892,-1,-1,-1
00003,1,1540,220,196,158,0.8129756,-1,-1,-1
00004,1,341,402,800,679,0.99883324,-1,-1,-1
00004,1,1427,305,304,222,0.92858815,-1,-1,-1
00004,1,1539,220,199,158,0.84802216,-1,-1,-1
00005,1,337,480,796,601,0.9991961,-1,-1,-1
00005,1,1427,306,304,221,0.9320408,-1,-1,-1
00005,1,1539,217,209,165,0.74931437,-1,-1,-1
00006,1,339,402,804,679,0.99892324,-1,-1,-1
00006,1,1427,305,304,222,0.933361,-1,-1,-1
00006,1,1536,217,213,164,0.7252647,-1,-1,-1
00007,1,338,402,804,679,0.9989556,-1,-1,-1
00007,1,1427,305,303,222,0.9344015,-1,-1,-1
00007,1,1537,217,212,163,0.8041426,-1,-1,-1
00008,1,337,479,797,602,0.9992538,-1,-1,-1
00008,1,1427,305,304,222,0.93334705,-1,-1,-1
00008,1,1538,218,206,163,0.85881597,-1,-1,-1
00009,1,297,490,864,591,0.9988973,-1,-1,-1
00009,1,1427,306,304,221,0.92762434,-1,-1,-1
00009,1,1532,214,220,164,0.79081345,-1,-1,-1
00010,1,340,479,795,602,0.9992435,-1,-1,-1
00010,1,1428,305,303,222,0.92826766,-1,-1,-1
00010,1,1524,217,228,163,0.8666248,-1,-1,-1
00011,1,340,479,794,602,0.99925715,-1,-1,-1
00011,1,1428,305,303,222,0.92357063,-1,-1,-1
00011,1,1533,216,214,164,0.8047071,-1,-1,-1
00012,1,338,479,797,602,0.9992816,-1,-1,-1
00012,1,1428,305,303,222,0.92361677,-1,-1,-1
00012,1,1534,217,213,164,0.7461442,-1,-1,-1
00013,1,343,498,785,583,0.99900323,-1,-1,-1
00013,1,1428,305,303,222,0.9293605,-1,-1,-1
00013,1,1534,216,215,163,0.72292334,-1,-1,-1
00014,1,334,481,805,600,0.99929047,-1,-1,-1
00014,1,1427,306,303,221,0.93106616,-1,-1,-1
00015,1,341,497,789,584,0.9989336,-1,-1,-1
00015,1,1428,306,303,221,0.9358396,-1,-1,-1
00016,1,335,480,805,601,0.99928635,-1,-1,-1
00016,1,1427,306,304,221,0.9322304,-1,-1,-1
00017,1,293,495,863,586,0.998911,-1,-1,-1
00017,1,1427,306,304,221,0.9338662,-1,-1,-1
00018,1,340,500,786,581,0.99881727,-1,-1,-1
00018,1,1427,306,304,221,0.93641365,-1,-1,-1
00018,1,983,111,376,180,0.75615156,-1,-1,-1
00019,1,339,499,788,582,0.9988525,-1,-1,-1
00019,1,1427,306,304,221,0.9362411,-1,-1,-1
00020,1,339,498,789,583,0.99895966,-1,-1,-1
00020,1,1427,307,304,220,0.93908924,-1,-1,-1
00021,1,330,517,810,564,0.9989262,-1,-1,-1
00021,1,1428,306,302,222,0.9430272,-1,-1,-1
00021,1,1531,217,220,163,0.7264762,-1,-1,-1
00022,1,329,521,813,560,0.9989668,-1,-1,-1
00022,1,1428,306,303,223,0.9564501,-1,-1,-1
00022,1,1530,217,222,163,0.7347359,-1,-1,-1
00023,1,325,520,817,561,0.99889565,-1,-1,-1
00023,1,1428,307,303,222,0.96085215,-1,-1,-1
00023,1,1531,217,221,163,0.74686986,-1,-1,-1
00024,1,325,520,817,561,0.99899155,-1,-1,-1
00024,1,1429,307,303,222,0.95598197,-1,-1,-1
00024,1,1712,453,209,389,0.9354269,-1,-1,-1
00024,1,1533,217,218,163,0.7403614,-1,-1,-1
00025,1,335,483,796,598,0.9992455,-1,-1,-1
00025,1,1661,417,260,427,0.9949885,-1,-1,-1
00025,1,1423,304,313,228,0.9721252,-1,-1,-1
00025,1,1531,217,220,163,0.79431576,-1,-1,-1
00025,1,826,116,384,176,0.7503306,-1,-1,-1
00026,1,322,521,818,560,0.9989135,-1,-1,-1
00026,1,1618,414,303,406,0.99581844,-1,-1,-1
00026,1,1427,304,303,226,0.9098673,-1,-1,-1
00026,1,1531,217,220,163,0.8082296,-1,-1,-1
00026,1,799,111,384,173,0.74544346,-1,-1,-1
00027,1,323,521,817,560,0.99889624,-1,-1,-1
00027,1,1575,401,346,398,0.9944694,-1,-1,-1
00027,1,1427,299,305,228,0.8545441,-1,-1,-1
00027,1,1533,217,217,163,0.8067582,-1,-1,-1
00028,1,322,522,817,559,0.99893075,-1,-1,-1
00028,1,1548,386,373,387,0.99634534,-1,-1,-1
00028,1,1429,299,292,233,0.83453184,-1,-1,-1
00029,1,335,485,797,596,0.99924004,-1,-1,-1
00029,1,1495,386,426,369,0.99369967,-1,-1,-1
00030,1,321,519,818,562,0.9988034,-1,-1,-1
00030,1,1484,360,437,372,0.99153894,-1,-1,-1
00030,1,1531,218,220,161,0.7802602,-1,-1,-1
00031,1,319,520,822,561,0.99883467,-1,-1,-1
00031,1,1443,354,414,360,0.9771209,-1,-1,-1
00032,1,319,519,821,562,0.99880624,-1,-1,-1
00032,1,1406,311,410,390,0.9736205,-1,-1,-1
00032,1,1525,217,225,167,0.7919733,-1,-1,-1
00033,1,319,518,821,563,0.9987815,-1,-1,-1
00033,1,1370,307,404,377,0.98342484,-1,-1,-1
00033,1,1526,218,222,164,0.80646944,-1,-1,-1
00034,1,318,520,820,561,0.9987613,-1,-1,-1
00034,1,1340,313,389,357,0.9723237,-1,-1,-1
00034,1,1527,217,218,165,0.85616755,-1,-1,-1
00035,1,319,519,821,562,0.9987612,-1,-1,-1
00035,1,1304,329,412,324,0.8831568,-1,-1,-1
00036,1,320,517,823,564,0.9988142,-1,-1,-1
00036,1,1285,326,375,315,0.9336454,-1,-1,-1
00037,1,318,516,834,565,0.99926835,-1,-1,-1
00037,1,1244,325,388,295,0.9567896,-1,-1,-1
00038,1,317,516,835,565,0.99926883,-1,-1,-1
00038,1,1223,322,377,293,0.9831217,-1,-1,-1
00039,1,318,516,832,565,0.99922013,-1,-1,-1
00039,1,1204,317,366,284,0.9816784,-1,-1,-1
00039,1,1516,219,238,163,0.765073,-1,-1,-1
00040,1,318,514,833,567,0.9991763,-1,-1,-1
00040,1,1185,310,347,284,0.9867029,-1,-1,-1
00040,1,1467,315,257,209,0.7229026,-1,-1,-1
00040,1,1521,217,233,162,0.7022429,-1,-1,-1
00041,1,321,518,825,563,0.9990277,-1,-1,-1
00041,1,1148,307,360,278,0.9865963,-1,-1,-1
00041,1,1444,312,284,213,0.8882334,-1,-1,-1
00042,1,319,518,822,563,0.9990687,-1,-1,-1
00042,1,1129,306,350,267,0.98522216,-1,-1,-1
00042,1,1429,309,302,215,0.9240931,-1,-1,-1
00043,1,321,520,821,561,0.99909174,-1,-1,-1
00043,1,1429,307,304,219,0.95238286,-1,-1,-1
00043,1,1124,298,320,269,0.94026417,-1,-1,-1
00044,1,321,521,818,560,0.99904555,-1,-1,-1
00044,1,1102,299,322,259,0.9899575,-1,-1,-1
00044,1,1430,308,303,218,0.9562012,-1,-1,-1
00045,1,334,486,803,595,0.9992649,-1,-1,-1
00045,1,1088,294,314,257,0.9897837,-1,-1,-1
00045,1,1427,305,303,218,0.9708909,-1,-1,-1
00046,1,331,486,805,595,0.9992487,-1,-1,-1
00046,1,1066,288,317,254,0.980667,-1,-1,-1
00046,1,1428,304,302,219,0.9710287,-1,-1,-1
00047,1,309,496,846,585,0.9992793,-1,-1,-1
00047,1,1058,281,302,251,0.9860968,-1,-1,-1
00047,1,1422,304,313,225,0.97796905,-1,-1,-1
00048,1,316,522,818,559,0.99900657,-1,-1,-1
00048,1,1050,278,292,244,0.97940296,-1,-1,-1
00048,1,1429,308,302,219,0.9442715,-1,-1,-1
00049,1,304,494,845,587,0.9989557,-1,-1,-1
00049,1,1042,276,283,234,0.9693559,-1,-1,-1
00049,1,1428,307,302,220,0.93850404,-1,-1,-1
00050,1,315,524,819,557,0.9988889,-1,-1,-1
00050,1,1036,272,277,230,0.97291464,-1,-1,-1
00050,1,1429,306,302,222,0.9359876,-1,-1,-1
00051,1,313,527,829,554,0.99905854,-1,-1,-1
00051,1,1032,265,269,231,0.98043734,-1,-1,-1
00051,1,1427,306,304,222,0.9444127,-1,-1,-1
00052,1,326,503,826,578,0.99932766,-1,-1,-1
00052,1,1030,261,264,230,0.9876458,-1,-1,-1
00052,1,1427,306,303,222,0.9376253,-1,-1,-1
00053,1,312,529,830,552,0.9990638,-1,-1,-1
00053,1,1028,259,261,224,0.9905753,-1,-1,-1
00053,1,1427,306,304,222,0.9478021,-1,-1,-1
00054,1,328,515,824,566,0.99947387,-1,-1,-1
00054,1,1031,253,251,224,0.9911321,-1,-1,-1
00054,1,1421,303,314,227,0.9745309,-1,-1,-1
00055,1,312,529,829,552,0.9991019,-1,-1,-1
00055,1,1034,251,242,218,0.9902756,-1,-1,-1
00055,1,1428,307,304,221,0.9511311,-1,-1,-1
00056,1,311,529,828,552,0.9990439,-1,-1,-1
00056,1,1034,251,238,211,0.99256915,-1,-1,-1
00056,1,1433,304,292,223,0.9570833,-1,-1,-1
00057,1,310,530,829,551,0.9991142,-1,-1,-1
00057,1,1039,247,238,212,0.9910931,-1,-1,-1
00057,1,1428,305,303,222,0.9509215,-1,-1,-1
00058,1,309,529,829,552,0.9991314,-1,-1,-1
00058,1,1045,246,239,202,0.9911362,-1,-1,-1
00058,1,1421,302,315,227,0.975806,-1,-1,-1
00059,1,311,526,830,555,0.9991048,-1,-1,-1
00059,1,1052,240,235,199,0.9841211,-1,-1,-1
00059,1,1420,303,316,226,0.9754934,-1,-1,-1
00060,1,311,527,831,554,0.99908674,-1,-1,-1
00060,1,1060,234,240,203,0.9840752,-1,-1,-1
00060,1,1420,303,316,226,0.9763555,-1,-1,-1
00061,1,317,526,827,555,0.99907315,-1,-1,-1
00061,1,1072,235,242,200,0.9848932,-1,-1,-1
00061,1,1422,303,314,227,0.97969455,-1,-1,-1
00061,1,1534,218,217,162,0.73589677,-1,-1,-1
00062,1,311,511,848,570,0.9995234,-1,-1,-1
00062,1,1423,303,312,227,0.98052853,-1,-1,-1
00062,1,1084,232,238,193,0.9713416,-1,-1,-1
00062,1,1534,218,217,162,0.72782105,-1,-1,-1
00063,1,317,527,829,554,0.9991516,-1,-1,-1
00063,1,1103,231,234,195,0.9821816,-1,-1,-1
00063,1,1427,306,304,221,0.9482729,-1,-1,-1
00063,1,1532,218,219,162,0.7169589,-1,-1,-1
00064,1,319,526,826,555,0.9991001,-1,-1,-1
00064,1,1114,226,234,192,0.98370516,-1,-1,-1
00064,1,1428,303,304,222,0.97194576,-1,-1,-1
00065,1,318,527,828,554,0.9991549,-1,-1,-1
00065,1,1126,227,234,186,0.9873963,-1,-1,-1
00065,1,1427,307,305,220,0.9627022,-1,-1,-1
00065,1,1534,218,217,162,0.70222193,-1,-1,-1
00066,1,330,512,821,569,0.9995664,-1,-1,-1
00066,1,1140,224,237,181,0.9823309,-1,-1,-1
00066,1,1428,303,302,222,0.9766456,-1,-1,-1
00066,1,1533,218,218,162,0.7284842,-1,-1,-1
00067,1,316,525,832,556,0.99920267,-1,-1,-1
00067,1,1162,222,232,181,0.98543185,-1,-1,-1
00067,1,1428,307,303,220,0.96292514,-1,-1,-1
00067,1,1533,218,219,162,0.72910714,-1,-1,-1
00068,1,315,525,833,556,0.99920267,-1,-1,-1
00068,1,1173,219,232,180,0.9887038,-1,-1,-1
00068,1,1428,306,303,221,0.9675249,-1,-1,-1
00068,1,1531,218,222,162,0.7159389,-1,-1,-1
00069,1,317,522,830,559,0.99913114,-1,-1,-1
00069,1,1196,221,232,175,0.9842621,-1,-1,-1
00069,1,1428,306,303,222,0.9742443,-1,-1,-1
00069,1,1535,218,216,162,0.71992356,-1,-1,-1
00070,1,316,523,830,558,0.9991339,-1,-1,-1
00070,1,1215,220,231,172,0.9879888,-1,-1,-1
00070,1,1428,306,304,223,0.98060536,-1,-1,-1
00070,1,1533,218,219,162,0.7366129,-1,-1,-1
00071,1,318,521,829,560,0.99905366,-1,-1,-1
00071,1,1234,215,224,174,0.9855402,-1,-1,-1
00071,1,1428,308,304,220,0.97249234,-1,-1,-1
00072,1,316,521,832,560,0.99906904,-1,-1,-1
00072,1,1251,214,225,172,0.9846303,-1,-1,-1
00072,1,1427,309,306,218,0.97053045,-1,-1,-1
00072,1,1534,219,219,161,0.7055532,-1,-1,-1
00073,1,316,502,836,579,0.99938035,-1,-1,-1
00073,1,1270,215,223,170,0.97815496,-1,-1,-1
00073,1,1427,309,306,219,0.97493106,-1,-1,-1
00073,1,1536,219,217,161,0.7418399,-1,-1,-1
00074,1,317,500,835,581,0.99933726,-1,-1,-1
00074,1,1289,212,210,168,0.9763618,-1,-1,-1
00074,1,1426,308,308,220,0.97373664,-1,-1,-1
00074,1,1526,221,229,161,0.7236443,-1,-1,-1
00075,1,317,501,836,580,0.9993899,-1,-1,-1
00075,1,1304,212,215,167,0.9812945,-1,-1,-1
00075,1,1428,308,304,220,0.97720885,-1,-1,-1
00075,1,1513,217,241,166,0.92090505,-1,-1,-1
00076,1,315,519,830,562,0.9990675,-1,-1,-1
00076,1,1430,309,300,223,0.9952768,-1,-1,-1
00076,1,1330,214,206,161,0.9881341,-1,-1,-1
00076,1,1528,222,227,159,0.7751345,-1,-1,-1
00077,1,335,506,829,575,0.9993861,-1,-1,-1
00077,1,1428,308,306,221,0.9886274,-1,-1,-1
00077,1,1343,209,203,164,0.9674435,-1,-1,-1
00077,1,1537,218,216,161,0.8198643,-1,-1,-1
00078,1,313,519,833,562,0.99911183,-1,-1,-1
00078,1,1429,307,303,222,0.9867263,-1,-1,-1
00078,1,1359,217,195,155,0.8626783,-1,-1,-1
00078,1,1490,213,265,169,0.8462226,-1,-1,-1
00079,1,302,495,863,586,0.9992162,-1,-1,-1
00079,1,1430,307,302,222,0.98369795,-1,-1,-1
00079,1,1486,212,271,169,0.9165319,-1,-1,-1
00080,1,301,496,866,585,0.99912554,-1,-1,-1
00080,1,1429,309,302,221,0.9848519,-1,-1,-1
00080,1,1388,215,168,146,0.91034716,-1,-1,-1
00080,1,1445,215,311,172,0.838107,-1,-1,-1
00081,1,319,516,829,565,0.99901223,-1,-1,-1
00081,1,1428,302,301,229,0.97474766,-1,-1,-1
00081,1,1417,212,327,172,0.9693075,-1,-1,-1
00082,1,316,520,829,561,0.9991358,-1,-1,-1
00082,1,1433,298,299,227,0.9837335,-1,-1,-1
00082,1,1436,213,311,171,0.9699995,-1,-1,-1
00083,1,313,518,833,563,0.9990626,-1,-1,-1
00083,1,1429,305,303,224,0.9765787,-1,-1,-1
00083,1,1455,218,301,173,0.9590533,-1,-1,-1
00083,1,1442,211,115,131,0.707436,-1,-1,-1
00084,1,340,503,825,578,0.9994387,-1,-1,-1
00084,1,1430,307,301,221,0.9729699,-1,-1,-1
00084,1,1465,216,282,174,0.96986336,-1,-1,-1
00085,1,340,498,828,583,0.99944013,-1,-1,-1
00085,1,1430,305,301,223,0.96552,-1,-1,-1
00085,1,784,151,207,113,0.9590441,-1,-1,-1
00085,1,1473,213,271,172,0.9072314,-1,-1,-1
00086,1,342,500,827,581,0.9994685,-1,-1,-1
00086,1,1428,305,304,222,0.95593417,-1,-1,-1
00086,1,799,148,213,120,0.9426621,-1,-1,-1
00086,1,1483,214,257,170,0.7054007,-1,-1,-1
00087,1,341,491,825,590,0.9993104,-1,-1,-1
00087,1,836,150,208,112,0.95302725,-1,-1,-1
00087,1,1427,305,304,222,0.94831324,-1,-1,-1
00088,1,339,498,829,583,0.9994869,-1,-1,-1
00088,1,1427,306,305,221,0.9405734,-1,-1,-1
00088,1,870,140,240,121,0.85863894,-1,-1,-1
00089,1,338,502,831,579,0.9995252,-1,-1,-1
00089,1,1420,303,316,228,0.9668291,-1,-1,-1
00089,1,905,144,233,115,0.9094735,-1,-1,-1
00090,1,299,495,869,586,0.9993962,-1,-1,-1
00090,1,1422,304,313,227,0.9701624,-1,-1,-1
00090,1,944,142,234,116,0.9394748,-1,-1,-1
00091,1,312,518,826,563,0.9990426,-1,-1,-1
00091,1,1422,304,313,227,0.9707908,-1,-1,-1
00091,1,982,139,241,115,0.7673852,-1,-1,-1
00092,1,319,492,832,589,0.99931145,-1,-1,-1
00092,1,1421,303,314,227,0.96879,-1,-1,-1
00092,1,1035,140,222,116,0.9488001,-1,-1,-1
00093,1,322,507,829,574,0.9995196,-1,-1,-1
00093,1,1422,303,313,227,0.9717416,-1,-1,-1
00093,1,1064,142,251,126,0.95933956,-1,-1,-1
00094,1,321,505,833,576,0.9994856,-1,-1,-1
00094,1,1421,303,315,227,0.97237587,-1,-1,-1
00094,1,1111,141,242,120,0.8968671,-1,-1,-1
00095,1,315,506,836,575,0.9995807,-1,-1,-1
00095,1,1421,303,315,227,0.9706041,-1,-1,-1
00096,1,323,510,829,571,0.99951744,-1,-1,-1
00096,1,1422,303,314,227,0.97227526,-1,-1,-1
00097,1,294,493,868,588,0.9991456,-1,-1,-1
00097,1,1422,303,315,227,0.9743793,-1,-1,-1
00098,1,294,492,868,589,0.99910897,-1,-1,-1
00098,1,1422,303,314,227,0.97426367,-1,-1,-1
00098,1,1295,140,236,119,0.84007776,-1,-1,-1
00098,1,1536,217,209,165,0.7001884,-1,-1,-1
00099,1,296,493,867,588,0.9992131,-1,-1,-1
00099,1,1422,303,314,227,0.9741828,-1,-1,-1
00099,1,1543,221,193,166,0.81864303,-1,-1,-1
00099,1,1350,143,210,118,0.7292886,-1,-1,-1
00100,1,295,492,868,589,0.9991574,-1,-1,-1
00100,1,1422,303,314,227,0.97230744,-1,-1,-1
00100,1,1518,218,230,171,0.8171127,-1,-1,-1
00101,1,318,492,838,589,0.99925846,-1,-1,-1
00101,1,1422,303,313,227,0.9704744,-1,-1,-1
00101,1,1506,225,236,167,0.7805162,-1,-1,-1
00102,1,311,517,831,564,0.99896336,-1,-1,-1
00102,1,1421,304,314,226,0.97160023,-1,-1,-1
00102,1,1525,214,222,169,0.8163868,-1,-1,-1
00103,1,294,491,870,590,0.9992829,-1,-1,-1
00103,1,1422,305,314,225,0.97034454,-1,-1,-1
00103,1,1544,142,217,134,0.7614396,-1,-1,-1
00103,1,1531,223,217,157,0.7251074,-1,-1,-1
00104,1,335,507,815,574,0.99936587,-1,-1,-1
00104,1,1422,305,314,225,0.9722868,-1,-1,-1
00104,1,1518,221,227,160,0.70479554,-1,-1,-1
00105,1,309,519,832,562,0.9990277,-1,-1,-1
00105,1,1421,304,315,226,0.9725513,-1,-1,-1
00105,1,1527,212,219,174,0.7083569,-1,-1,-1
00106,1,324,501,834,580,0.9994318,-1,-1,-1
00106,1,1423,304,314,226,0.9730108,-1,-1,-1
00106,1,1513,209,236,171,0.8699287,-1,-1,-1
00107,1,316,484,837,597,0.99901986,-1,-1,-1
00107,1,1423,304,313,226,0.97121733,-1,-1,-1
00107,1,1516,214,219,168,0.8982118,-1,-1,-1
00108,1,313,520,828,561,0.99899524,-1,-1,-1
00108,1,1424,305,312,225,0.9708406,-1,-1,-1
00108,1,1517,207,237,174,0.8657111,-1,-1,-1
00109,1,347,491,816,590,0.99911827,-1,-1,-1
00109,1,1423,305,313,225,0.96972096,-1,-1,-1
00109,1,1508,215,230,164,0.9546065,-1,-1,-1
00109,1,1426,172,137,116,0.8768368,-1,-1,-1
00110,1,340,499,794,582,0.9990107,-1,-1,-1
00110,1,1429,307,304,220,0.95461905,-1,-1,-1
00110,1,1411,168,154,126,0.9280682,-1,-1,-1
00110,1,1533,211,217,170,0.88626075,-1,-1,-1
00111,1,289,486,875,595,0.99907875,-1,-1,-1
00111,1,1430,307,303,220,0.95649934,-1,-1,-1
00111,1,1510,223,235,169,0.95066637,-1,-1,-1
00111,1,1398,165,167,123,0.88511086,-1,-1,-1
00112,1,354,507,792,574,0.99918896,-1,-1,-1
00112,1,1430,307,303,220,0.9550725,-1,-1,-1
00112,1,1371,155,185,133,0.8948716,-1,-1,-1
00112,1,1535,212,215,169,0.8823135,-1,-1,-1
00112,1,816,159,178,109,0.8623956,-1,-1,-1
00113,1,355,505,790,576,0.9991535,-1,-1,-1
00113,1,1363,164,174,121,0.9782891,-1,-1,-1
00113,1,1429,306,304,222,0.9547424,-1,-1,-1
00113,1,1535,216,201,159,0.936442,-1,-1,-1
00113,1,829,158,201,120,0.79021204,-1,-1,-1
00114,1,340,499,792,582,0.9989557,-1,-1,-1
00114,1,1429,305,303,223,0.95088464,-1,-1,-1
00114,1,1343,159,182,123,0.932271,-1,-1,-1
00114,1,1538,213,211,168,0.8732938,-1,-1,-1
00114,1,833,146,220,132,0.8651183,-1,-1,-1
00115,1,289,487,878,594,0.99905986,-1,-1,-1
00115,1,1312,162,184,121,0.9759334,-1,-1,-1
00115,1,1429,306,303,221,0.94516003,-1,-1,-1
00115,1,1509,218,251,169,0.9002192,-1,-1,-1
00115,1,851,154,230,130,0.7347886,-1,-1,-1
00116,1,340,498,794,583,0.999014,-1,-1,-1
00116,1,1293,159,182,123,0.97393143,-1,-1,-1
00116,1,1429,306,303,222,0.9483899,-1,-1,-1
00116,1,1507,212,249,175,0.94391906,-1,-1,-1
00116,1,886,161,212,130,0.9316656,-1,-1,-1
00117,1,341,500,795,581,0.9990532,-1,-1,-1
00117,1,1276,156,181,125,0.9538478,-1,-1,-1
00117,1,1430,306,302,222,0.9440493,-1,-1,-1
00117,1,912,160,197,135,0.9383823,-1,-1,-1
00117,1,1510,217,251,170,0.91276896,-1,-1,-1
00118,1,303,491,864,590,0.9989312,-1,-1,-1
00118,1,1253,154,183,124,0.9714674,-1,-1,-1
00118,1,1430,305,302,223,0.94474626,-1,-1,-1
00118,1,906,160,241,137,0.9043863,-1,-1,-1
00118,1,1503,213,266,171,0.84438086,-1,-1,-1
00119,1,341,501,795,580,0.9990017,-1,-1,-1
00119,1,1225,154,186,128,0.9857901,-1,-1,-1
00119,1,923,158,230,141,0.96538126,-1,-1,-1
00119,1,1430,305,301,223,0.9424963,-1,-1,-1
00119,1,1504,215,267,172,0.86926043,-1,-1,-1
00120,1,329,501,842,580,0.99906987,-1,-1,-1
00120,1,1200,153,187,122,0.99104744,-1,-1,-1
00120,1,944,158,240,147,0.98202145,-1,-1,-1
00120,1,1428,302,304,223,0.968759,-1,-1,-1
00120,1,1536,214,215,167,0.7839372,-1,-1,-1
00121,1,326,500,842,581,0.9990165,-1,-1,-1
00121,1,978,155,232,147,0.9904749,-1,-1,-1
00121,1,1166,153,196,123,0.9670602,-1,-1,-1
00121,1,1430,307,301,221,0.9466829,-1,-1,-1
00121,1,1537,215,213,165,0.7802757,-1,-1,-1
00122,1,345,501,810,580,0.9993063,-1,-1,-1
00122,1,1000,153,229,150,0.9936726,-1,-1,-1
00122,1,1429,306,302,222,0.9462014,-1,-1,-1
00122,1,1167,152,165,119,0.8918975,-1,-1,-1
00122,1,1536,215,215,165,0.76483166,-1,-1,-1
00123,1,342,501,812,580,0.99930596,-1,-1,-1
00123,1,1014,154,246,150,0.99156356,-1,-1,-1
00123,1,1429,306,302,222,0.94713545,-1,-1,-1
00123,1,1537,215,214,165,0.7650906,-1,-1,-1
00124,1,326,515,818,566,0.9989446,-1,-1,-1
00124,1,1033,156,236,150,0.97798014,-1,-1,-1
00124,1,1429,307,302,221,0.95069945,-1,-1,-1
00124,1,1538,216,212,164,0.7819513,-1,-1,-1
00125,1,326,516,819,565,0.99897015,-1,-1,-1
00125,1,1048,149,227,165,0.9867207,-1,-1,-1
00125,1,1429,307,302,221,0.95154655,-1,-1,-1
00125,1,1538,216,213,164,0.7951269,-1,-1,-1
00126,1,344,500,818,581,0.9993729,-1,-1,-1
00126,1,1429,307,302,221,0.95230865,-1,-1,-1
00126,1,1044,150,219,159,0.9446504,-1,-1,-1
00126,1,1538,216,213,164,0.78959787,-1,-1,-1
00127,1,340,501,813,580,0.9992919,-1,-1,-1
00127,1,1430,307,300,221,0.9483308,-1,-1,-1
00127,1,1088,163,210,145,0.92911196,-1,-1,-1
00127,1,1537,215,214,165,0.7869081,-1,-1,-1
00128,1,336,510,817,571,0.9995166,-1,-1,-1
00128,1,1093,163,218,148,0.98790145,-1,-1,-1
00128,1,1429,307,302,221,0.9520083,-1,-1,-1
00128,1,1536,216,217,164,0.76110846,-1,-1,-1
00129,1,339,504,790,577,0.99903286,-1,-1,-1
00129,1,1114,159,211,152,0.99306124,-1,-1,-1
00129,1,1430,307,301,221,0.94977397,-1,-1,-1
00129,1,963,139,179,125,0.86005515,-1,-1,-1
00129,1,1537,215,216,165,0.8241964,-1,-1,-1
00130,1,319,517,821,564,0.9989004,-1,-1,-1
00130,1,1134,164,203,146,0.9938496,-1,-1,-1
00130,1,1430,307,301,221,0.94934607,-1,-1,-1
00130,1,1538,215,215,165,0.8283071,-1,-1,-1
00130,1,931,135,186,122,0.786668,-1,-1,-1
00131,1,322,498,843,583,0.99899274,-1,-1,-1
00131,1,1152,165,195,150,0.9835091,-1,-1,-1
00131,1,1429,307,302,221,0.95335025,-1,-1,-1
00131,1,1537,215,215,163,0.8876106,-1,-1,-1
00131,1,908,138,184,124,0.8810016,-1,-1,-1
00132,1,328,507,824,574,0.99953604,-1,-1,-1
00132,1,1155,166,197,150,0.98839265,-1,-1,-1
00132,1,1429,307,302,222,0.95131606,-1,-1,-1
00132,1,1533,216,214,164,0.9467713,-1,-1,-1
00132,1,899,137,166,121,0.86557853,-1,-1,-1
00133,1,319,517,824,564,0.99896824,-1,-1,-1
00133,1,1169,168,193,153,0.98089784,-1,-1,-1
00133,1,1429,307,303,221,0.9449859,-1,-1,-1
00133,1,1534,218,211,164,0.91539705,-1,-1,-1
00133,1,873,136,164,132,0.7417578,-1,-1,-1
00134,1,291,492,876,589,0.9993961,-1,-1,-1
00134,1,1173,167,190,151,0.9862403,-1,-1,-1
00134,1,834,131,173,130,0.95699894,-1,-1,-1
00134,1,1536,217,210,163,0.9490589,-1,-1,-1
00134,1,1429,307,303,221,0.94570845,-1,-1,-1
00135,1,318,518,828,563,0.9990395,-1,-1,-1
00135,1,1185,167,184,152,0.97805893,-1,-1,-1
00135,1,1423,303,313,227,0.9745715,-1,-1,-1
00135,1,1516,228,226,164,0.7630559,-1,-1,-1
00135,1,1542,94,260,147,0.7225616,-1,-1,-1
00136,1,291,491,875,590,0.9994729,-1,-1,-1
00136,1,1423,303,313,226,0.9769305,-1,-1,-1
00136,1,1185,165,187,155,0.9655198,-1,-1,-1
00136,1,1538,212,207,167,0.9421764,-1,-1,-1
00137,1,316,518,830,563,0.99905556,-1,-1,-1
00137,1,1423,303,313,226,0.9754719,-1,-1,-1
00137,1,1183,167,196,154,0.93825513,-1,-1,-1
00137,1,1536,211,211,169,0.9352505,-1,-1,-1
00137,1,792,135,152,119,0.7150404,-1,-1,-1
00138,1,294,490,873,591,0.9994642,-1,-1,-1
00138,1,1422,302,315,227,0.97340494,-1,-1,-1
00138,1,1191,170,186,153,0.9577332,-1,-1,-1
00138,1,1530,210,220,173,0.77517474,-1,-1,-1
00139,1,316,517,831,564,0.99908566,-1,-1,-1
00139,1,1422,303,315,226,0.9731045,-1,-1,-1
00139,1,1190,172,184,153,0.9611983,-1,-1,-1
00139,1,1539,214,214,169,0.71982145,-1,-1,-1
00140,1,299,506,848,575,0.99920374,-1,-1,-1
00140,1,1191,173,187,156,0.95947033,-1,-1,-1
00140,1,1429,306,303,221,0.9441579,-1,-1,-1
00140,1,1535,215,218,164,0.78139037,-1,-1,-1
00141,1,314,516,833,565,0.99905795,-1,-1,-1
00141,1,1188,173,185,157,0.9470514,-1,-1,-1
00141,1,1429,306,303,221,0.9443218,-1,-1,-1
00141,1,1520,221,227,155,0.7976133,-1,-1,-1
00142,1,314,517,832,564,0.99911493,-1,-1,-1
00142,1,1184,175,191,160,0.9534208,-1,-1,-1
00142,1,1429,306,303,221,0.93857354,-1,-1,-1
00142,1,1521,222,225,155,0.79955745,-1,-1,-1
00143,1,316,517,832,564,0.9990062,-1,-1,-1
00143,1,1429,306,303,222,0.944085,-1,-1,-1
00143,1,1167,175,204,160,0.923129,-1,-1,-1
00143,1,1537,215,215,166,0.80340594,-1,-1,-1
00144,1,299,506,850,575,0.99922466,-1,-1,-1
00144,1,1165,176,199,162,0.9605984,-1,-1,-1
00144,1,1429,306,303,222,0.93560475,-1,-1,-1
00144,1,1537,216,215,164,0.7607014,-1,-1,-1
00145,1,346,486,814,595,0.9991003,-1,-1,-1
00145,1,1163,180,193,158,0.93777204,-1,-1,-1
00145,1,1429,306,303,221,0.93637854,-1,-1,-1
00145,1,1536,216,216,164,0.79978645,-1,-1,-1
00146,1,346,494,818,587,0.99936074,-1,-1,-1
00146,1,1429,306,303,221,0.936477,-1,-1,-1
00146,1,1148,176,203,167,0.907627,-1,-1,-1
00146,1,1535,216,217,164,0.7969311,-1,-1,-1
00147,1,300,487,864,594,0.99948835,-1,-1,-1
00147,1,1144,182,209,162,0.97174555,-1,-1,-1
00147,1,1428,307,305,221,0.9416718,-1,-1,-1
00147,1,1534,216,219,164,0.79852295,-1,-1,-1
00148,1,347,484,811,597,0.99901557,-1,-1,-1
00148,1,1127,176,211,171,0.9753921,-1,-1,-1
00148,1,1428,307,305,221,0.944434,-1,-1,-1
00148,1,1536,216,216,164,0.8108389,-1,-1,-1
00149,1,349,489,811,592,0.9991685,-1,-1,-1
00149,1,1130,178,201,175,0.9938128,-1,-1,-1
00149,1,1044,110,212,128,0.95362055,-1,-1,-1
00149,1,1428,307,305,221,0.94262666,-1,-1,-1
00149,1,1536,216,216,164,0.8110315,-1,-1,-1
00150,1,319,514,830,567,0.9990964,-1,-1,-1
00150,1,1117,178,211,179,0.99498796,-1,-1,-1
00150,1,1428,307,305,221,0.9437824,-1,-1,-1
00150,1,1004,117,215,123,0.8485991,-1,-1,-1
00150,1,1537,216,215,164,0.81049037,-1,-1,-1
00151,1,320,514,829,567,0.99912065,-1,-1,-1
00151,1,1108,182,207,177,0.99659973,-1,-1,-1
00151,1,976,110,224,131,0.9637096,-1,-1,-1
00151,1,1428,307,305,221,0.94332784,-1,-1,-1
00151,1,1532,219,218,162,0.8063626,-1,-1,-1
00152,1,295,491,870,590,0.999527,-1,-1,-1
00152,1,1093,184,220,179,0.99794286,-1,-1,-1
00152,1,936,111,230,129,0.9476962,-1,-1,-1
00152,1,1428,307,304,220,0.9409036,-1,-1,-1
00152,1,1532,216,219,164,0.73958427,-1,-1,-1
00153,1,348,500,812,581,0.9994491,-1,-1,-1
00153,1,1078,185,224,176,0.9975829,-1,-1,-1
00153,1,1423,303,313,227,0.97364646,-1,-1,-1
00153,1,916,111,228,136,0.959914,-1,-1,-1
00153,1,1532,217,219,163,0.74300224,-1,-1,-1
00154,1,349,500,812,581,0.999413,-1,-1,-1
00154,1,1064,184,223,179,0.9978319,-1,-1,-1
00154,1,1429,307,302,220,0.9451966,-1,-1,-1
00154,1,899,107,233,135,0.79682606,-1,-1,-1
00154,1,1533,217,218,164,0.74771184,-1,-1,-1
00155,1,322,519,822,562,0.9990101,-1,-1,-1
00155,1,1052,186,223,179,0.99721825,-1,-1,-1
00155,1,1424,304,311,225,0.9719267,-1,-1,-1
00155,1,891,110,196,132,0.83943117,-1,-1,-1
00155,1,1533,217,218,163,0.7597294,-1,-1,-1
00156,1,336,504,821,577,0.99959797,-1,-1,-1
00156,1,1034,190,237,180,0.9982248,-1,-1,-1
00156,1,1429,307,303,220,0.9445715,-1,-1,-1
00156,1,838,111,220,131,0.7545136,-1,-1,-1
00156,1,1531,217,220,163,0.7523908,-1,-1,-1
00157,1,289,490,882,591,0.9994313,-1,-1,-1
00157,1,1026,189,229,182,0.9971132,-1,-1,-1
00157,1,805,112,211,127,0.98255354,-1,-1,-1
00157,1,1424,303,312,227,0.96981806,-1,-1,-1
00158,1,292,492,878,589,0.9994356,-1,-1,-1
00158,1,1007,191,245,181,0.9976509,-1,-1,-1
00158,1,1424,303,312,227,0.97056985,-1,-1,-1
00158,1,789,106,205,131,0.957384,-1,-1,-1
00159,1,333,503,824,578,0.99956495,-1,-1,-1
00159,1,995,191,242,190,0.9959507,-1,-1,-1
00159,1,785,108,198,135,0.98389035,-1,-1,-1
00159,1,1425,303,311,227,0.97020197,-1,-1,-1
00160,1,320,519,822,562,0.9987424,-1,-1,-1
00160,1,981,193,244,190,0.99625224,-1,-1,-1
00160,1,1424,303,312,227,0.9703178,-1,-1,-1
00160,1,904,190,147,77,0.7404172,-1,-1,-1
00160,1,1529,216,221,163,0.7128383,-1,-1,-1
00161,1,330,500,828,581,0.99955064,-1,-1,-1
00161,1,965,194,246,191,0.9968928,-1,-1,-1
00161,1,1425,304,311,226,0.9706711,-1,-1,-1
00161,1,1524,219,227,162,0.7523888,-1,-1,-1
00162,1,331,501,828,580,0.9995436,-1,-1,-1
00162,1,949,194,248,194,0.99664104,-1,-1,-1
00162,1,1425,304,311,225,0.9693832,-1,-1,-1
00162,1,1528,215,223,163,0.71978104,-1,-1,-1
00163,1,322,487,835,594,0.9992385,-1,-1,-1
00163,1,933,199,261,198,0.995806,-1,-1,-1
00163,1,1424,303,312,227,0.9695831,-1,-1,-1
00163,1,1527,215,224,163,0.72861266,-1,-1,-1
00164,1,333,502,824,579,0.9995345,-1,-1,-1
00164,1,920,200,265,197,0.9957124,-1,-1,-1
00164,1,1424,303,312,227,0.96761775,-1,-1,-1
00165,1,294,490,875,591,0.9994629,-1,-1,-1
00165,1,906,204,267,199,0.993508,-1,-1,-1
00165,1,1424,304,312,226,0.96890366,-1,-1,-1
00166,1,317,525,829,556,0.9989911,-1,-1,-1
00166,1,891,201,268,208,0.994464,-1,-1,-1
00166,1,1423,303,313,227,0.9677389,-1,-1,-1
00167,1,317,521,830,560,0.99906844,-1,-1,-1
00167,1,872,197,282,213,0.9964083,-1,-1,-1
00167,1,1423,303,313,227,0.9691478,-1,-1,-1
00168,1,352,500,814,581,0.9993861,-1,-1,-1
00168,1,866,202,267,210,0.9948185,-1,-1,-1
00168,1,1423,303,313,227,0.9673024,-1,-1,-1
00169,1,314,526,830,555,0.999076,-1,-1,-1
00169,1,852,197,272,223,0.9965668,-1,-1,-1
00169,1,1427,307,304,221,0.9491918,-1,-1,-1
00170,1,352,510,797,571,0.99934596,-1,-1,-1
00170,1,849,201,268,224,0.9937499,-1,-1,-1
00170,1,1427,307,304,221,0.9521651,-1,-1,-1
00171,1,316,525,833,556,0.999186,-1,-1,-1
00171,1,829,206,263,219,0.9953648,-1,-1,-1
00171,1,1427,307,304,221,0.94960153,-1,-1,-1
00171,1,1527,219,224,161,0.75524163,-1,-1,-1
00172,1,313,528,841,553,0.9992854,-1,-1,-1
00172,1,820,203,282,236,0.9975284,-1,-1,-1
00172,1,1428,308,303,220,0.9426786,-1,-1,-1
00172,1,1533,215,213,166,0.88427466,-1,-1,-1
00173,1,317,529,836,552,0.9993562,-1,-1,-1
00173,1,813,212,265,223,0.9948914,-1,-1,-1
00173,1,1428,307,303,220,0.9430537,-1,-1,-1
00173,1,1538,218,210,164,0.7719909,-1,-1,-1
00174,1,343,502,819,579,0.9996468,-1,-1,-1
00174,1,805,212,276,230,0.99158645,-1,-1,-1
00174,1,1428,307,303,220,0.9390203,-1,-1,-1
00174,1,1536,215,212,165,0.8342936,-1,-1,-1
00175,1,352,509,806,572,0.99961853,-1,-1,-1
00175,1,795,216,288,225,0.9904643,-1,-1,-1
00175,1,1423,304,313,226,0.9716039,-1,-1,-1
00175,1,1528,212,216,171,0.8863161,-1,-1,-1
00176,1,315,527,839,554,0.99929774,-1,-1,-1
00176,1,792,216,278,238,0.99293655,-1,-1,-1
00176,1,1422,303,315,228,0.9712649,-1,-1,-1
00176,1,1531,216,218,165,0.82198215,-1,-1,-1
00177,1,318,529,839,552,0.9993525,-1,-1,-1
00177,1,791,222,276,236,0.98948437,-1,-1,-1
00177,1,1422,304,315,227,0.97008675,-1,-1,-1
00178,1,348,506,808,575,0.99943405,-1,-1,-1
00178,1,774,230,281,232,0.9928281,-1,-1,-1
00178,1,1422,304,314,227,0.9703546,-1,-1,-1
00178,1,1526,217,223,165,0.8521217,-1,-1,-1
00179,1,349,510,810,571,0.9994229,-1,-1,-1
00179,1,770,223,281,254,0.9881557,-1,-1,-1
00179,1,1424,304,313,227,0.97470224,-1,-1,-1
00179,1,1503,222,257,166,0.80180496,-1,-1,-1
00180,1,317,534,842,547,0.99935585,-1,-1,-1
00180,1,761,228,278,256,0.9908183,-1,-1,-1
00180,1,1425,303,312,229,0.97525984,-1,-1,-1
00180,1,1532,216,217,164,0.8176081,-1,-1,-1
00181,1,343,514,819,567,0.9996457,-1,-1,-1
00181,1,751,234,292,256,0.99083614,-1,-1,-1
00181,1,1425,304,311,227,0.9745355,-1,-1,-1
00181,1,1506,227,234,162,0.73897475,-1,-1,-1
00181,1,1218,124,215,109,0.71872973,-1,-1,-1
00182,1,299,512,859,569,0.99963737,-1,-1,-1
00182,1,752,236,285,261,0.9873584,-1,-1,-1
00182,1,1425,304,312,227,0.9779102,-1,-1,-1
00182,1,1525,217,225,165,0.86317676,-1,-1,-1
00182,1,1175,124,212,108,0.71759707,-1,-1,-1
00183,1,287,504,875,577,0.9991314,-1,-1,-1
00183,1,1678,411,243,395,0.9957327,-1,-1,-1
00183,1,748,236,300,270,0.98686904,-1,-1,-1
00183,1,1426,306,311,224,0.97524375,-1,-1,-1
00183,1,1525,218,226,164,0.8526942,-1,-1,-1
00183,1,1136,124,204,112,0.79884773,-1,-1,-1
00184,1,291,505,872,576,0.9989918,-1,-1,-1
00184,1,1632,402,289,392,0.99217236,-1,-1,-1
00184,1,746,244,296,265,0.9863599,-1,-1,-1
00184,1,1425,305,309,225,0.9529884,-1,-1,-1
00184,1,1530,216,220,164,0.8368637,-1,-1,-1
00184,1,1102,126,203,107,0.7484366,-1,-1,-1
00185,1,346,509,816,572,0.99939847,-1,-1,-1
00185,1,1608,390,313,388,0.99686724,-1,-1,-1
00185,1,746,249,294,270,0.99203485,-1,-1,-1
00185,1,1430,307,297,223,0.86595523,-1,-1,-1
00185,1,1529,216,221,164,0.84977996,-1,-1,-1
00185,1,1058,129,207,107,0.8136305,-1,-1,-1
00186,1,292,501,870,580,0.99894696,-1,-1,-1
00186,1,1575,387,346,368,0.99597675,-1,-1,-1
00186,1,747,255,294,272,0.991667,-1,-1,-1
00186,1,1018,131,204,104,0.8816977,-1,-1,-1
00186,1,1526,218,224,164,0.8732445,-1,-1,-1
00186,1,1427,302,297,230,0.861729,-1,-1,-1
00187,1,299,499,862,582,0.99869746,-1,-1,-1
00187,1,745,261,304,269,0.99385864,-1,-1,-1
00187,1,1542,385,379,350,0.9928203,-1,-1,-1
00187,1,1527,218,222,164,0.8642611,-1,-1,-1
00187,1,982,129,205,107,0.8140612,-1,-1,-1
00187,1,1432,305,298,225,0.72893834,-1,-1,-1
00188,1,347,498,805,583,0.9990934,-1,-1,-1
00188,1,744,264,319,277,0.9924252,-1,-1,-1
00188,1,1504,368,417,354,0.9915978,-1,-1,-1
00188,1,936,130,203,113,0.8761167,-1,-1,-1
00188,1,1511,224,237,153,0.71320796,-1,-1,-1
00189,1,348,507,802,574,0.99894446,-1,-1,-1
00189,1,743,265,326,284,0.9945569,-1,-1,-1
00189,1,1492,369,421,336,0.99127966,-1,-1,-1
00189,1,921,132,190,109,0.8118529,-1,-1,-1
00190,1,346,507,806,574,0.9989423,-1,-1,-1
00190,1,747,269,324,291,0.98953855,-1,-1,-1
00190,1,1458,364,422,324,0.97097045,-1,-1,-1
00191,1,347,506,803,575,0.9989214,-1,-1,-1
00191,1,747,271,333,291,0.99360484,-1,-1,-1
00191,1,1418,352,406,322,0.92966664,-1,-1,-1
00191,1,1528,216,224,166,0.7237166,-1,-1,-1
00192,1,350,501,801,580,0.99894494,-1,-1,-1
00192,1,751,275,340,299,0.988157,-1,-1,-1
00192,1,1391,332,404,330,0.9877072,-1,-1,-1
00192,1,1514,216,234,167,0.91298366,-1,-1,-1
00192,1,816,136,181,111,0.71769226,-1,-1,-1
00193,1,351,498,817,583,0.9993932,-1,-1,-1
00193,1,750,276,355,309,0.98163337,-1,-1,-1
00193,1,1363,329,386,317,0.9722444,-1,-1,-1
00193,1,1519,217,226,169,0.9068292,-1,-1,-1
00194,1,348,505,821,576,0.9993067,-1,-1,-1
00194,1,759,286,353,304,0.9836283,-1,-1,-1
00194,1,1330,319,391,319,0.96457803,-1,-1,-1
00194,1,1528,215,220,168,0.74609065,-1,-1,-1
00195,1,354,501,796,580,0.9986106,-1,-1,-1
00195,1,760,289,366,312,0.98549116,-1,-1,-1
00195,1,1313,323,381,303,0.9175286,-1,-1,-1
00196,1,356,506,794,575,0.9987066,-1,-1,-1
00196,1,770,292,372,317,0.98278505,-1,-1,-1
00196,1,1292,335,363,281,0.9559225,-1,-1,-1
00196,1,1532,217,218,162,0.74818784,-1,-1,-1
00197,1,354,503,799,578,0.99863094,-1,-1,-1
00197,1,1264,318,366,283,0.98540455,-1,-1,-1
00197,1,790,304,372,322,0.96966076,-1,-1,-1
00197,1,1525,218,224,160,0.8714802,-1,-1,-1
00198,1,355,497,817,584,0.9988933,-1,-1,-1
00198,1,1247,314,355,283,0.9853351,-1,-1,-1
00198,1,802,309,367,326,0.96905464,-1,-1,-1
00198,1,1530,219,220,164,0.7634415,-1,-1,-1
00199,1,309,505,863,576,0.99916685,-1,-1,-1
00199,1,1222,310,343,274,0.9883967,-1,-1,-1
00199,1,815,308,368,340,0.97415644,-1,-1,-1
00199,1,1508,217,248,167,0.87152666,-1,-1,-1
00200,1,308,503,862,578,0.99922097,-1,-1,-1
00200,1,1185,299,365,275,0.976174,-1,-1,-1
00200,1,825,331,377,326,0.956251,-1,-1,-1
00200,1,1524,219,226,161,0.8640423,-1,-1,-1
00201,1,325,514,835,567,0.9992661,-1,-1,-1
00201,1,829,323,400,348,0.96929854,-1,-1,-1
00201,1,1176,294,346,271,0.93449944,-1,-1,-1
00201,1,1456,312,273,215,0.85002357,-1,-1,-1
00202,1,311,510,845,571,0.9993674,-1,-1,-1
00202,1,856,339,410,338,0.97545505,-1,-1,-1
00202,1,1442,312,289,215,0.9328542,-1,-1,-1
00202,1,1519,218,234,162,0.8705294,-1,-1,-1
00203,1,318,516,845,565,0.9992712,-1,-1,-1
00203,1,875,335,422,363,0.97953266,-1,-1,-1
00203,1,1433,308,298,216,0.9538379,-1,-1,-1
00203,1,1535,216,215,165,0.80797553,-1,-1,-1
00204,1,322,523,836,558,0.9992675,-1,-1,-1
00204,1,1425,304,310,226,0.97659576,-1,-1,-1
00204,1,874,333,470,388,0.86695856,-1,-1,-1
00204,1,1534,216,216,165,0.79938865,-1,-1,-1
00205,1,310,528,853,553,0.9994436,-1,-1,-1
00205,1,1432,308,302,218,0.96330893,-1,-1,-1
00205,1,892,363,474,376,0.92980605,-1,-1,-1
00205,1,1534,216,216,164,0.7968264,-1,-1,-1
00206,1,306,496,853,585,0.9994104,-1,-1,-1
00206,1,1433,307,301,220,0.94302624,-1,-1,-1
00206,1,919,347,470,406,0.9065815,-1,-1,-1
00206,1,1533,216,217,164,0.8038908,-1,-1,-1
00207,1,317,527,830,554,0.99905616,-1,-1,-1
00207,1,948,357,498,424,0.9840657,-1,-1,-1
00207,1,1431,309,302,218,0.94140875,-1,-1,-1
00207,1,1533,216,217,165,0.7986067,-1,-1,-1
00208,1,321,526,835,555,0.99918026,-1,-1,-1
00208,1,964,341,519,463,0.9920012,-1,-1,-1
00208,1,1117,284,227,129,0.8940077,-1,-1,-1
00208,1,1432,309,301,217,0.7962049,-1,-1,-1
00208,1,1533,216,217,165,0.78868645,-1,-1,-1
00209,1,321,527,832,554,0.9992447,-1,-1,-1
00209,1,974,345,574,486,0.98618615,-1,-1,-1
00209,1,1106,280,230,150,0.8422443,-1,-1,-1
00209,1,1534,217,216,164,0.81104577,-1,-1,-1
00209,1,1439,306,288,222,0.70505244,-1,-1,-1
00210,1,317,523,829,558,0.9988098,-1,-1,-1
00210,1,996,350,616,503,0.9894049,-1,-1,-1
00210,1,1097,279,231,175,0.8998759,-1,-1,-1
00210,1,1534,216,217,165,0.8210358,-1,-1,-1
00211,1,327,520,816,561,0.99883634,-1,-1,-1
00211,1,1037,327,643,555,0.9926472,-1,-1,-1
00211,1,1534,216,217,164,0.82602805,-1,-1,-1
00211,1,1066,266,256,233,0.7809069,-1,-1,-1
00212,1,266,477,812,604,0.9990024,-1,-1,-1
00212,1,1033,353,687,594,0.99763954,-1,-1,-1
00212,1,1065,253,258,240,0.9562326,-1,-1,-1
00212,1,1534,216,217,165,0.7970162,-1,-1,-1
00213,1,1077,383,717,610,0.9993235,-1,-1,-1
00213,1,302,506,821,575,0.999137,-1,-1,-1
00213,1,1062,249,254,230,0.9904331,-1,-1,-1
00213,1,881,167,210,124,0.80200744,-1,-1,-1
00213,1,1533,216,218,164,0.79772216,-1,-1,-1
00214,1,325,526,815,555,0.9990393,-1,-1,-1
00214,1,1121,390,741,630,0.99846363,-1,-1,-1
00214,1,1068,252,249,225,0.9947195,-1,-1,-1
00214,1,1534,217,218,163,0.8025378,-1,-1,-1
00215,1,1141,377,780,653,0.9994764,-1,-1,-1
00215,1,309,508,820,573,0.99927884,-1,-1,-1
00215,1,1070,256,237,210,0.9970342,-1,-1,-1
00215,1,911,172,210,128,0.8763344,-1,-1,-1
00215,1,1497,223,261,168,0.8292721,-1,-1,-1
00215,1,1459,301,280,192,0.8198861,-1,-1,-1
00216,1,1193,387,728,686,0.9995086,-1,-1,-1
00216,1,305,502,854,579,0.99933344,-1,-1,-1
00216,1,1071,254,237,204,0.99773693,-1,-1,-1
00216,1,937,168,204,137,0.94983155,-1,-1,-1
00216,1,1531,217,222,162,0.819832,-1,-1,-1
00216,1,1445,305,291,185,0.7658005,-1,-1,-1
00217,1,1255,406,666,675,0.99955505,-1,-1,-1
00217,1,312,531,842,550,0.99929523,-1,-1,-1
00217,1,1077,255,235,199,0.9985102,-1,-1,-1
00217,1,964,165,196,139,0.9674762,-1,-1,-1
00217,1,1437,301,297,208,0.9543005,-1,-1,-1
00217,1,1531,217,220,163,0.85524446,-1,-1,-1
00218,1,1293,410,628,671,0.9997538,-1,-1,-1
00218,1,298,499,865,582,0.99925584,-1,-1,-1
00218,1,1080,252,236,193,0.9979108,-1,-1,-1
00218,1,1427,302,305,223,0.976825,-1,-1,-1
00218,1,987,172,191,133,0.9307947,-1,-1,-1
00218,1,1532,217,218,163,0.8741752,-1,-1,-1
00219,1,1374,445,547,636,0.9994135,-1,-1,-1
00219,1,310,529,839,552,0.99920803,-1,-1,-1
00219,1,1087,246,231,196,0.9962787,-1,-1,-1
00219,1,1428,303,308,228,0.98594356,-1,-1,-1
00219,1,1001,170,187,133,0.96130985,-1,-1,-1
00219,1,1531,218,220,162,0.87402266,-1,-1,-1
00220,1,312,526,833,555,0.9992143,-1,-1,-1
00220,1,1399,498,522,583,0.9989196,-1,-1,-1
00220,1,1096,243,234,196,0.99740463,-1,-1,-1
00220,1,1434,305,300,224,0.9635964,-1,-1,-1
00220,1,1015,171,190,139,0.85502315,-1,-1,-1
00220,1,1531,217,220,163,0.8505977,-1,-1,-1
00221,1,313,526,831,555,0.9991691,-1,-1,-1
00221,1,1451,517,470,564,0.99813473,-1,-1,-1
00221,1,1104,241,233,196,0.9973627,-1,-1,-1
00221,1,1426,303,309,227,0.9841726,-1,-1,-1
00221,1,1040,172,196,137,0.9391175,-1,-1,-1
00221,1,1530,217,222,163,0.8335454,-1,-1,-1
00222,1,298,515,840,566,0.99918216,-1,-1,-1
00222,1,1506,556,415,520,0.9974796,-1,-1,-1
00222,1,1112,239,231,190,0.99591845,-1,-1,-1
00222,1,1427,303,310,228,0.9822943,-1,-1,-1
00222,1,1061,175,182,127,0.95470184,-1,-1,-1
00222,1,1527,218,225,164,0.8294369,-1,-1,-1
00223,1,320,531,821,550,0.99907243,-1,-1,-1
00223,1,1119,232,237,193,0.9982863,-1,-1,-1
00223,1,1429,303,309,227,0.9861108,-1,-1,-1
00223,1,1070,169,201,140,0.95397353,-1,-1,-1
00223,1,1566,593,355,488,0.94577646,-1,-1,-1
00223,1,1528,219,225,163,0.80709577,-1,-1,-1
00224,1,332,497,820,584,0.99917597,-1,-1,-1
00224,1,1131,238,232,181,0.9934443,-1,-1,-1
00224,1,1428,308,305,220,0.96184576,-1,-1,-1
00224,1,1081,172,202,144,0.9015121,-1,-1,-1
00224,1,1526,218,227,164,0.81253177,-1,-1,-1
00225,1,336,506,825,575,0.9994179,-1,-1,-1
00225,1,1144,227,237,190,0.9908999,-1,-1,-1
00225,1,1429,308,304,220,0.96284425,-1,-1,-1
00225,1,1528,219,223,162,0.8344057,-1,-1,-1
00226,1,294,502,869,579,0.99895835,-1,-1,-1
00226,1,1154,231,234,176,0.98042965,-1,-1,-1
00226,1,1429,306,304,222,0.9651307,-1,-1,-1
00226,1,1527,219,226,162,0.84185416,-1,-1,-1
00227,1,317,525,830,556,0.9989722,-1,-1,-1
00227,1,1168,220,246,185,0.99137866,-1,-1,-1
00227,1,1429,306,303,222,0.9660438,-1,-1,-1
00227,1,1525,218,228,163,0.8557311,-1,-1,-1
00228,1,303,511,836,570,0.9992835,-1,-1,-1
00228,1,1192,226,238,177,0.9961526,-1,-1,-1
00228,1,1428,307,304,222,0.9726835,-1,-1,-1
00228,1,1534,217,218,163,0.84277534,-1,-1,-1
00229,1,355,511,800,570,0.9991239,-1,-1,-1
00229,1,1213,225,225,171,0.99412054,-1,-1,-1
00229,1,1427,308,304,221,0.976399,-1,-1,-1
00229,1,1527,216,227,164,0.83033967,-1,-1,-1
00230,1,295,500,868,581,0.9989998,-1,-1,-1
00230,1,1229,221,231,174,0.9918057,-1,-1,-1
00230,1,1427,308,305,221,0.9714972,-1,-1,-1
00230,1,1473,218,295,170,0.92590135,-1,-1,-1
00231,1,318,523,827,558,0.99862146,-1,-1,-1
00231,1,1247,217,236,173,0.9935429,-1,-1,-1
00231,1,1427,309,305,219,0.9689802,-1,-1,-1
00231,1,1505,216,246,166,0.94044733,-1,-1,-1
00231,1,1182,185,165,133,0.862858,-1,-1,-1
00232,1,317,523,820,558,0.99874747,-1,-1,-1
00232,1,1268,220,222,167,0.9866729,-1,-1,-1
00232,1,1428,312,304,216,0.9736727,-1,-1,-1
00232,1,1182,184,175,130,0.89190185,-1,-1,-1
00232,1,1519,218,237,164,0.8123219,-1,-1,-1
00233,1,307,501,839,580,0.99900633,-1,-1,-1
00233,1,1285,214,224,171,0.98381585,-1,-1,-1
00233,1,1426,310,306,218,0.9756446,-1,-1,-1
00233,1,1193,186,167,131,0.84874475,-1,-1,-1
00233,1,1408,219,348,182,0.8004439,-1,-1,-1
00234,1,309,502,837,579,0.9991357,-1,-1,-1
00234,1,1300,209,233,175,0.9880166,-1,-1,-1
00234,1,1428,310,303,218,0.9781668,-1,-1,-1
00234,1,1197,184,169,134,0.87634283,-1,-1,-1
00234,1,1516,219,239,164,0.74681735,-1,-1,-1
00235,1,315,525,820,556,0.9988073,-1,-1,-1
00235,1,1323,209,218,171,0.9865537,-1,-1,-1
00235,1,1430,302,299,226,0.97916424,-1,-1,-1
00235,1,1481,211,283,174,0.8334503,-1,-1,-1
00235,1,1202,186,171,133,0.80150485,-1,-1,-1
00236,1,333,510,826,571,0.9994772,-1,-1,-1
00236,1,1432,309,299,219,0.9840859,-1,-1,-1
00236,1,1334,211,221,165,0.97173655,-1,-1,-1
00236,1,1207,184,177,137,0.9425844,-1,-1,-1
00236,1,1523,217,234,162,0.8440704,-1,-1,-1
00237,1,330,498,831,583,0.9993351,-1,-1,-1
00237,1,1431,309,300,219,0.982414,-1,-1,-1
00237,1,1351,206,202,167,0.9780417,-1,-1,-1
00237,1,1206,186,175,139,0.8283919,-1,-1,-1
00237,1,1450,220,302,175,0.76501644,-1,-1,-1
00238,1,319,523,820,558,0.9987293,-1,-1,-1
00238,1,1430,309,299,220,0.9827309,-1,-1,-1
00238,1,1209,187,177,143,0.94321936,-1,-1,-1
00238,1,1372,212,191,161,0.939427,-1,-1,-1
00238,1,1460,227,279,182,0.78494465,-1,-1,-1
00239,1,320,510,818,571,0.9992724,-1,-1,-1
00239,1,1431,312,299,218,0.98481154,-1,-1,-1
00239,1,1203,185,182,147,0.94919795,-1,-1,-1
00239,1,1393,211,168,161,0.8993734,-1,-1,-1
00239,1,1502,213,244,172,0.7919917,-1,-1,-1
00240,1,320,512,817,569,0.9992235,-1,-1,-1
00240,1,1432,307,297,222,0.97232664,-1,-1,-1
00240,1,1411,216,328,170,0.95914805,-1,-1,-1
00240,1,1203,191,177,142,0.9408486,-1,-1,-1
00241,1,318,523,823,558,0.9989213,-1,-1,-1
00241,1,1433,215,316,178,0.9869284,-1,-1,-1
00241,1,1434,302,293,224,0.97284365,-1,-1,-1
00241,1,1197,192,183,142,0.95870954,-1,-1,-1
00242,1,311,521,831,560,0.99915516,-1,-1,-1
00242,1,1423,301,311,230,0.98543894,-1,-1,-1
00242,1,1446,213,309,179,0.98535097,-1,-1,-1
00242,1,1187,195,184,139,0.955662,-1,-1,-1
00243,1,310,521,834,560,0.99918145,-1,-1,-1
00243,1,1185,193,186,146,0.9871193,-1,-1,-1
00243,1,1424,303,311,227,0.9868836,-1,-1,-1
00243,1,1454,214,302,178,0.9753348,-1,-1,-1
00244,1,308,521,837,560,0.99914384,-1,-1,-1
00244,1,1424,302,312,228,0.9840852,-1,-1,-1
00244,1,1175,193,190,147,0.9767858,-1,-1,-1
00244,1,1471,218,279,170,0.9569659,-1,-1,-1
00245,1,309,521,836,560,0.9991272,-1,-1,-1
00245,1,1163,191,196,151,0.98897654,-1,-1,-1
00245,1,1422,301,314,229,0.98126584,-1,-1,-1
00245,1,1462,215,283,175,0.96414167,-1,-1,-1
00246,1,310,521,836,560,0.9991492,-1,-1,-1
00246,1,1153,192,203,153,0.98557764,-1,-1,-1
00246,1,1430,305,302,223,0.9574644,-1,-1,-1
00246,1,1476,216,266,173,0.8896075,-1,-1,-1
00247,1,338,503,819,578,0.99939716,-1,-1,-1
00247,1,1137,198,211,149,0.98509246,-1,-1,-1
00247,1,1429,306,303,221,0.95437825,-1,-1,-1
00247,1,1480,215,263,173,0.76723087,-1,-1,-1
00248,1,309,521,836,560,0.99913067,-1,-1,-1
00248,1,1126,199,213,155,0.982079,-1,-1,-1
00248,1,1428,306,304,220,0.9418889,-1,-1,-1
00249,1,304,505,859,576,0.99951875,-1,-1,-1
00249,1,1110,199,217,155,0.9760695,-1,-1,-1
00249,1,1428,301,305,224,0.96484995,-1,-1,-1
00249,1,1531,216,216,164,0.7224174,-1,-1,-1
00250,1,330,492,831,589,0.9991788,-1,-1,-1
00250,1,1099,201,221,159,0.98298126,-1,-1,-1
00250,1,1422,303,313,227,0.9770657,-1,-1,-1
00251,1,312,525,829,556,0.99906105,-1,-1,-1
00251,1,1079,202,226,160,0.9861363,-1,-1,-1
00251,1,1422,304,313,225,0.9777755,-1,-1,-1
00252,1,311,526,829,555,0.99905807,-1,-1,-1
00252,1,1068,202,224,164,0.9927938,-1,-1,-1
00252,1,1422,304,313,225,0.9780709,-1,-1,-1
00253,1,304,525,839,556,0.9992198,-1,-1,-1
00253,1,1047,203,234,166,0.9930807,-1,-1,-1
00253,1,1425,302,306,224,0.9684659,-1,-1,-1
00254,1,305,523,837,558,0.9992054,-1,-1,-1
00254,1,1040,201,226,170,0.99434185,-1,-1,-1
00254,1,1429,305,302,222,0.9464165,-1,-1,-1
00255,1,303,525,838,556,0.9991972,-1,-1,-1
00255,1,1023,207,234,170,0.9908551,-1,-1,-1
00255,1,1422,303,313,226,0.97529787,-1,-1,-1
00256,1,286,497,882,584,0.9994276,-1,-1,-1
00256,1,1007,203,235,175,0.9927609,-1,-1,-1
00256,1,1422,303,313,226,0.9708901,-1,-1,-1
00257,1,328,493,833,588,0.9992895,-1,-1,-1
00257,1,988,203,238,179,0.98537385,-1,-1,-1
00257,1,1422,303,313,227,0.9733902,-1,-1,-1
00258,1,331,493,831,588,0.99931765,-1,-1,-1
00258,1,976,204,240,186,0.99498355,-1,-1,-1
00258,1,1423,304,312,225,0.974512,-1,-1,-1
00259,1,333,505,833,576,0.9994678,-1,-1,-1
00259,1,954,206,251,185,0.99065745,-1,-1,-1
00259,1,1423,303,312,227,0.9741455,-1,-1,-1
00260,1,290,512,858,569,0.9993284,-1,-1,-1
00260,1,936,208,264,187,0.99291396,-1,-1,-1
00260,1,1423,304,312,226,0.97318745,-1,-1,-1
00261,1,290,511,859,570,0.9994179,-1,-1,-1
00261,1,921,206,265,194,0.99233997,-1,-1,-1
00261,1,1423,304,312,225,0.9728113,-1,-1,-1
00262,1,333,505,835,576,0.9995976,-1,-1,-1
00262,1,906,208,263,193,0.9940189,-1,-1,-1
00262,1,1421,304,314,225,0.9709689,-1,-1,-1
00263,1,336,508,833,573,0.99963,-1,-1,-1
00263,1,894,215,259,189,0.99465734,-1,-1,-1
00263,1,1421,304,314,225,0.97251356,-1,-1,-1
00264,1,335,500,839,581,0.9995702,-1,-1,-1
00264,1,874,218,252,190,0.9938496,-1,-1,-1
00264,1,1421,304,314,225,0.97054696,-1,-1,-1
00265,1,337,506,833,575,0.9995757,-1,-1,-1
00265,1,862,220,257,189,0.9916558,-1,-1,-1
00265,1,1420,305,315,224,0.9706148,-1,-1,-1
00266,1,306,512,837,569,0.9994005,-1,-1,-1
00266,1,844,218,273,200,0.9903206,-1,-1,-1
00266,1,1420,304,315,225,0.97140783,-1,-1,-1
00267,1,297,501,871,580,0.9995976,-1,-1,-1
00267,1,832,217,276,201,0.99022233,-1,-1,-1
00267,1,1421,303,315,227,0.97271323,-1,-1,-1
00268,1,306,511,843,570,0.99941707,-1,-1,-1
00268,1,825,225,260,200,0.9837329,-1,-1,-1
00268,1,1422,304,314,225,0.9728767,-1,-1,-1
00268,1,1521,209,228,173,0.803485,-1,-1,-1
00269,1,314,534,836,547,0.99936885,-1,-1,-1
00269,1,814,225,268,206,0.97669697,-1,-1,-1
00269,1,1422,305,314,224,0.9729126,-1,-1,-1
00269,1,1516,211,233,171,0.90314895,-1,-1,-1
00270,1,316,530,833,551,0.99931073,-1,-1,-1
00270,1,797,228,274,205,0.97959536,-1,-1,-1
00270,1,1422,304,314,225,0.9711528,-1,-1,-1
00270,1,1512,214,226,177,0.8832109,-1,-1,-1
00271,1,315,536,837,545,0.9993887,-1,-1,-1
00271,1,785,235,268,201,0.9862196,-1,-1,-1
00271,1,1423,305,312,226,0.9742187,-1,-1,-1
00271,1,1509,214,244,168,0.7754704,-1,-1,-1
00272,1,347,510,817,571,0.99958926,-1,-1,-1
00272,1,772,234,271,207,0.99142915,-1,-1,-1
00272,1,1422,305,314,225,0.9744218,-1,-1,-1
00272,1,1498,216,256,167,0.97038597,-1,-1,-1
00272,1,1417,170,148,113,0.7185684,-1,-1,-1
00273,1,297,498,875,583,0.99964654,-1,-1,-1
00273,1,756,236,280,216,0.99132043,-1,-1,-1
00273,1,1421,304,316,226,0.96926546,-1,-1,-1
00273,1,1494,214,261,171,0.95668215,-1,-1,-1
00273,1,1391,161,164,118,0.8998147,-1,-1,-1
00274,1,311,535,844,546,0.9994211,-1,-1,-1
00274,1,745,242,276,216,0.99600875,-1,-1,-1
00274,1,1422,305,314,225,0.97379225,-1,-1,-1
00274,1,1533,213,217,167,0.9186285,-1,-1,-1
00274,1,1369,162,190,115,0.8595384,-1,-1,-1
00275,1,318,509,844,572,0.9997547,-1,-1,-1
00275,1,733,239,274,225,0.9969158,-1,-1,-1
00275,1,1423,304,313,226,0.97331357,-1,-1,-1
00275,1,1358,165,174,115,0.9545466,-1,-1,-1
00275,1,1534,213,216,167,0.91802526,-1,-1,-1
00276,1,313,496,870,585,0.99941707,-1,-1,-1
00276,1,724,244,270,232,0.99672276,-1,-1,-1
00276,1,1422,304,314,227,0.97428846,-1,-1,-1
00276,1,1343,160,177,120,0.96489054,-1,-1,-1
00276,1,1532,217,203,159,0.9521989,-1,-1,-1
00277,1,302,502,868,579,0.9996449,-1,-1,-1
00277,1,723,252,259,223,0.99352247,-1,-1,-1
00277,1,1422,304,314,227,0.9699472,-1,-1,-1
00277,1,1320,161,183,117,0.9452526,-1,-1,-1
00277,1,1508,216,250,171,0.93181646,-1,-1,-1
00278,1,311,524,847,557,0.99974924,-1,-1,-1
00278,1,717,256,259,224,0.99372214,-1,-1,-1
00278,1,1423,304,313,227,0.9667713,-1,-1,-1
00278,1,1303,157,178,123,0.9623399,-1,-1,-1
00278,1,1510,215,248,170,0.9167603,-1,-1,-1
00279,1,314,515,849,566,0.99971646,-1,-1,-1
00279,1,711,258,258,232,0.9882884,-1,-1,-1
00279,1,1422,303,314,227,0.9642281,-1,-1,-1
00279,1,1509,218,248,167,0.9358797,-1,-1,-1
00279,1,1281,158,188,121,0.9288527,-1,-1,-1
00280,1,314,531,843,550,0.9993641,-1,-1,-1
00280,1,705,260,260,238,0.9871585,-1,-1,-1
00280,1,1423,303,313,227,0.965892,-1,-1,-1
00280,1,1258,155,189,122,0.9303297,-1,-1,-1
00280,1,1531,214,221,167,0.8250272,-1,-1,-1
00281,1,317,526,843,555,0.99933475,-1,-1,-1
00281,1,703,269,262,235,0.98377776,-1,-1,-1
00281,1,1423,303,313,227,0.9647136,-1,-1,-1
00281,1,1239,154,184,122,0.9563416,-1,-1,-1
00281,1,1531,214,221,167,0.8125335,-1,-1,-1
