00001,1,935,202,153,139,0.9736136,-1,-1,-1
00001,1,292,531,277,228,0.86478144,-1,-1,-1
00002,1,937,200,151,138,0.9816312,-1,-1,-1
00002,1,288,537,265,230,0.85287195,-1,-1,-1
00003,1,934,198,157,135,0.9783175,-1,-1,-1
00003,1,275,539,285,236,0.8066736,-1,-1,-1
00004,1,938,192,150,139,0.9758263,-1,-1,-1
00004,1,272,546,284,239,0.9250043,-1,-1,-1
00005,1,936,189,152,140,0.97663236,-1,-1,-1
00005,1,265,551,284,244,0.9048696,-1,-1,-1
00006,1,939,185,148,139,0.9836912,-1,-1,-1
00006,1,257,556,288,243,0.9041427,-1,-1,-1
00007,1,942,184,146,136,0.98552436,-1,-1,-1
00007,1,253,571,280,234,0.84556645,-1,-1,-1
00007,1,0,860,515,214,0.70039624,-1,-1,-1
00008,1,943,182,146,134,0.9886308,-1,-1,-1
00008,1,242,565,291,247,0.8234421,-1,-1,-1
00008,1,0,848,484,233,0.7483601,-1,-1,-1
00009,1,941,180,148,134,0.98778546,-1,-1,-1
00009,1,243,580,288,240,0.8927884,-1,-1,-1
00009,1,0,845,484,236,0.75559896,-1,-1,-1
00010,1,943,180,147,132,0.98725754,-1,-1,-1
00010,1,231,584,294,240,0.899121,-1,-1,-1
00010,1,0,846,484,235,0.74609214,-1,-1,-1
00011,1,944,179,146,133,0.9909129,-1,-1,-1
00011,1,223,589,290,246,0.9229142,-1,-1,-1
00011,1,0,860,513,212,0.7366545,-1,-1,-1
00012,1,946,177,146,132,0.98546535,-1,-1,-1
00012,1,208,584,317,254,0.9239196,-1,-1,-1
00012,1,0,862,512,211,0.7719758,-1,-1,-1
00013,1,948,175,147,129,0.976508,-1,-1,-1
00013,1,209,594,313,256,0.93633807,-1,-1,-1
00013,1,0,861,506,209,0.72040147,-1,-1,-1
00014,1,950,170,146,130,0.9668191,-1,-1,-1
00014,1,201,601,315,257,0.89074796,-1,-1,-1
00014,1,0,846,476,235,0.7816666,-1,-1,-1
00015,1,952,168,147,128,0.9658622,-1,-1,-1
00015,1,190,605,321,258,0.8374241,-1,-1,-1
00016,1,952,162,154,127,0.94064933,-1,-1,-1
00016,1,182,611,318,255,0.90440005,-1,-1,-1
00017,1,958,158,149,129,0.9494088,-1,-1,-1
00017,1,177,614,320,257,0.8685604,-1,-1,-1
00018,1,961,157,149,126,0.97942036,-1,-1,-1
00018,1,161,612,331,272,0.8189889,-1,-1,-1
00019,1,962,158,146,125,0.9598403,-1,-1,-1
00019,1,164,621,320,265,0.91172373,-1,-1,-1
00019,1,0,840,488,241,0.72272307,-1,-1,-1
00020,1,964,157,146,124,0.96334964,-1,-1,-1
00020,1,156,626,329,265,0.900515,-1,-1,-1
00021,1,969,154,143,125,0.95127636,-1,-1,-1
00021,1,142,631,341,265,0.8071509,-1,-1,-1
00022,1,970,152,145,125,0.93220633,-1,-1,-1
00023,1,975,149,142,126,0.8949426,-1,-1,-1
00023,1,125,629,350,288,0.7898132,-1,-1,-1
00024,1,976,148,145,124,0.9280647,-1,-1,-1
00024,1,112,634,358,288,0.7508751,-1,-1,-1
00025,1,980,145,148,125,0.9227898,-1,-1,-1
00025,1,100,640,367,285,0.75936633,-1,-1,-1
00026,1,986,142,150,127,0.93256503,-1,-1,-1
00027,1,991,141,144,127,0.93896794,-1,-1,-1
00027,1,81,648,379,279,0.71605533,-1,-1,-1
00027,1,0,846,517,232,0.7017782,-1,-1,-1
00028,1,994,139,145,127,0.96892524,-1,-1,-1
00029,1,1000,137,143,126,0.9623572,-1,-1,-1
00030,1,1007,138,141,122,0.96783507,-1,-1,-1
00031,1,1012,133,145,123,0.97119373,-1,-1,-1
00032,1,1017,131,148,125,0.96810985,-1,-1,-1
00033,1,1024,130,150,125,0.9801452,-1,-1,-1
00033,1,0,863,517,218,0.7332166,-1,-1,-1
00034,1,1030,129,148,123,0.984467,-1,-1,-1
00034,1,37,682,389,310,0.7422557,-1,-1,-1
00035,1,1033,128,155,123,0.98622364,-1,-1,-1
00036,1,1040,125,154,124,0.98039436,-1,-1,-1
00036,1,0,877,484,204,0.76431584,-1,-1,-1
00037,1,1050,122,150,126,0.9643351,-1,-1,-1
00037,1,0,877,494,204,0.7373338,-1,-1,-1
00038,1,1058,122,147,124,0.948503,-1,-1,-1
00038,1,5,700,389,285,0.80909306,-1,-1,-1
00039,1,1063,120,148,122,0.9671545,-1,-1,-1
00039,1,17,697,382,324,0.71276486,-1,-1,-1
00040,1,1071,120,150,120,0.9655924,-1,-1,-1
00041,1,1079,118,154,117,0.9674096,-1,-1,-1
00041,1,0,871,482,208,0.7478347,-1,-1,-1
00042,1,1088,116,148,121,0.93359864,-1,-1,-1
00042,1,0,885,492,196,0.7165308,-1,-1,-1
00043,1,1097,116,144,119,0.9654169,-1,-1,-1
00043,1,0,858,490,219,0.7685522,-1,-1,-1
00044,1,1105,116,142,116,0.9743887,-1,-1,-1
00044,1,0,868,485,208,0.7376792,-1,-1,-1
00045,1,1109,115,146,112,0.9867894,-1,-1,-1
00046,1,1117,116,151,108,0.97734773,-1,-1,-1
00046,1,0,855,529,220,0.7269684,-1,-1,-1
00047,1,1129,110,144,110,0.9936515,-1,-1,-1
00048,1,1141,114,143,108,0.96363825,-1,-1,-1
00049,1,1149,112,137,107,0.97156864,-1,-1,-1
00050,1,1155,107,145,109,0.96066,-1,-1,-1
00051,1,1161,109,142,105,0.98005897,-1,-1,-1
00051,1,0,737,468,344,0.8811182,-1,-1,-1
00052,1,1169,108,144,107,0.9606057,-1,-1,-1
00052,1,0,743,452,334,0.7751636,-1,-1,-1
00053,1,1178,106,145,105,0.9601518,-1,-1,-1
00053,1,0,846,495,229,0.74844414,-1,-1,-1
00054,1,1184,98,157,112,0.9754642,-1,-1,-1
00054,1,0,850,507,226,0.74581635,-1,-1,-1
00055,1,1191,102,148,105,0.97691363,-1,-1,-1
00055,1,0,846,508,230,0.76359713,-1,-1,-1
00056,1,1206,101,144,109,0.9491812,-1,-1,-1
00056,1,0,836,515,238,0.7594596,-1,-1,-1
00057,1,1215,103,136,103,0.97089225,-1,-1,-1
00057,1,1677,804,244,277,0.7947669,-1,-1,-1
00057,1,0,846,511,229,0.7506566,-1,-1,-1
00058,1,1216,94,140,115,0.95730555,-1,-1,-1
00058,1,0,839,517,238,0.71247935,-1,-1,-1
00059,1,1222,91,168,114,0.94016254,-1,-1,-1
00059,1,1647,780,274,301,0.7840329,-1,-1,-1
00059,1,0,811,540,267,0.75049555,-1,-1,-1
00060,1,1227,91,156,113,0.9414586,-1,-1,-1
00060,1,1650,766,271,311,0.8239183,-1,-1,-1
00061,1,1237,89,157,111,0.9852011,-1,-1,-1
00061,1,1626,748,295,321,0.93540144,-1,-1,-1
00061,1,0,755,509,325,0.84587216,-1,-1,-1
00062,1,1248,87,139,113,0.98116916,-1,-1,-1
00062,1,1625,745,296,312,0.9621498,-1,-1,-1
00062,1,0,735,513,346,0.85061425,-1,-1,-1
00063,1,1606,728,315,317,0.9659858,-1,-1,-1
00063,1,1248,86,149,110,0.91706055,-1,-1,-1
00063,1,0,761,533,320,0.7468627,-1,-1,-1
00064,1,1256,85,144,110,0.9648099,-1,-1,-1
00064,1,1593,707,328,326,0.92443895,-1,-1,-1
00065,1,1585,702,336,307,0.9656231,-1,-1,-1
00065,1,1267,80,132,115,0.8160509,-1,-1,-1
00066,1,1572,692,349,311,0.9781471,-1,-1,-1
00066,1,1274,80,124,112,0.9436257,-1,-1,-1
00067,1,1567,689,354,296,0.9776937,-1,-1,-1
00067,1,1280,81,128,109,0.8616252,-1,-1,-1
00067,1,0,756,520,324,0.79356444,-1,-1,-1
00068,1,1551,684,368,292,0.9893951,-1,-1,-1
00068,1,1287,78,133,109,0.8258075,-1,-1,-1
00068,1,0,825,505,242,0.74899065,-1,-1,-1
00069,1,1530,672,364,288,0.95857877,-1,-1,-1
00069,1,0,779,513,291,0.82572794,-1,-1,-1
00070,1,1521,661,357,287,0.92822534,-1,-1,-1
00070,1,0,755,518,322,0.8211321,-1,-1,-1
00071,1,1507,654,346,280,0.9392822,-1,-1,-1
00072,1,1491,647,348,275,0.968111,-1,-1,-1
00072,1,0,795,526,266,0.75933874,-1,-1,-1
00073,1,1482,633,341,278,0.96696323,-1,-1,-1
00073,1,1307,71,141,111,0.8502841,-1,-1,-1
00073,1,0,797,525,264,0.76582927,-1,-1,-1
00074,1,1464,628,343,259,0.9337796,-1,-1,-1
00074,1,0,797,525,266,0.7775551,-1,-1,-1
00074,1,1307,76,144,105,0.73298407,-1,-1,-1
00075,1,1308,72,151,116,0.89148563,-1,-1,-1
00075,1,1461,627,332,247,0.8801855,-1,-1,-1
00075,1,0,756,525,318,0.82864666,-1,-1,-1
00076,1,1450,614,322,251,0.8874403,-1,-1,-1
00076,1,0,758,528,313,0.81903285,-1,-1,-1
00077,1,1426,601,332,256,0.92928237,-1,-1,-1
00077,1,0,759,527,315,0.82476306,-1,-1,-1
00078,1,1411,595,330,254,0.9375548,-1,-1,-1
00078,1,0,755,523,319,0.8438084,-1,-1,-1
00079,1,1404,585,317,250,0.9162298,-1,-1,-1
00079,1,0,762,526,311,0.80354404,-1,-1,-1
00080,1,1396,581,312,245,0.9394167,-1,-1,-1
00080,1,0,756,518,321,0.8309037,-1,-1,-1
00081,1,0,759,524,319,0.8670542,-1,-1,-1
00081,1,1383,569,307,243,0.808814,-1,-1,-1
00082,1,1369,561,306,238,0.88205385,-1,-1,-1
00082,1,0,761,526,318,0.85856944,-1,-1,-1
00083,1,1363,555,298,241,0.9508027,-1,-1,-1
00083,1,0,761,525,318,0.8614277,-1,-1,-1
00084,1,1355,550,289,238,0.9639056,-1,-1,-1
00084,1,0,756,523,322,0.8657163,-1,-1,-1
00085,1,1351,545,282,225,0.9453296,-1,-1,-1
00085,1,0,757,515,315,0.86898357,-1,-1,-1
00086,1,0,755,514,315,0.8695181,-1,-1,-1
00086,1,1343,538,281,221,0.86779964,-1,-1,-1
00087,1,0,773,513,294,0.8698092,-1,-1,-1
00087,1,1332,530,276,222,0.8606972,-1,-1,-1
00088,1,0,768,513,301,0.8884328,-1,-1,-1
00088,1,1318,522,272,217,0.8730838,-1,-1,-1
00089,1,1311,514,267,215,0.89796716,-1,-1,-1
00089,1,0,772,511,296,0.8899466,-1,-1,-1
00090,1,1310,507,260,212,0.9713778,-1,-1,-1
00090,1,0,756,523,321,0.87773335,-1,-1,-1
00090,1,1593,814,327,267,0.7160646,-1,-1,-1
00091,1,1303,502,257,211,0.9611518,-1,-1,-1
00091,1,1597,784,324,297,0.7986046,-1,-1,-1
00091,1,0,760,512,319,0.7971837,-1,-1,-1
00092,1,1291,495,256,205,0.9610074,-1,-1,-1
00092,1,1586,775,335,306,0.885397,-1,-1,-1
00092,1,0,771,509,302,0.7735938,-1,-1,-1
00093,1,1286,487,249,199,0.9600697,-1,-1,-1
00093,1,1568,749,353,332,0.90128505,-1,-1,-1
00093,1,0,760,518,321,0.7483047,-1,-1,-1
00094,1,1580,744,338,336,0.90646124,-1,-1,-1
00094,1,1286,481,240,200,0.89158297,-1,-1,-1
00094,1,0,759,513,321,0.7899781,-1,-1,-1
00095,1,1553,736,368,345,0.9632316,-1,-1,-1
00095,1,1284,477,228,191,0.94888216,-1,-1,-1
00095,1,0,767,510,306,0.8395341,-1,-1,-1
00096,1,1271,464,232,196,0.9465185,-1,-1,-1
00096,1,1557,724,364,357,0.9318177,-1,-1,-1
00096,1,0,758,514,319,0.8201174,-1,-1,-1
00097,1,1539,710,382,371,0.9857362,-1,-1,-1
00097,1,1265,462,228,193,0.9172902,-1,-1,-1
00097,1,0,758,516,323,0.8491362,-1,-1,-1
00098,1,1526,691,395,390,0.9815844,-1,-1,-1
00098,1,1257,453,227,188,0.95963794,-1,-1,-1
00098,1,0,759,514,322,0.8335431,-1,-1,-1
00099,1,1513,689,408,392,0.9902692,-1,-1,-1
00099,1,1246,443,231,194,0.9578164,-1,-1,-1
00099,1,0,761,516,320,0.83217007,-1,-1,-1
00100,1,1513,696,408,385,0.97527325,-1,-1,-1
00100,1,1242,435,225,189,0.918899,-1,-1,-1
00100,1,0,760,519,321,0.83258486,-1,-1,-1
00101,1,1490,673,431,408,0.97872376,-1,-1,-1
00101,1,1248,433,210,181,0.9319405,-1,-1,-1
00101,1,0,751,511,327,0.86812764,-1,-1,-1
00101,1,1300,48,146,119,0.7176564,-1,-1,-1
00102,1,1482,658,439,423,0.9795248,-1,-1,-1
00102,1,1241,424,208,181,0.9616838,-1,-1,-1
00102,1,0,764,510,308,0.8761794,-1,-1,-1
00103,1,1464,640,457,441,0.9839665,-1,-1,-1
00103,1,1234,417,208,175,0.8943289,-1,-1,-1
00103,1,0,760,515,316,0.8856737,-1,-1,-1
00103,1,1286,48,144,124,0.76615745,-1,-1,-1
00104,1,1452,634,469,447,0.9884419,-1,-1,-1
00104,1,1224,410,208,174,0.94059795,-1,-1,-1
00104,1,0,765,510,310,0.89112985,-1,-1,-1
00104,1,1266,47,151,120,0.8671528,-1,-1,-1
00105,1,1459,634,446,423,0.98290676,-1,-1,-1
00105,1,1216,399,207,178,0.9704433,-1,-1,-1
00105,1,1243,46,168,121,0.91158295,-1,-1,-1
00105,1,0,765,509,307,0.8822595,-1,-1,-1
00106,1,1429,619,466,436,0.98039204,-1,-1,-1
00106,1,1201,393,213,175,0.95623565,-1,-1,-1
00106,1,0,754,509,324,0.8694685,-1,-1,-1
00106,1,1231,49,170,119,0.79429543,-1,-1,-1
00107,1,1409,618,484,428,0.9951089,-1,-1,-1
00107,1,1189,383,212,180,0.94952476,-1,-1,-1
00107,1,0,765,509,309,0.86424905,-1,-1,-1
00108,1,1401,605,466,410,0.98566693,-1,-1,-1
00108,1,1188,380,203,166,0.9441607,-1,-1,-1
00108,1,0,773,509,298,0.8687649,-1,-1,-1
00108,1,1190,36,193,124,0.82450664,-1,-1,-1
00109,1,1388,598,459,401,0.9856522,-1,-1,-1
00109,1,0,752,515,327,0.88487417,-1,-1,-1
00109,1,1172,372,210,171,0.83679307,-1,-1,-1
00109,1,1191,43,171,114,0.7198281,-1,-1,-1
00110,1,1385,587,425,392,0.9865783,-1,-1,-1
00110,1,0,752,514,327,0.87407964,-1,-1,-1
00110,1,1162,364,202,166,0.8635067,-1,-1,-1
00110,1,1190,43,170,117,0.7810651,-1,-1,-1
00111,1,1365,585,429,382,0.9900265,-1,-1,-1
00111,1,1151,354,199,171,0.9214705,-1,-1,-1
00111,1,0,757,520,319,0.8017716,-1,-1,-1
00112,1,1356,571,414,382,0.99195194,-1,-1,-1
00112,1,1136,348,203,167,0.9568443,-1,-1,-1
00112,1,0,770,506,298,0.8268469,-1,-1,-1
00113,1,1344,557,399,382,0.9854417,-1,-1,-1
00113,1,1125,340,199,161,0.94117945,-1,-1,-1
00113,1,0,774,511,293,0.81619763,-1,-1,-1
00114,1,1331,551,404,369,0.99089104,-1,-1,-1
00114,1,1111,333,198,167,0.96869546,-1,-1,-1
00114,1,0,771,502,298,0.80799395,-1,-1,-1
00115,1,1316,552,402,358,0.9947408,-1,-1,-1
00115,1,1104,328,196,159,0.9644778,-1,-1,-1
00115,1,0,768,502,301,0.8308237,-1,-1,-1
00116,1,1308,538,387,355,0.98796046,-1,-1,-1
00116,1,1092,321,194,158,0.9412446,-1,-1,-1
00116,1,0,759,503,309,0.81506413,-1,-1,-1
00117,1,1324,530,357,344,0.985349,-1,-1,-1
00117,1,1085,319,189,151,0.9274298,-1,-1,-1
00117,1,0,778,511,290,0.8153737,-1,-1,-1
00118,1,1297,520,370,342,0.9849296,-1,-1,-1
00118,1,1074,311,186,152,0.9695459,-1,-1,-1
00118,1,0,784,516,283,0.7965615,-1,-1,-1
00119,1,1067,306,183,153,0.9849378,-1,-1,-1
00119,1,1302,516,358,332,0.9824654,-1,-1,-1
00120,1,1287,506,352,337,0.9840687,-1,-1,-1
00120,1,1056,300,183,149,0.9777958,-1,-1,-1
00120,1,1578,359,288,161,0.7526307,-1,-1,-1
00120,1,0,810,529,255,0.7373059,-1,-1,-1
00121,1,1273,498,354,333,0.9815166,-1,-1,-1
00121,1,1041,294,183,147,0.95278966,-1,-1,-1
00121,1,0,784,523,289,0.8101993,-1,-1,-1
00122,1,1277,495,340,327,0.98423725,-1,-1,-1
00122,1,1037,291,177,150,0.9688005,-1,-1,-1
00123,1,1262,488,345,312,0.9787167,-1,-1,-1
00123,1,1028,284,175,147,0.96732,-1,-1,-1
00124,1,1264,485,331,309,0.97991735,-1,-1,-1
00124,1,1018,278,176,144,0.96560305,-1,-1,-1
00125,1,1006,272,177,143,0.971642,-1,-1,-1
00125,1,1256,473,319,313,0.96854424,-1,-1,-1
00126,1,1250,470,324,297,0.97408235,-1,-1,-1
00126,1,1000,271,176,140,0.89523804,-1,-1,-1
00126,1,0,810,532,260,0.8054019,-1,-1,-1
00127,1,1247,464,319,298,0.97273064,-1,-1,-1
00127,1,992,269,175,134,0.9710154,-1,-1,-1
00127,1,0,798,525,276,0.8302799,-1,-1,-1
00128,1,1240,461,325,279,0.9568403,-1,-1,-1
00128,1,989,262,170,139,0.8626407,-1,-1,-1
00128,1,0,805,533,269,0.8420341,-1,-1,-1
00129,1,982,254,167,139,0.95278686,-1,-1,-1
00129,1,1251,463,297,275,0.9440926,-1,-1,-1
00129,1,0,784,523,297,0.70853245,-1,-1,-1
00130,1,1233,442,317,281,0.9695556,-1,-1,-1
00130,1,978,254,166,134,0.9610832,-1,-1,-1
00130,1,0,788,528,293,0.7694058,-1,-1,-1
00131,1,977,250,160,134,0.9721639,-1,-1,-1
00131,1,1228,445,311,261,0.93251425,-1,-1,-1
00131,1,0,768,513,305,0.8887175,-1,-1,-1
00132,1,973,247,161,130,0.98155516,-1,-1,-1
00132,1,1222,444,312,260,0.90990907,-1,-1,-1
00132,1,0,757,508,319,0.9033908,-1,-1,-1
00133,1,973,243,158,130,0.9840618,-1,-1,-1
00133,1,0,761,521,315,0.91124994,-1,-1,-1
00133,1,1224,427,296,266,0.85928655,-1,-1,-1
00134,1,970,239,157,131,0.9875586,-1,-1,-1
00134,1,1224,418,289,263,0.940908,-1,-1,-1
00134,1,0,762,521,314,0.90490025,-1,-1,-1
00135,1,970,235,155,129,0.9859313,-1,-1,-1
00135,1,1218,412,292,260,0.93229014,-1,-1,-1
00135,1,0,768,507,310,0.89010465,-1,-1,-1
00136,1,970,230,151,128,0.9809198,-1,-1,-1
00136,1,1220,415,283,254,0.95124704,-1,-1,-1
00136,1,0,758,516,323,0.9296829,-1,-1,-1
00137,1,969,226,149,127,0.9680025,-1,-1,-1
00137,1,1215,400,280,255,0.9436479,-1,-1,-1
00137,1,0,763,516,315,0.930865,-1,-1,-1
00138,1,969,220,148,127,0.9750806,-1,-1,-1
00138,1,1209,391,276,253,0.96325517,-1,-1,-1
00138,1,0,767,517,313,0.9209707,-1,-1,-1
00139,1,968,217,147,125,0.9783985,-1,-1,-1
00139,1,0,768,518,311,0.9120154,-1,-1,-1
00139,1,1210,393,253,239,0.8748714,-1,-1,-1
00140,1,968,216,146,123,0.98004204,-1,-1,-1
00140,1,0,770,512,311,0.92206013,-1,-1,-1
00140,1,1209,384,251,235,0.8892803,-1,-1,-1
00141,1,970,213,142,122,0.9759635,-1,-1,-1
00141,1,1195,364,270,246,0.9068637,-1,-1,-1
00141,1,0,772,508,302,0.9019421,-1,-1,-1
00142,1,969,209,141,123,0.96195686,-1,-1,-1
00142,1,1188,361,268,243,0.95645833,-1,-1,-1
00142,1,0,755,489,326,0.93160105,-1,-1,-1
00143,1,968,205,141,125,0.96476483,-1,-1,-1
00143,1,0,770,507,305,0.92475855,-1,-1,-1
00143,1,1186,356,266,234,0.88835704,-1,-1,-1
00144,1,1184,348,263,238,0.963496,-1,-1,-1
00144,1,968,202,141,122,0.9535696,-1,-1,-1
00144,1,0,770,505,305,0.9112583,-1,-1,-1
00145,1,968,197,140,123,0.94155616,-1,-1,-1
00145,1,0,765,509,316,0.9065048,-1,-1,-1
00145,1,1180,343,258,234,0.8801217,-1,-1,-1
00146,1,966,193,142,121,0.932551,-1,-1,-1
00146,1,0,761,504,320,0.9058241,-1,-1,-1
00146,1,1171,339,256,226,0.8561655,-1,-1,-1
00147,1,966,191,141,120,0.9360045,-1,-1,-1
00147,1,0,777,499,301,0.9107986,-1,-1,-1
00148,1,966,188,141,121,0.95812154,-1,-1,-1
00148,1,0,765,504,316,0.9157816,-1,-1,-1
00148,1,1168,320,239,224,0.870075,-1,-1,-1
00149,1,968,187,136,116,0.95702493,-1,-1,-1
00149,1,0,777,500,301,0.9134515,-1,-1,-1
00149,1,1168,313,240,221,0.8868254,-1,-1,-1
00150,1,1179,321,221,202,0.94804347,-1,-1,-1
00150,1,966,182,138,120,0.9053444,-1,-1,-1
00150,1,0,775,499,302,0.90140533,-1,-1,-1
00151,1,969,179,139,121,0.97676224,-1,-1,-1
00151,1,0,761,493,320,0.9121119,-1,-1,-1
00151,1,1180,313,209,202,0.8294718,-1,-1,-1
00152,1,971,180,138,118,0.9823453,-1,-1,-1
00152,1,0,757,515,323,0.89224386,-1,-1,-1
00152,1,1173,307,212,199,0.891264,-1,-1,-1
00153,1,973,176,137,115,0.9685389,-1,-1,-1
00153,1,0,766,508,306,0.8939461,-1,-1,-1
00154,1,977,174,135,112,0.939951,-1,-1,-1
00154,1,0,758,490,323,0.9372651,-1,-1,-1
00155,1,979,174,138,110,0.970793,-1,-1,-1
00155,1,0,761,491,320,0.9379454,-1,-1,-1
00156,1,984,171,133,107,0.9263179,-1,-1,-1
00156,1,0,758,515,321,0.8991738,-1,-1,-1
00157,1,984,166,138,110,0.9515579,-1,-1,-1
00157,1,0,760,495,321,0.9100481,-1,-1,-1
00158,1,0,762,497,319,0.9021451,-1,-1,-1
00158,1,1146,270,204,184,0.8416218,-1,-1,-1
00158,1,989,163,137,112,0.8152628,-1,-1,-1
00159,1,0,761,497,320,0.90598613,-1,-1,-1
00159,1,992,161,138,112,0.88296777,-1,-1,-1
00160,1,1001,159,129,114,0.9152136,-1,-1,-1
00160,1,0,759,496,322,0.911951,-1,-1,-1
00161,1,1004,154,132,117,0.9596832,-1,-1,-1
00161,1,0,751,513,323,0.9109255,-1,-1,-1
00162,1,1009,153,133,113,0.9505844,-1,-1,-1
00162,1,0,759,498,320,0.9175093,-1,-1,-1
00162,1,1134,251,188,167,0.9111383,-1,-1,-1
00163,1,1015,153,132,109,0.95745,-1,-1,-1
00163,1,0,751,512,323,0.9177281,-1,-1,-1
00163,1,1128,244,187,169,0.82721925,-1,-1,-1
00164,1,0,759,497,320,0.9462743,-1,-1,-1
00164,1,1021,150,133,110,0.9383732,-1,-1,-1
00164,1,1128,244,186,164,0.9131219,-1,-1,-1
00165,1,1124,241,190,161,0.96037436,-1,-1,-1
00165,1,1031,145,132,113,0.9349267,-1,-1,-1
00165,1,0,759,499,320,0.92827064,-1,-1,-1
00166,1,1120,239,187,154,0.96064967,-1,-1,-1
00166,1,0,760,493,318,0.9528836,-1,-1,-1
00166,1,1032,144,138,113,0.94071156,-1,-1,-1
00167,1,1040,142,139,112,0.97185105,-1,-1,-1
00167,1,0,754,510,322,0.9175056,-1,-1,-1
00167,1,1122,239,182,152,0.8891503,-1,-1,-1
00168,1,1043,141,143,110,0.98775697,-1,-1,-1
00168,1,1117,225,179,156,0.97279775,-1,-1,-1
00168,1,0,764,492,317,0.938392,-1,-1,-1
00169,1,1120,221,175,150,0.95942426,-1,-1,-1
00169,1,1054,136,140,112,0.94760543,-1,-1,-1
00169,1,0,762,486,319,0.9388787,-1,-1,-1
00170,1,1114,222,168,148,0.98977506,-1,-1,-1
00170,1,1062,134,140,113,0.94930255,-1,-1,-1
00170,1,0,758,492,323,0.92440385,-1,-1,-1
00171,1,1105,215,179,149,0.97611994,-1,-1,-1
00171,1,1073,130,134,115,0.95339805,-1,-1,-1
00171,1,0,765,496,316,0.9300911,-1,-1,-1
00172,1,1104,211,176,150,0.9322339,-1,-1,-1
00172,1,0,790,488,285,0.8976395,-1,-1,-1
00172,1,1082,129,133,114,0.83413774,-1,-1,-1
00173,1,1103,198,176,151,0.97926736,-1,-1,-1
00173,1,0,772,502,309,0.90244627,-1,-1,-1
00174,1,1103,199,176,148,0.99538654,-1,-1,-1
00174,1,0,783,492,295,0.85311306,-1,-1,-1
00175,1,1107,205,167,135,0.98233277,-1,-1,-1
00175,1,0,780,491,299,0.8558427,-1,-1,-1
00175,1,1108,128,136,126,0.7529036,-1,-1,-1
00176,1,1102,201,168,136,0.9668238,-1,-1,-1
00176,1,0,769,488,309,0.7749224,-1,-1,-1
00177,1,1100,198,165,136,0.9360144,-1,-1,-1
00177,1,1620,783,301,298,0.82991356,-1,-1,-1
00178,1,1109,193,155,136,0.9499134,-1,-1,-1
00178,1,0,765,475,316,0.7440997,-1,-1,-1
00178,1,1126,124,136,108,0.7152149,-1,-1,-1
00179,1,1131,123,134,104,0.94041836,-1,-1,-1
00179,1,1107,187,153,131,0.93520504,-1,-1,-1
00179,1,1610,777,311,304,0.9199782,-1,-1,-1
00180,1,1600,762,321,319,0.9352629,-1,-1,-1
00180,1,1110,182,151,132,0.87305516,-1,-1,-1
00180,1,1143,123,129,103,0.7952268,-1,-1,-1
00181,1,1582,752,339,329,0.97056997,-1,-1,-1
00181,1,1149,120,127,107,0.88731647,-1,-1,-1
00181,1,1106,180,154,131,0.87308896,-1,-1,-1
00182,1,1584,743,337,338,0.9680751,-1,-1,-1
00182,1,1104,179,155,130,0.92376494,-1,-1,-1
00182,1,1153,118,129,106,0.8663723,-1,-1,-1
00183,1,1104,175,154,130,0.9486582,-1,-1,-1
00183,1,1582,738,339,343,0.9485234,-1,-1,-1
00183,1,1166,121,126,100,0.816393,-1,-1,-1
00184,1,1579,734,342,343,0.98072124,-1,-1,-1
00184,1,1106,171,151,129,0.9448728,-1,-1,-1
00184,1,1189,112,120,97,0.7598016,-1,-1,-1
00185,1,1570,721,351,360,0.9793814,-1,-1,-1
00185,1,1105,166,153,134,0.96454066,-1,-1,-1
00186,1,1562,706,359,375,0.98680604,-1,-1,-1
00186,1,1103,163,154,133,0.9676206,-1,-1,-1
00187,1,1552,698,369,383,0.9886951,-1,-1,-1
00187,1,1106,160,153,132,0.97913957,-1,-1,-1
00188,1,1108,158,154,134,0.97773105,-1,-1,-1
00188,1,1542,691,379,376,0.9727799,-1,-1,-1
00188,1,0,767,294,298,0.8555378,-1,-1,-1
00188,1,1578,354,308,170,0.79458004,-1,-1,-1
00189,1,1114,143,156,142,0.9843091,-1,-1,-1
00189,1,1533,675,388,373,0.97596914,-1,-1,-1
00189,1,0,766,290,302,0.9119994,-1,-1,-1
00189,1,1577,353,307,170,0.8285972,-1,-1,-1
00190,1,1121,146,147,135,0.9881017,-1,-1,-1
00190,1,1534,667,387,366,0.9843938,-1,-1,-1
00190,1,0,766,277,312,0.9522655,-1,-1,-1
00190,1,1578,353,308,170,0.8011288,-1,-1,-1
00191,1,1121,148,156,132,0.9835571,-1,-1,-1
00191,1,1528,655,393,363,0.9797377,-1,-1,-1
00191,1,0,770,276,311,0.961253,-1,-1,-1
00191,1,1240,99,137,106,0.8622311,-1,-1,-1
00191,1,1579,353,307,170,0.743945,-1,-1,-1
00192,1,1514,647,407,361,0.97912896,-1,-1,-1
00192,1,1127,137,156,141,0.9776127,-1,-1,-1
00192,1,0,772,275,307,0.8984106,-1,-1,-1
00192,1,1244,95,147,111,0.7593604,-1,-1,-1
00192,1,1579,354,302,169,0.7286933,-1,-1,-1
00193,1,1504,644,411,349,0.9888383,-1,-1,-1
00193,1,1132,138,156,138,0.97490907,-1,-1,-1
00193,1,0,773,270,307,0.86724484,-1,-1,-1
00193,1,1578,353,311,169,0.81014526,-1,-1,-1
00194,1,1498,638,404,342,0.9882812,-1,-1,-1
00194,1,1139,131,150,142,0.97450227,-1,-1,-1
00194,1,0,774,268,304,0.87613994,-1,-1,-1
00194,1,1579,354,305,168,0.80496895,-1,-1,-1
00194,1,1264,93,133,103,0.78543955,-1,-1,-1
00195,1,1500,626,382,333,0.9907492,-1,-1,-1
00195,1,1148,135,154,131,0.98150176,-1,-1,-1
00195,1,1264,95,137,98,0.9314973,-1,-1,-1
00195,1,0,775,266,301,0.88293314,-1,-1,-1
00195,1,1579,353,311,169,0.7726363,-1,-1,-1
00196,1,1488,629,377,323,0.9830881,-1,-1,-1
00196,1,1152,127,152,141,0.9685355,-1,-1,-1
00196,1,0,779,264,297,0.86445606,-1,-1,-1
00196,1,1263,97,141,95,0.78967905,-1,-1,-1
00196,1,1578,354,317,168,0.7161495,-1,-1,-1
00197,1,1468,619,386,316,0.9793941,-1,-1,-1
00197,1,1160,128,155,137,0.9774685,-1,-1,-1
00197,1,0,776,278,301,0.8128678,-1,-1,-1
00197,1,1578,353,310,169,0.71338594,-1,-1,-1
00198,1,1457,610,388,313,0.9799227,-1,-1,-1
00198,1,1169,125,158,135,0.9485921,-1,-1,-1
00198,1,0,776,276,302,0.8651152,-1,-1,-1
00198,1,1580,353,310,169,0.7533173,-1,-1,-1
00199,1,1456,599,367,312,0.97471446,-1,-1,-1
00199,1,1175,124,155,132,0.96168226,-1,-1,-1
00199,1,0,777,267,304,0.93743855,-1,-1,-1
00199,1,1580,353,311,169,0.7311753,-1,-1,-1
00200,1,1185,124,149,131,0.9633275,-1,-1,-1
00200,1,1451,586,360,302,0.96290624,-1,-1,-1
00200,1,0,778,263,303,0.90491945,-1,-1,-1
00200,1,1579,353,307,168,0.78444964,-1,-1,-1
00200,1,912,65,249,162,0.76526797,-1,-1,-1
00201,1,1435,576,362,306,0.962712,-1,-1,-1
00201,1,1193,123,143,128,0.91793734,-1,-1,-1
00201,1,0,781,258,300,0.8151432,-1,-1,-1
00202,1,1435,576,345,287,0.974033,-1,-1,-1
00202,1,1203,117,151,131,0.9609666,-1,-1,-1
00202,1,0,789,253,292,0.8377655,-1,-1,-1
00203,1,1426,566,342,296,0.9822488,-1,-1,-1
00203,1,1214,111,154,130,0.96113163,-1,-1,-1
00203,1,1580,355,299,165,0.8500383,-1,-1,-1
00203,1,0,789,245,292,0.82894117,-1,-1,-1
00203,1,853,74,270,162,0.7723736,-1,-1,-1
00204,1,1419,561,332,283,0.9847246,-1,-1,-1
00204,1,1223,107,151,132,0.9219878,-1,-1,-1
00204,1,0,795,244,286,0.8956814,-1,-1,-1
00204,1,1580,355,301,165,0.81641304,-1,-1,-1
00205,1,1411,545,328,288,0.96904916,-1,-1,-1
00205,1,1237,106,148,135,0.94978774,-1,-1,-1
00205,1,0,793,241,288,0.87201643,-1,-1,-1
00206,1,1400,543,328,281,0.97710013,-1,-1,-1
00206,1,1242,99,157,134,0.9576136,-1,-1,-1
00206,1,0,798,239,283,0.8387,-1,-1,-1
00207,1,1393,536,321,272,0.9690202,-1,-1,-1
00207,1,1254,109,155,120,0.9212659,-1,-1,-1
00207,1,0,800,248,281,0.8654291,-1,-1,-1
00208,1,1385,529,319,267,0.9578068,-1,-1,-1
00208,1,1268,102,147,125,0.8041377,-1,-1,-1
00208,1,802,87,272,162,0.7180525,-1,-1,-1
00209,1,1369,525,332,264,0.9700192,-1,-1,-1
00209,1,1276,102,151,124,0.9264778,-1,-1,-1
00209,1,0,807,217,274,0.85054207,-1,-1,-1
00209,1,787,78,272,173,0.8153501,-1,-1,-1
00210,1,1363,519,323,259,0.97432446,-1,-1,-1
00210,1,1286,104,147,117,0.91803455,-1,-1,-1
00211,1,1352,512,324,255,0.9628999,-1,-1,-1
00211,1,1297,101,150,116,0.83279765,-1,-1,-1
00212,1,1306,89,150,130,0.90784436,-1,-1,-1
00212,1,1351,509,305,248,0.9005278,-1,-1,-1
00213,1,1337,497,313,246,0.9104028,-1,-1,-1
00213,1,1316,94,144,119,0.769847,-1,-1,-1
00214,1,1335,495,302,238,0.8897082,-1,-1,-1
00215,1,1334,487,279,242,0.8962504,-1,-1,-1
00216,1,1317,483,301,230,0.8878073,-1,-1,-1
00217,1,1321,469,270,242,0.92463666,-1,-1,-1
00218,1,1309,462,288,244,0.9677128,-1,-1,-1
00219,1,1298,464,276,221,0.89993954,-1,-1,-1
00220,1,1295,453,266,224,0.8551676,-1,-1,-1
00221,1,1289,450,265,223,0.81903994,-1,-1,-1
00222,1,1281,440,256,224,0.9320086,-1,-1,-1
00223,1,1270,436,264,210,0.8931237,-1,-1,-1
00224,1,1273,423,244,217,0.912091,-1,-1,-1
00225,1,1262,422,243,207,0.9198871,-1,-1,-1
00225,1,1426,90,108,97,0.74526113,-1,-1,-1
00226,1,1258,414,238,207,0.94234276,-1,-1,-1
00226,1,1428,82,111,109,0.8054148,-1,-1,-1
00227,1,1260,405,228,209,0.9722572,-1,-1,-1
00228,1,1250,399,232,206,0.9733718,-1,-1,-1
00228,1,1439,81,102,108,0.92964786,-1,-1,-1
00229,1,1251,397,223,195,0.934995,-1,-1,-1
00230,1,1242,390,226,190,0.9725409,-1,-1,-1
00230,1,1276,61,137,116,0.812163,-1,-1,-1
00231,1,1238,381,224,197,0.97826755,-1,-1,-1
00231,1,1464,87,79,95,0.95313114,-1,-1,-1
00231,1,1255,57,149,114,0.9449076,-1,-1,-1
00232,1,1226,373,227,198,0.95402974,-1,-1,-1
00232,1,1470,85,70,93,0.8783577,-1,-1,-1
00232,1,1311,93,74,87,0.7334655,-1,-1,-1
00233,1,1231,368,212,187,0.96955943,-1,-1,-1
00234,1,1225,363,210,185,0.94874847,-1,-1,-1
00235,1,1218,355,215,189,0.911603,-1,-1,-1
00236,1,1217,347,210,183,0.94901806,-1,-1,-1
00237,1,1213,342,202,178,0.93910784,-1,-1,-1
00237,1,1164,56,143,98,0.7795245,-1,-1,-1
00238,1,1205,334,203,176,0.9575985,-1,-1,-1
00239,1,1198,329,209,176,0.94893605,-1,-1,-1
00240,1,1199,325,205,175,0.9727241,-1,-1,-1
00241,1,1197,317,202,174,0.9418697,-1,-1,-1
00241,1,1578,358,289,167,0.7603611,-1,-1,-1
00242,1,1194,314,200,169,0.8576588,-1,-1,-1
00242,1,1578,357,289,167,0.7689546,-1,-1,-1
00243,1,1190,307,197,167,0.83759964,-1,-1,-1
00243,1,1577,356,294,169,0.8116679,-1,-1,-1
00244,1,1187,301,193,165,0.8825207,-1,-1,-1
00244,1,1577,357,293,168,0.8094976,-1,-1,-1
00245,1,1183,297,192,164,0.9498924,-1,-1,-1
00245,1,1578,358,286,166,0.78026503,-1,-1,-1
00246,1,1181,293,190,164,0.96538305,-1,-1,-1
00246,1,928,843,542,238,0.8137003,-1,-1,-1
00246,1,1577,356,292,168,0.809397,-1,-1,-1
00247,1,1177,289,192,163,0.93561184,-1,-1,-1
00247,1,939,827,536,254,0.82885176,-1,-1,-1
00247,1,1577,358,287,167,0.7506978,-1,-1,-1
00248,1,1174,284,190,158,0.8965241,-1,-1,-1
00248,1,960,808,507,273,0.80608654,-1,-1,-1
00248,1,1577,357,287,168,0.7663281,-1,-1,-1
00249,1,985,809,485,272,0.8785657,-1,-1,-1
00249,1,1168,279,189,157,0.8598166,-1,-1,-1
00250,1,1173,270,171,159,0.939622,-1,-1,-1
00250,1,998,798,482,281,0.92488956,-1,-1,-1
00251,1,1014,780,469,295,0.908829,-1,-1,-1
00251,1,1580,356,287,168,0.7964438,-1,-1,-1
00252,1,1012,766,469,315,0.9543497,-1,-1,-1
00252,1,1163,262,182,162,0.77046204,-1,-1,-1
00252,1,1580,355,289,169,0.7543351,-1,-1,-1
00253,1,1029,753,452,328,0.98879635,-1,-1,-1
00253,1,1161,258,180,158,0.8555734,-1,-1,-1
00253,1,1579,358,284,164,0.82661307,-1,-1,-1
00254,1,1039,742,443,339,0.98932344,-1,-1,-1
00254,1,1159,252,179,157,0.88508826,-1,-1,-1
00254,1,1578,357,285,165,0.8464646,-1,-1,-1
00255,1,1044,733,441,348,0.9928598,-1,-1,-1
00255,1,1154,246,175,156,0.9338035,-1,-1,-1
00255,1,1579,356,288,167,0.82544893,-1,-1,-1
00256,1,1051,728,427,343,0.98945904,-1,-1,-1
00256,1,1149,244,176,151,0.9180244,-1,-1,-1
00256,1,1579,358,281,164,0.8305005,-1,-1,-1
00257,1,1054,713,420,347,0.992967,-1,-1,-1
00257,1,1144,241,181,147,0.93761593,-1,-1,-1
00257,1,1579,358,281,164,0.83164626,-1,-1,-1
00258,1,1058,702,412,333,0.98741186,-1,-1,-1
00258,1,1142,239,179,142,0.94579655,-1,-1,-1
00258,1,1579,358,279,163,0.83034194,-1,-1,-1
00259,1,1067,693,407,331,0.99069935,-1,-1,-1
00259,1,1138,234,182,144,0.95739067,-1,-1,-1
00259,1,1579,358,281,163,0.8260854,-1,-1,-1
00260,1,1066,693,402,312,0.99252105,-1,-1,-1
00260,1,1139,230,177,143,0.9650889,-1,-1,-1
00260,1,1579,358,280,163,0.815259,-1,-1,-1
00261,1,1064,681,398,311,0.9900025,-1,-1,-1
00261,1,1136,224,167,141,0.9657371,-1,-1,-1
00261,1,1578,358,287,163,0.7990895,-1,-1,-1
00262,1,1134,218,161,144,0.98560333,-1,-1,-1
00262,1,1066,674,383,303,0.9792123,-1,-1,-1
00262,1,1579,358,286,163,0.78709984,-1,-1,-1
00263,1,1071,666,378,297,0.98939776,-1,-1,-1
00263,1,1132,212,162,147,0.98876053,-1,-1,-1
00263,1,1580,358,285,164,0.7662324,-1,-1,-1
00264,1,1066,654,378,288,0.98453856,-1,-1,-1
00264,1,1129,209,159,142,0.97961664,-1,-1,-1
00264,1,1579,359,285,163,0.8092307,-1,-1,-1
00265,1,1064,644,370,288,0.9932208,-1,-1,-1
00265,1,1128,207,160,137,0.98619324,-1,-1,-1
00266,1,1060,636,358,285,0.97988886,-1,-1,-1
00266,1,1127,204,158,137,0.97745687,-1,-1,-1
00267,1,1065,627,356,284,0.99159396,-1,-1,-1
00267,1,1121,202,164,132,0.9638609,-1,-1,-1
00268,1,1061,621,348,272,0.9839923,-1,-1,-1
00268,1,1118,198,160,135,0.97400844,-1,-1,-1
00269,1,1060,612,345,268,0.9814835,-1,-1,-1
00269,1,1116,193,159,138,0.97327393,-1,-1,-1
00270,1,1056,604,342,267,0.98685336,-1,-1,-1
00270,1,1114,188,157,137,0.9854321,-1,-1,-1
00270,1,1305,54,137,114,0.7742859,-1,-1,-1
00271,1,1052,597,339,257,0.9869595,-1,-1,-1
00271,1,1111,186,161,135,0.98429143,-1,-1,-1
00272,1,1111,185,154,132,0.9842482,-1,-1,-1
00272,1,1048,586,336,262,0.98298347,-1,-1,-1
00272,1,1579,354,301,169,0.8255243,-1,-1,-1
00273,1,1047,580,324,251,0.9874958,-1,-1,-1
00273,1,1110,183,151,130,0.9821039,-1,-1,-1
00274,1,1109,180,150,132,0.98912907,-1,-1,-1
00274,1,1048,571,315,252,0.98342913,-1,-1,-1
00274,1,1579,356,293,166,0.8325833,-1,-1,-1
00275,1,1040,567,313,246,0.9897826,-1,-1,-1
00275,1,1109,178,149,130,0.9884785,-1,-1,-1
00276,1,1112,175,147,130,0.9916608,-1,-1,-1
00276,1,1035,559,313,243,0.95766586,-1,-1,-1
00276,1,1257,51,140,119,0.77159834,-1,-1,-1
00277,1,1113,171,147,130,0.9927246,-1,-1,-1
00277,1,1028,550,311,242,0.9700595,-1,-1,-1
00277,1,1252,54,133,117,0.80929804,-1,-1,-1
00278,1,1115,168,142,129,0.98993695,-1,-1,-1
00278,1,1036,551,296,233,0.9750611,-1,-1,-1
00278,1,1242,54,134,111,0.91169405,-1,-1,-1
00278,1,1580,355,295,167,0.8325778,-1,-1,-1
00279,1,1117,162,144,130,0.98559326,-1,-1,-1
00279,1,1022,540,302,227,0.9568889,-1,-1,-1
00280,1,1116,164,146,121,0.98310375,-1,-1,-1
00280,1,1021,531,293,228,0.9577035,-1,-1,-1
00280,1,1215,55,157,116,0.9078056,-1,-1,-1
00280,1,1579,354,296,168,0.8270246,-1,-1,-1
00281,1,1023,524,284,230,0.98862165,-1,-1,-1
00281,1,1121,158,142,125,0.98537767,-1,-1,-1
00281,1,406,243,324,292,0.72279644,-1,-1,-1
00282,1,1120,161,145,119,0.9894733,-1,-1,-1
00282,1,1022,521,283,220,0.9835501,-1,-1,-1
00283,1,1125,158,142,116,0.9886262,-1,-1,-1
00283,1,1022,519,274,213,0.9725514,-1,-1,-1
00283,1,1180,68,153,110,0.7928322,-1,-1,-1
00284,1,1130,154,145,118,0.99022746,-1,-1,-1
00284,1,1016,508,276,222,0.98683506,-1,-1,-1
00284,1,1184,72,130,108,0.97298145,-1,-1,-1
00284,1,1578,356,294,165,0.85851,-1,-1,-1
00285,1,1135,150,144,121,0.9828457,-1,-1,-1
00285,1,1013,502,277,217,0.9770204,-1,-1,-1
00285,1,1166,65,134,118,0.8991816,-1,-1,-1
00285,1,1579,355,300,167,0.85220176,-1,-1,-1
00286,1,1142,151,140,117,0.98013365,-1,-1,-1
00286,1,1019,491,269,219,0.975181,-1,-1,-1
00286,1,1166,69,128,115,0.9651805,-1,-1,-1
00286,1,1572,356,314,169,0.83829224,-1,-1,-1
00287,1,1148,150,140,116,0.9881082,-1,-1,-1
00287,1,1010,485,265,220,0.9818594,-1,-1,-1
00287,1,1160,69,126,119,0.9191319,-1,-1,-1
00287,1,1572,356,315,170,0.8416092,-1,-1,-1
00288,1,1154,146,140,120,0.9921598,-1,-1,-1
00288,1,1011,479,261,215,0.9868465,-1,-1,-1
00288,1,1573,356,313,170,0.8337177,-1,-1,-1
00288,1,1145,71,133,115,0.82805026,-1,-1,-1
00289,1,1161,144,137,117,0.99458754,-1,-1,-1
00289,1,1013,475,252,206,0.9910835,-1,-1,-1
00289,1,1580,354,306,168,0.84236944,-1,-1,-1
00289,1,1132,65,141,122,0.74207795,-1,-1,-1
00289,1,360,288,335,284,0.7077766,-1,-1,-1
00290,1,1173,140,128,113,0.9971642,-1,-1,-1
00290,1,1020,468,245,207,0.9879419,-1,-1,-1
00290,1,358,280,329,299,0.7520831,-1,-1,-1
00291,1,1008,466,253,204,0.9917697,-1,-1,-1
00291,1,1172,135,149,119,0.9900428,-1,-1,-1
00291,1,1579,355,297,168,0.8189526,-1,-1,-1
00291,1,367,284,318,299,0.78983796,-1,-1,-1
00291,1,1097,73,139,108,0.75952506,-1,-1,-1
00292,1,1011,460,246,196,0.99093574,-1,-1,-1
00292,1,1183,133,143,119,0.9892853,-1,-1,-1
00292,1,1079,75,144,107,0.83779234,-1,-1,-1
00292,1,1580,354,301,169,0.7883901,-1,-1,-1
00293,1,1013,450,242,197,0.9872715,-1,-1,-1
00293,1,1189,128,157,124,0.98724014,-1,-1,-1
00293,1,1579,354,299,169,0.78981936,-1,-1,-1
00294,1,1009,441,239,197,0.9896988,-1,-1,-1
00294,1,1199,125,143,126,0.98816305,-1,-1,-1
00294,1,1579,354,298,169,0.788773,-1,-1,-1
00294,1,344,293,356,313,0.75830156,-1,-1,-1
00295,1,1010,434,237,197,0.99434423,-1,-1,-1
00295,1,1206,123,147,126,0.9764149,-1,-1,-1
00295,1,1578,355,297,167,0.8193879,-1,-1,-1
00295,1,1041,77,135,115,0.80579376,-1,-1,-1
00296,1,1016,431,237,191,0.99304223,-1,-1,-1
00296,1,1213,115,148,129,0.9860269,-1,-1,-1
00296,1,1579,355,296,168,0.7965719,-1,-1,-1
00297,1,1019,425,231,189,0.99330455,-1,-1,-1
00297,1,1225,118,145,128,0.97077256,-1,-1,-1
00297,1,1008,85,152,114,0.7732825,-1,-1,-1
00297,1,1579,355,300,169,0.7686573,-1,-1,-1
00298,1,1026,419,230,189,0.99398685,-1,-1,-1
00298,1,1233,116,145,128,0.98490626,-1,-1,-1
00298,1,1579,355,300,169,0.7523583,-1,-1,-1
00299,1,1029,412,227,187,0.9925747,-1,-1,-1
00299,1,1246,111,143,130,0.9633607,-1,-1,-1
00299,1,972,92,163,113,0.90292525,-1,-1,-1
00299,1,1579,355,299,169,0.7767108,-1,-1,-1
00300,1,1034,404,228,186,0.9842747,-1,-1,-1
00300,1,1263,109,134,121,0.93523186,-1,-1,-1
00300,1,958,84,154,121,0.8779764,-1,-1,-1
00300,1,1579,355,301,169,0.7717125,-1,-1,-1
00301,1,1039,399,224,186,0.9965733,-1,-1,-1
00301,1,1272,103,126,132,0.89393145,-1,-1,-1
00301,1,1580,355,293,167,0.8291677,-1,-1,-1
00302,1,1043,388,226,190,0.9953002,-1,-1,-1
00302,1,1284,101,128,122,0.9460893,-1,-1,-1
00302,1,932,97,148,115,0.872898,-1,-1,-1
00302,1,1580,353,303,170,0.81061524,-1,-1,-1
00303,1,1047,384,226,182,0.989858,-1,-1,-1
00303,1,1291,106,136,114,0.97390544,-1,-1,-1
00303,1,917,98,148,111,0.940778,-1,-1,-1
00303,1,1581,353,299,169,0.8296229,-1,-1,-1
00304,1,1057,380,220,179,0.99543685,-1,-1,-1
00304,1,1300,100,139,121,0.97237563,-1,-1,-1
00304,1,902,108,144,107,0.85661894,-1,-1,-1
00304,1,1581,353,300,169,0.8329518,-1,-1,-1
00305,1,1059,373,226,177,0.99115294,-1,-1,-1
00305,1,887,106,143,108,0.9265247,-1,-1,-1
00305,1,1308,104,136,109,0.9246216,-1,-1,-1
00305,1,1581,353,302,169,0.8333462,-1,-1,-1
00305,1,1048,66,126,114,0.8025802,-1,-1,-1
00306,1,1070,370,223,175,0.99312264,-1,-1,-1
00306,1,874,110,145,107,0.9094823,-1,-1,-1
00306,1,1310,106,147,107,0.8742157,-1,-1,-1
00306,1,1581,353,304,169,0.8349044,-1,-1,-1
00306,1,1047,65,127,114,0.8119588,-1,-1,-1
00306,1,246,354,411,358,0.7156245,-1,-1,-1
00307,1,1079,366,218,168,0.98448306,-1,-1,-1
00307,1,857,110,144,112,0.95908016,-1,-1,-1
00307,1,1322,105,144,106,0.90633696,-1,-1,-1
00307,1,1581,354,300,167,0.8532069,-1,-1,-1
00307,1,241,362,412,363,0.7772107,-1,-1,-1
00307,1,1045,66,123,112,0.7703479,-1,-1,-1
00308,1,1085,357,216,169,0.9916756,-1,-1,-1
00308,1,840,109,138,118,0.9328194,-1,-1,-1
00308,1,1582,354,295,165,0.89139557,-1,-1,-1
00308,1,1044,66,127,117,0.86301076,-1,-1,-1
00308,1,1320,104,143,104,0.76373404,-1,-1,-1
00309,1,1095,354,217,161,0.9793463,-1,-1,-1
00309,1,829,110,133,117,0.908109,-1,-1,-1
00309,1,1581,353,301,167,0.89432496,-1,-1,-1
00309,1,225,390,427,355,0.7650426,-1,-1,-1
00310,1,1107,348,208,162,0.9892075,-1,-1,-1
00310,1,815,113,143,117,0.94022423,-1,-1,-1
00310,1,1581,353,299,167,0.88170034,-1,-1,-1
00310,1,1347,100,150,105,0.7449097,-1,-1,-1
