00001,1,1114,74,207,135,0.9845616,-1,-1,-1
00001,1,990,0,198,109,0.97370356,-1,-1,-1
00002,1,988,0,198,109,0.9723866,-1,-1,-1
00002,1,1133,72,202,127,0.9677728,-1,-1,-1
00002,1,524,508,526,358,0.7590099,-1,-1,-1
00003,1,990,0,196,115,0.98000014,-1,-1,-1
00003,1,1152,69,196,126,0.9715343,-1,-1,-1
00003,1,608,584,513,294,0.720612,-1,-1,-1
00004,1,1172,57,187,123,0.9891621,-1,-1,-1
00004,1,989,0,196,116,0.98126984,-1,-1,-1
00004,1,648,582,491,320,0.7653002,-1,-1,-1
00005,1,991,0,195,114,0.98322034,-1,-1,-1
00005,1,1189,57,169,123,0.982553,-1,-1,-1
00006,1,987,0,199,117,0.98954904,-1,-1,-1
00006,1,1216,51,153,118,0.9777869,-1,-1,-1
00006,1,737,605,570,342,0.79513794,-1,-1,-1
00007,1,989,0,197,114,0.9884703,-1,-1,-1
00007,1,1229,47,146,111,0.9330384,-1,-1,-1
00007,1,785,643,546,327,0.8579813,-1,-1,-1
00008,1,987,0,198,115,0.9893896,-1,-1,-1
00008,1,1236,41,156,112,0.9608923,-1,-1,-1
00008,1,821,605,560,409,0.84707147,-1,-1,-1
00009,1,986,0,195,109,0.9871113,-1,-1,-1
00009,1,1255,40,131,106,0.9614859,-1,-1,-1
00009,1,884,643,570,380,0.90997696,-1,-1,-1
00010,1,985,0,200,113,0.98709375,-1,-1,-1
00010,1,1262,34,129,105,0.9531595,-1,-1,-1
00010,1,930,676,563,372,0.83035266,-1,-1,-1
00011,1,989,0,199,115,0.9805879,-1,-1,-1
00011,1,1270,30,130,104,0.8966206,-1,-1,-1
00011,1,1000,678,571,389,0.8882871,-1,-1,-1
00012,1,989,0,199,116,0.9823088,-1,-1,-1
00012,1,1071,695,530,378,0.8290041,-1,-1,-1
00012,1,1271,25,131,109,0.7933049,-1,-1,-1
00013,1,990,0,199,114,0.9846064,-1,-1,-1
00013,1,1108,722,579,359,0.80678016,-1,-1,-1
00013,1,1284,11,129,115,0.7486704,-1,-1,-1
00014,1,989,0,199,110,0.96887666,-1,-1,-1
00014,1,1293,15,121,104,0.7041058,-1,-1,-1
00015,1,987,0,200,111,0.9724911,-1,-1,-1
00015,1,1295,5,119,114,0.9581486,-1,-1,-1
00016,1,990,0,194,114,0.9816792,-1,-1,-1
00016,1,1298,2,117,113,0.92073625,-1,-1,-1
00017,1,987,0,194,115,0.9810776,-1,-1,-1
00017,1,1300,0,115,107,0.968729,-1,-1,-1
00017,1,1177,361,387,269,0.806549,-1,-1,-1
00018,1,1304,0,111,99,0.9811271,-1,-1,-1
00018,1,985,0,198,118,0.97532904,-1,-1,-1
00018,1,1134,346,416,264,0.9200612,-1,-1,-1
00019,1,983,0,197,118,0.96494514,-1,-1,-1
00019,1,1306,0,109,92,0.93119305,-1,-1,-1
00019,1,1111,336,410,269,0.8492617,-1,-1,-1
00020,1,983,0,187,117,0.976982,-1,-1,-1
00020,1,1081,327,416,259,0.9336903,-1,-1,-1
00021,1,978,0,200,117,0.97906303,-1,-1,-1
00021,1,1062,323,404,255,0.93454117,-1,-1,-1
00021,1,1304,0,113,84,0.83327687,-1,-1,-1
00022,1,974,0,203,117,0.97059554,-1,-1,-1
00022,1,1030,313,395,255,0.918192,-1,-1,-1
00022,1,1305,0,117,85,0.85517997,-1,-1,-1
00023,1,969,0,210,118,0.97850823,-1,-1,-1
00023,1,1000,305,389,245,0.84155226,-1,-1,-1
00023,1,1309,0,116,81,0.83173233,-1,-1,-1
00024,1,965,0,209,120,0.9823413,-1,-1,-1
00024,1,967,295,398,248,0.8983064,-1,-1,-1
00025,1,964,0,214,120,0.9711694,-1,-1,-1
00025,1,928,284,400,240,0.883153,-1,-1,-1
00026,1,965,0,204,120,0.9862482,-1,-1,-1
00026,1,914,283,375,232,0.9315193,-1,-1,-1
00027,1,961,0,199,118,0.9815028,-1,-1,-1
00027,1,879,272,378,232,0.91607904,-1,-1,-1
00028,1,958,0,196,119,0.9632188,-1,-1,-1
00028,1,843,262,376,234,0.8767096,-1,-1,-1
00029,1,953,0,204,121,0.97456384,-1,-1,-1
00029,1,822,261,363,220,0.9588723,-1,-1,-1
00030,1,944,0,210,118,0.9760433,-1,-1,-1
00030,1,781,257,375,213,0.9522486,-1,-1,-1
00031,1,750,250,364,211,0.9779674,-1,-1,-1
00031,1,937,0,212,122,0.96960765,-1,-1,-1
00032,1,722,249,348,200,0.9690149,-1,-1,-1
00032,1,933,0,211,121,0.9505772,-1,-1,-1
00033,1,683,240,353,203,0.9459853,-1,-1,-1
00033,1,914,0,229,127,0.9135704,-1,-1,-1
00034,1,657,241,343,192,0.96042806,-1,-1,-1
00034,1,918,0,200,125,0.894171,-1,-1,-1
00035,1,626,241,341,184,0.97145116,-1,-1,-1
00036,1,597,240,330,178,0.96270984,-1,-1,-1
00036,1,895,0,204,135,0.81318605,-1,-1,-1
00037,1,570,236,324,176,0.97990257,-1,-1,-1
00037,1,883,0,216,133,0.89819956,-1,-1,-1
00038,1,537,236,319,171,0.95901185,-1,-1,-1
00038,1,876,0,214,141,0.8739446,-1,-1,-1
00038,1,6,548,299,217,0.7063396,-1,-1,-1
00039,1,511,237,306,164,0.9772543,-1,-1,-1
00039,1,873,2,226,139,0.8995261,-1,-1,-1
00040,1,482,235,301,165,0.9695449,-1,-1,-1
00040,1,861,9,219,137,0.9575268,-1,-1,-1
00041,1,454,235,289,163,0.9738546,-1,-1,-1
00041,1,843,16,220,137,0.86688673,-1,-1,-1
00042,1,420,237,292,163,0.972509,-1,-1,-1
00042,1,826,10,233,143,0.8191824,-1,-1,-1
00043,1,398,243,274,156,0.988213,-1,-1,-1
00043,1,813,8,245,147,0.8094118,-1,-1,-1
00044,1,369,247,272,155,0.9876539,-1,-1,-1
00044,1,791,14,248,146,0.8802053,-1,-1,-1
00045,1,344,251,266,152,0.98478913,-1,-1,-1
00045,1,784,22,230,140,0.94635147,-1,-1,-1
00045,1,107,537,342,203,0.8409825,-1,-1,-1
00046,1,312,252,270,155,0.956528,-1,-1,-1
00046,1,769,24,233,142,0.9412256,-1,-1,-1
00046,1,132,531,349,216,0.87956035,-1,-1,-1
00047,1,291,261,257,147,0.951775,-1,-1,-1
00047,1,756,18,238,151,0.93528736,-1,-1,-1
00047,1,151,534,351,216,0.92865837,-1,-1,-1
00048,1,167,533,373,220,0.9158042,-1,-1,-1
00048,1,742,10,253,167,0.9011015,-1,-1,-1
00048,1,271,264,244,147,0.89654124,-1,-1,-1
00049,1,721,13,261,168,0.9388822,-1,-1,-1
00049,1,251,273,237,144,0.8954908,-1,-1,-1
00049,1,175,534,387,225,0.7138431,-1,-1,-1
00050,1,202,536,396,231,0.9261012,-1,-1,-1
00050,1,700,17,279,160,0.91476846,-1,-1,-1
00050,1,225,276,236,144,0.910097,-1,-1,-1
00051,1,692,21,279,164,0.96046466,-1,-1,-1
00051,1,201,524,428,256,0.8028533,-1,-1,-1
00052,1,671,27,278,162,0.92467725,-1,-1,-1
00052,1,245,531,416,249,0.9226519,-1,-1,-1
00053,1,267,546,427,243,0.92296153,-1,-1,-1
00053,1,651,34,272,160,0.9005217,-1,-1,-1
00054,1,291,534,462,273,0.9118345,-1,-1,-1
00054,1,641,40,259,164,0.75458354,-1,-1,-1
00055,1,330,542,499,273,0.8892575,-1,-1,-1
00055,1,621,39,266,170,0.73516387,-1,-1,-1
00056,1,370,550,486,291,0.9699444,-1,-1,-1
00057,1,403,554,485,305,0.9176496,-1,-1,-1
00057,1,562,36,288,193,0.7602161,-1,-1,-1
00058,1,542,42,283,190,0.8145144,-1,-1,-1
00059,1,514,41,270,199,0.82285875,-1,-1,-1
00059,1,490,571,543,317,0.7984358,-1,-1,-1
00060,1,495,58,278,203,0.88456094,-1,-1,-1
00060,1,100,349,313,211,0.8683817,-1,-1,-1
00060,1,510,564,548,347,0.826902,-1,-1,-1
00061,1,484,58,285,206,0.9428331,-1,-1,-1
00061,1,134,338,329,225,0.92705977,-1,-1,-1
00061,1,555,563,530,368,0.8661487,-1,-1,-1
00062,1,439,72,306,197,0.97459805,-1,-1,-1
00062,1,158,321,315,244,0.96822673,-1,-1,-1
00062,1,623,618,570,309,0.8612512,-1,-1,-1
00063,1,175,309,339,236,0.9813912,-1,-1,-1
00063,1,675,614,559,346,0.8813654,-1,-1,-1
00063,1,424,76,287,193,0.8593072,-1,-1,-1
00064,1,205,299,326,243,0.9775205,-1,-1,-1
00064,1,697,609,566,384,0.91462237,-1,-1,-1
00065,1,239,286,335,240,0.8819438,-1,-1,-1
00065,1,745,633,611,360,0.81849134,-1,-1,-1
00065,1,396,95,265,201,0.7319585,-1,-1,-1
00066,1,277,269,357,242,0.9677944,-1,-1,-1
00066,1,806,650,579,353,0.86961347,-1,-1,-1
00067,1,313,252,350,246,0.98217976,-1,-1,-1
00067,1,863,676,601,364,0.944318,-1,-1,-1
00068,1,348,247,360,238,0.9914972,-1,-1,-1
00068,1,913,684,604,379,0.90529066,-1,-1,-1
00068,1,1674,609,247,278,0.77387726,-1,-1,-1
00069,1,389,228,356,243,0.987706,-1,-1,-1
00069,1,968,710,595,371,0.92174363,-1,-1,-1
00070,1,421,216,369,248,0.98795694,-1,-1,-1
00070,1,1044,715,580,366,0.8605105,-1,-1,-1
00071,1,468,200,373,234,0.959914,-1,-1,-1
00071,1,1117,730,557,348,0.7402683,-1,-1,-1
00072,1,517,181,357,236,0.97751594,-1,-1,-1
00073,1,543,181,379,223,0.9851854,-1,-1,-1
00073,1,1258,794,515,281,0.72349715,-1,-1,-1
00074,1,596,164,373,225,0.980099,-1,-1,-1
00075,1,646,146,371,227,0.96607053,-1,-1,-1
00076,1,687,142,361,220,0.97727805,-1,-1,-1
00077,1,730,132,358,214,0.9645523,-1,-1,-1
00078,1,776,122,351,209,0.9749473,-1,-1,-1
00079,1,824,114,331,202,0.97296876,-1,-1,-1
00080,1,859,105,341,198,0.98108345,-1,-1,-1
00081,1,904,100,307,193,0.94496137,-1,-1,-1
00082,1,936,90,312,189,0.99083394,-1,-1,-1
00082,1,1432,471,365,307,0.73173577,-1,-1,-1
00083,1,977,90,287,177,0.9800219,-1,-1,-1
00084,1,1017,88,263,157,0.95264846,-1,-1,-1
00085,1,1049,81,249,150,0.98713464,-1,-1,-1
00085,1,1315,423,408,288,0.803902,-1,-1,-1
00086,1,1080,82,235,140,0.92935663,-1,-1,-1
00086,1,1294,411,396,293,0.718578,-1,-1,-1
00087,1,1105,76,222,132,0.8918148,-1,-1,-1
00088,1,1141,63,197,135,0.9086913,-1,-1,-1
00088,1,1220,374,412,273,0.89572406,-1,-1,-1
00089,1,1181,366,422,281,0.90149885,-1,-1,-1
00089,1,1160,53,202,137,0.8947744,-1,-1,-1
00090,1,1165,41,212,147,0.97075695,-1,-1,-1
00090,1,1151,354,413,279,0.91738814,-1,-1,-1
00091,1,1105,332,419,289,0.94544303,-1,-1,-1
00091,1,1199,43,185,122,0.88648164,-1,-1,-1
00092,1,1060,317,426,284,0.9801482,-1,-1,-1
00092,1,1207,45,183,106,0.88206893,-1,-1,-1
00093,1,1036,305,400,286,0.98101646,-1,-1,-1
00094,1,1001,291,405,282,0.9626046,-1,-1,-1
00094,1,1249,29,145,116,0.8559622,-1,-1,-1
00095,1,968,281,397,270,0.96580607,-1,-1,-1
00095,1,1258,29,149,110,0.9256538,-1,-1,-1
00096,1,933,269,386,266,0.96827656,-1,-1,-1
00097,1,1287,15,136,112,0.9726397,-1,-1,-1
00097,1,899,266,381,248,0.92508876,-1,-1,-1
00098,1,856,251,389,247,0.97829866,-1,-1,-1
00098,1,1299,5,123,117,0.9442758,-1,-1,-1
00099,1,820,240,384,246,0.98671037,-1,-1,-1
00099,1,1305,0,120,117,0.9602453,-1,-1,-1
00100,1,1309,1,115,111,0.9708057,-1,-1,-1
00100,1,784,232,376,239,0.9703176,-1,-1,-1
00101,1,1314,1,113,102,0.9861498,-1,-1,-1
00101,1,742,228,380,228,0.9796245,-1,-1,-1
00102,1,712,227,379,216,0.9688121,-1,-1,-1
00102,1,1323,0,106,97,0.94234484,-1,-1,-1
00103,1,674,214,367,216,0.9696604,-1,-1,-1
00103,1,1324,0,115,91,0.87850815,-1,-1,-1
00104,1,649,209,352,213,0.9748834,-1,-1,-1
00104,1,1324,0,120,88,0.8475417,-1,-1,-1
00105,1,613,209,354,206,0.9723345,-1,-1,-1
00106,1,589,205,336,202,0.9860518,-1,-1,-1
00107,1,556,206,329,193,0.98468125,-1,-1,-1
00108,1,522,208,325,186,0.9851125,-1,-1,-1
00109,1,496,206,308,184,0.98739505,-1,-1,-1
00110,1,460,209,309,178,0.98351157,-1,-1,-1
00111,1,425,210,304,179,0.9741333,-1,-1,-1
00112,1,402,212,287,175,0.98902726,-1,-1,-1
00113,1,375,212,283,178,0.9870499,-1,-1,-1
00114,1,356,219,269,176,0.94706386,-1,-1,-1
00115,1,323,222,270,172,0.9573752,-1,-1,-1
00116,1,297,229,257,168,0.9023901,-1,-1,-1
00116,1,36,446,390,294,0.8832456,-1,-1,-1
00117,1,28,428,414,311,0.90301037,-1,-1,-1
00117,1,272,236,254,166,0.89634913,-1,-1,-1
00118,1,68,423,400,293,0.91178906,-1,-1,-1
00118,1,243,245,252,160,0.7676984,-1,-1,-1
00119,1,94,412,425,295,0.8277334,-1,-1,-1
00120,1,143,413,392,279,0.93976676,-1,-1,-1
00121,1,176,395,404,278,0.96257496,-1,-1,-1
00122,1,201,377,419,289,0.96383727,-1,-1,-1
00123,1,239,361,398,300,0.98074156,-1,-1,-1
00124,1,276,341,409,308,0.981672,-1,-1,-1
00125,1,298,339,451,279,0.9385072,-1,-1,-1
00126,1,345,315,444,293,0.9707709,-1,-1,-1
00127,1,394,295,420,298,0.98408324,-1,-1,-1
00128,1,425,282,452,308,0.95306605,-1,-1,-1
00128,1,0,432,231,193,0.90006137,-1,-1,-1
00128,1,48,337,177,152,0.79780614,-1,-1,-1
00129,1,476,271,449,286,0.9717296,-1,-1,-1
00129,1,0,432,245,190,0.88286036,-1,-1,-1
00130,1,524,249,441,295,0.9846939,-1,-1,-1
00131,1,566,238,456,290,0.9756772,-1,-1,-1
00132,1,620,229,439,281,0.98708075,-1,-1,-1
00133,1,653,228,452,266,0.9440407,-1,-1,-1
00134,1,710,208,424,262,0.99400336,-1,-1,-1
00135,1,753,189,400,264,0.98706853,-1,-1,-1
00136,1,804,183,402,249,0.9635978,-1,-1,-1
00137,1,860,173,370,246,0.9779553,-1,-1,-1
00138,1,894,168,385,244,0.9432378,-1,-1,-1
00139,1,1119,0,123,64,0.9535921,-1,-1,-1
00139,1,950,160,360,236,0.944579,-1,-1,-1
00139,1,168,339,264,199,0.77705264,-1,-1,-1
00140,1,982,147,353,224,0.97292453,-1,-1,-1
00140,1,185,332,272,193,0.8626892,-1,-1,-1
00140,1,1119,0,122,67,0.85268503,-1,-1,-1
00141,1,1018,142,343,218,0.94123656,-1,-1,-1
00141,1,1111,0,129,72,0.9062184,-1,-1,-1
00141,1,198,321,287,198,0.862232,-1,-1,-1
00142,1,1051,146,319,204,0.9353083,-1,-1,-1
00142,1,1112,0,121,72,0.8920795,-1,-1,-1
00142,1,223,310,294,202,0.77720404,-1,-1,-1
00143,1,1105,0,123,78,0.93456656,-1,-1,-1
00143,1,1093,133,298,200,0.93205005,-1,-1,-1
00143,1,256,298,288,193,0.8691915,-1,-1,-1
00144,1,1131,120,266,186,0.969935,-1,-1,-1
00144,1,1099,0,130,78,0.9462741,-1,-1,-1
00144,1,292,281,284,198,0.9196299,-1,-1,-1
00145,1,1097,0,132,83,0.9630647,-1,-1,-1
00145,1,1162,114,262,182,0.9570601,-1,-1,-1
00145,1,306,271,313,197,0.9458491,-1,-1,-1
00146,1,340,263,312,193,0.975246,-1,-1,-1
00146,1,1092,0,132,85,0.96445644,-1,-1,-1
00146,1,1196,108,238,172,0.9623356,-1,-1,-1
00147,1,1215,100,231,162,0.9761489,-1,-1,-1
00147,1,387,253,305,190,0.9621636,-1,-1,-1
00147,1,1087,0,135,84,0.9436992,-1,-1,-1
00148,1,408,235,322,188,0.97921914,-1,-1,-1
00148,1,1250,98,198,151,0.96998525,-1,-1,-1
00148,1,1079,0,137,90,0.95392233,-1,-1,-1
00149,1,1263,88,194,147,0.9883143,-1,-1,-1
00149,1,452,222,311,191,0.9814051,-1,-1,-1
00149,1,1079,0,127,94,0.9646207,-1,-1,-1
00150,1,1284,80,182,147,0.98930407,-1,-1,-1
00150,1,488,207,318,194,0.98246276,-1,-1,-1
00150,1,1068,0,143,93,0.96629936,-1,-1,-1
00151,1,1297,76,173,140,0.98592246,-1,-1,-1
00151,1,522,200,320,184,0.97458535,-1,-1,-1
00151,1,1064,0,147,94,0.9676801,-1,-1,-1
00152,1,573,182,308,187,0.9782406,-1,-1,-1
00152,1,1060,0,147,97,0.9741833,-1,-1,-1
00152,1,1309,66,173,142,0.9626215,-1,-1,-1
00152,1,1534,621,334,259,0.70038515,-1,-1,-1
00153,1,614,178,290,176,0.986592,-1,-1,-1
00153,1,1056,0,150,98,0.9787064,-1,-1,-1
00153,1,1324,62,164,132,0.96667516,-1,-1,-1
00153,1,1498,611,351,265,0.81951964,-1,-1,-1
00154,1,1048,0,156,101,0.9918114,-1,-1,-1
00154,1,643,167,314,176,0.9640799,-1,-1,-1
00154,1,1337,62,156,124,0.94208604,-1,-1,-1
00154,1,1456,601,365,267,0.78903526,-1,-1,-1
00155,1,1045,0,158,102,0.9915432,-1,-1,-1
00155,1,694,155,298,175,0.98065394,-1,-1,-1
00155,1,1351,57,136,122,0.9602663,-1,-1,-1
00155,1,1420,589,373,268,0.87512034,-1,-1,-1
00156,1,1037,0,164,102,0.99339676,-1,-1,-1
00156,1,731,152,298,168,0.9717111,-1,-1,-1
00156,1,1359,49,133,120,0.9652795,-1,-1,-1
00157,1,1033,0,169,102,0.9912532,-1,-1,-1
00157,1,771,137,300,164,0.9384131,-1,-1,-1
00157,1,1366,47,128,117,0.8501664,-1,-1,-1
00158,1,811,131,285,159,0.9909366,-1,-1,-1
00158,1,1032,0,166,104,0.98643816,-1,-1,-1
00158,1,1371,43,128,108,0.964799,-1,-1,-1
00159,1,1027,0,167,105,0.99229056,-1,-1,-1
00159,1,852,126,273,155,0.99149317,-1,-1,-1
00159,1,1377,40,120,112,0.92745996,-1,-1,-1
00160,1,886,117,270,148,0.9912186,-1,-1,-1
00160,1,1024,0,169,106,0.9831123,-1,-1,-1
00160,1,1382,35,110,108,0.8797903,-1,-1,-1
00161,1,923,113,258,144,0.9924372,-1,-1,-1
00161,1,1021,0,173,106,0.976254,-1,-1,-1
00161,1,1383,33,109,103,0.71692276,-1,-1,-1
00162,1,963,110,239,135,0.99109614,-1,-1,-1
00162,1,1013,0,178,110,0.9817861,-1,-1,-1
00163,1,990,100,241,130,0.9951739,-1,-1,-1
00163,1,1007,0,184,111,0.94164133,-1,-1,-1
00163,1,1084,446,408,280,0.72757035,-1,-1,-1
00164,1,1021,91,239,134,0.9936905,-1,-1,-1
00164,1,1006,0,181,111,0.95800054,-1,-1,-1
00164,1,1035,424,430,274,0.87291497,-1,-1,-1
00165,1,1054,79,221,141,0.9965526,-1,-1,-1
00165,1,1000,0,189,112,0.94288653,-1,-1,-1
00166,1,1084,79,208,128,0.9948506,-1,-1,-1
00166,1,997,0,189,115,0.95900154,-1,-1,-1
00166,1,937,396,406,261,0.762285,-1,-1,-1
00167,1,1110,79,195,121,0.99431616,-1,-1,-1
00167,1,982,0,201,114,0.9459429,-1,-1,-1
00167,1,895,381,404,253,0.88626677,-1,-1,-1
00168,1,1135,72,185,117,0.9909099,-1,-1,-1
00168,1,983,0,195,116,0.96065617,-1,-1,-1
00168,1,846,367,400,247,0.8759908,-1,-1,-1
00169,1,1163,69,171,114,0.9894504,-1,-1,-1
00169,1,981,0,195,117,0.97061175,-1,-1,-1
00169,1,797,352,398,248,0.9539222,-1,-1,-1
00170,1,971,0,197,120,0.9789761,-1,-1,-1
00170,1,1177,67,172,108,0.9771752,-1,-1,-1
00170,1,757,341,370,241,0.97326434,-1,-1,-1
00171,1,965,0,201,121,0.97754675,-1,-1,-1
00171,1,1194,59,161,110,0.96596634,-1,-1,-1
00171,1,714,332,360,226,0.93762696,-1,-1,-1
00171,1,0,560,259,204,0.70184916,-1,-1,-1
00172,1,965,0,198,120,0.9853415,-1,-1,-1
00172,1,663,318,361,224,0.96483463,-1,-1,-1
00172,1,1219,60,145,98,0.9261204,-1,-1,-1
00173,1,625,316,352,208,0.9783463,-1,-1,-1
00173,1,957,0,202,120,0.9732334,-1,-1,-1
00173,1,1236,55,143,97,0.94373876,-1,-1,-1
00174,1,944,0,212,127,0.9791118,-1,-1,-1
00174,1,592,307,322,202,0.9744436,-1,-1,-1
00174,1,1256,51,129,93,0.97126526,-1,-1,-1
00174,1,0,561,263,199,0.7899175,-1,-1,-1
00175,1,1263,47,124,95,0.9513624,-1,-1,-1
00175,1,549,301,323,193,0.94088584,-1,-1,-1
00175,1,939,0,208,127,0.9353835,-1,-1,-1
00175,1,0,561,264,198,0.7235508,-1,-1,-1
00176,1,1276,44,123,95,0.9848978,-1,-1,-1
00176,1,503,297,315,181,0.98222554,-1,-1,-1
00176,1,930,0,207,129,0.9511707,-1,-1,-1
00177,1,1286,35,122,97,0.980664,-1,-1,-1
00177,1,466,296,309,174,0.9606522,-1,-1,-1
00177,1,923,0,205,130,0.9033325,-1,-1,-1
00177,1,0,563,256,197,0.8971895,-1,-1,-1
00178,1,424,289,307,171,0.9556703,-1,-1,-1
00178,1,1296,30,116,97,0.9400942,-1,-1,-1
00178,1,919,3,204,135,0.9387145,-1,-1,-1
00178,1,0,562,256,201,0.8807469,-1,-1,-1
00179,1,402,287,270,163,0.96740013,-1,-1,-1
00179,1,1303,27,112,93,0.89550984,-1,-1,-1
00179,1,0,563,258,199,0.8765799,-1,-1,-1
00179,1,899,5,212,130,0.84805506,-1,-1,-1
00180,1,891,10,223,126,0.96248496,-1,-1,-1
00180,1,368,292,264,151,0.93746936,-1,-1,-1
00180,1,1310,23,104,93,0.87847227,-1,-1,-1
00180,1,0,562,263,197,0.7105608,-1,-1,-1
00181,1,332,290,261,153,0.9384281,-1,-1,-1
00181,1,875,12,228,127,0.9322393,-1,-1,-1
00181,1,0,566,267,200,0.8840219,-1,-1,-1
00181,1,1314,19,101,97,0.8177182,-1,-1,-1
00182,1,304,293,238,146,0.9705704,-1,-1,-1
00182,1,865,12,227,135,0.96521705,-1,-1,-1
00182,1,1316,14,102,96,0.90664995,-1,-1,-1
00182,1,0,566,266,198,0.86611027,-1,-1,-1
00183,1,848,18,235,133,0.9838176,-1,-1,-1
00183,1,1314,6,114,93,0.9353006,-1,-1,-1
00183,1,269,296,237,141,0.8583383,-1,-1,-1
00184,1,830,15,242,136,0.96699953,-1,-1,-1
00184,1,245,304,220,136,0.8703046,-1,-1,-1
00184,1,0,563,267,198,0.719819,-1,-1,-1
00185,1,816,19,236,137,0.9530955,-1,-1,-1
00185,1,0,555,265,224,0.78374654,-1,-1,-1
00186,1,800,23,240,138,0.9768758,-1,-1,-1
00186,1,198,317,202,123,0.9239308,-1,-1,-1
00186,1,1123,0,129,63,0.8335212,-1,-1,-1
00187,1,780,29,250,138,0.9754765,-1,-1,-1
00187,1,1119,0,133,63,0.9144027,-1,-1,-1
00187,1,161,318,198,127,0.9008604,-1,-1,-1
00188,1,760,35,253,138,0.94978356,-1,-1,-1
00188,1,1116,0,133,64,0.8846283,-1,-1,-1
00189,1,1118,0,122,64,0.9731375,-1,-1,-1
00189,1,750,41,246,139,0.9285205,-1,-1,-1
00189,1,114,339,188,118,0.81839514,-1,-1,-1
00189,1,0,565,267,193,0.7454608,-1,-1,-1
00190,1,1119,0,118,66,0.96047556,-1,-1,-1
00190,1,724,41,261,143,0.9459547,-1,-1,-1
00190,1,99,344,168,118,0.80020195,-1,-1,-1
00190,1,0,566,269,193,0.78029513,-1,-1,-1
00191,1,1116,0,121,71,0.9699448,-1,-1,-1
00191,1,693,47,283,149,0.8884406,-1,-1,-1
00191,1,0,561,266,193,0.85183054,-1,-1,-1
00192,1,1106,0,133,75,0.97533107,-1,-1,-1
00192,1,668,42,286,166,0.90868646,-1,-1,-1
00192,1,55,374,154,105,0.8252733,-1,-1,-1
00192,1,0,558,267,201,0.7185539,-1,-1,-1
00193,1,1103,0,135,78,0.97079617,-1,-1,-1
00193,1,641,39,286,175,0.92852336,-1,-1,-1
00194,1,1099,0,137,77,0.95805323,-1,-1,-1
00194,1,635,42,273,172,0.9329472,-1,-1,-1
00195,1,1099,0,135,81,0.9497753,-1,-1,-1
00195,1,613,41,272,176,0.9353749,-1,-1,-1
00196,1,1087,0,146,82,0.9753705,-1,-1,-1
00196,1,587,47,272,178,0.8812272,-1,-1,-1
00197,1,560,61,271,166,0.968018,-1,-1,-1
00197,1,1088,0,138,82,0.9465541,-1,-1,-1
00198,1,1090,0,133,85,0.9641913,-1,-1,-1
00198,1,533,65,271,165,0.9574207,-1,-1,-1
00199,1,512,73,268,169,0.96775985,-1,-1,-1
00199,1,1081,0,140,87,0.9638511,-1,-1,-1
00200,1,1079,0,137,88,0.9884621,-1,-1,-1
00200,1,487,80,272,168,0.9777263,-1,-1,-1
00201,1,1080,0,132,91,0.98401767,-1,-1,-1
00201,1,455,89,274,177,0.9720795,-1,-1,-1
00202,1,1073,0,139,89,0.9791005,-1,-1,-1
00202,1,434,93,263,179,0.9475073,-1,-1,-1
00203,1,1070,0,139,91,0.97670245,-1,-1,-1
00203,1,402,94,263,189,0.93100727,-1,-1,-1
00204,1,1067,0,142,92,0.98039734,-1,-1,-1
00205,1,1063,0,146,94,0.9731323,-1,-1,-1
00205,1,360,106,247,198,0.9313933,-1,-1,-1
00206,1,1058,0,156,93,0.96885484,-1,-1,-1
00206,1,331,116,248,212,0.8993331,-1,-1,-1
00206,1,70,316,327,241,0.7050414,-1,-1,-1
00207,1,1062,0,146,98,0.96781373,-1,-1,-1
00207,1,300,126,250,212,0.91055995,-1,-1,-1
00208,1,1055,0,152,95,0.98329043,-1,-1,-1
00208,1,107,303,342,244,0.83504945,-1,-1,-1
00209,1,1051,0,153,97,0.984062,-1,-1,-1
00209,1,137,290,348,247,0.9107967,-1,-1,-1
00210,1,1053,0,147,101,0.9865541,-1,-1,-1
