00001,1,1171,267,118,110,0.99144274,-1,-1,-1
00001,1,422,505,340,263,0.98826784,-1,-1,-1
00001,1,1010,406,198,170,0.9638053,-1,-1,-1
00001,1,790,426,229,155,0.95171916,-1,-1,-1
00001,1,0,673,228,406,0.7850653,-1,-1,-1
00002,1,1171,268,117,109,0.98947257,-1,-1,-1
00002,1,400,505,352,272,0.9846357,-1,-1,-1
00002,1,1008,407,198,168,0.96537423,-1,-1,-1
00002,1,787,424,234,156,0.84005815,-1,-1,-1
00002,1,1225,462,279,219,0.7123294,-1,-1,-1
00003,1,1171,267,117,112,0.9914095,-1,-1,-1
00003,1,1010,409,197,170,0.96556616,-1,-1,-1
00003,1,388,515,345,265,0.89834183,-1,-1,-1
00003,1,794,423,221,163,0.8686341,-1,-1,-1
00004,1,1171,271,117,110,0.9940572,-1,-1,-1
00004,1,363,510,354,282,0.9824394,-1,-1,-1
00004,1,1005,412,198,166,0.9636954,-1,-1,-1
00004,1,795,424,221,164,0.8140359,-1,-1,-1
00005,1,1171,271,118,111,0.99391717,-1,-1,-1
00005,1,1000,412,202,168,0.96889144,-1,-1,-1
00005,1,343,522,362,286,0.9285565,-1,-1,-1
00006,1,1170,274,118,109,0.9946425,-1,-1,-1
00006,1,999,409,204,172,0.9809777,-1,-1,-1
00006,1,315,527,372,281,0.89958125,-1,-1,-1
00006,1,793,426,221,161,0.75401115,-1,-1,-1
00007,1,1170,274,116,109,0.99537045,-1,-1,-1
00007,1,992,414,206,170,0.9558235,-1,-1,-1
00007,1,294,532,375,279,0.9527323,-1,-1,-1
00007,1,1243,448,264,210,0.84966856,-1,-1,-1
00008,1,1169,275,117,109,0.99509734,-1,-1,-1
00008,1,270,548,360,280,0.9536897,-1,-1,-1
00008,1,988,413,209,173,0.94534343,-1,-1,-1
00008,1,1245,451,255,211,0.8701768,-1,-1,-1
00009,1,1167,277,118,110,0.99575895,-1,-1,-1
00009,1,984,414,214,173,0.93992174,-1,-1,-1
00009,1,1248,116,134,100,0.9385103,-1,-1,-1
00009,1,235,547,394,302,0.9349103,-1,-1,-1
00009,1,1251,454,246,205,0.9170798,-1,-1,-1
00009,1,793,426,215,161,0.8572948,-1,-1,-1
00009,1,1194,204,104,87,0.8251173,-1,-1,-1
00010,1,1166,277,119,110,0.9939957,-1,-1,-1
00010,1,982,413,212,175,0.93810654,-1,-1,-1
00010,1,207,562,395,300,0.90101486,-1,-1,-1
00010,1,1251,458,254,203,0.8853796,-1,-1,-1
00010,1,1194,203,105,89,0.82669693,-1,-1,-1
00011,1,1166,283,121,105,0.9850589,-1,-1,-1
00011,1,183,568,385,307,0.96148646,-1,-1,-1
00011,1,1251,457,254,200,0.9384428,-1,-1,-1
00011,1,979,416,209,174,0.9334325,-1,-1,-1
00011,1,1194,203,104,89,0.87463665,-1,-1,-1
00011,1,796,426,213,163,0.7264094,-1,-1,-1
00012,1,1164,281,120,112,0.98327315,-1,-1,-1
00012,1,1252,450,254,205,0.9166941,-1,-1,-1
00012,1,966,415,213,176,0.8973115,-1,-1,-1
00012,1,135,579,406,320,0.8942023,-1,-1,-1
00012,1,1192,205,104,92,0.8530506,-1,-1,-1
00012,1,1200,124,135,92,0.79362196,-1,-1,-1
00012,1,794,427,215,160,0.7158747,-1,-1,-1
00013,1,1166,285,120,104,0.9824603,-1,-1,-1
00013,1,114,586,407,323,0.9726376,-1,-1,-1
00013,1,1257,448,251,204,0.9496604,-1,-1,-1
00013,1,1193,204,105,95,0.899647,-1,-1,-1
00013,1,964,418,213,171,0.84968543,-1,-1,-1
00013,1,794,428,212,159,0.7156266,-1,-1,-1
00014,1,1166,286,120,104,0.9840695,-1,-1,-1
00014,1,80,605,423,324,0.9669474,-1,-1,-1
00014,1,1257,457,252,193,0.92553025,-1,-1,-1
00014,1,1191,200,105,101,0.9091189,-1,-1,-1
00014,1,961,417,212,175,0.88332766,-1,-1,-1
00014,1,794,430,213,157,0.73600805,-1,-1,-1
00015,1,1166,286,120,106,0.9849423,-1,-1,-1
00015,1,44,621,432,320,0.9790429,-1,-1,-1
00015,1,1189,199,107,103,0.9201363,-1,-1,-1
00015,1,1266,430,242,216,0.8958414,-1,-1,-1
00015,1,961,418,210,174,0.882496,-1,-1,-1
00015,1,793,431,212,155,0.7160107,-1,-1,-1
00016,1,1165,285,120,108,0.9787694,-1,-1,-1
00016,1,3,633,447,332,0.9675644,-1,-1,-1
00016,1,1186,198,109,104,0.9507334,-1,-1,-1
00016,1,1272,437,228,209,0.88921,-1,-1,-1
00016,1,1278,381,134,115,0.8421756,-1,-1,-1
00016,1,957,419,212,174,0.7614252,-1,-1,-1
00017,1,1165,287,120,107,0.9850058,-1,-1,-1
00017,1,0,643,414,331,0.9587866,-1,-1,-1
00017,1,1275,432,226,210,0.9008576,-1,-1,-1
00017,1,1183,200,112,103,0.88712144,-1,-1,-1
00017,1,951,423,215,172,0.77961445,-1,-1,-1
00017,1,396,434,280,160,0.74208134,-1,-1,-1
00018,1,0,650,390,343,0.98501366,-1,-1,-1
00018,1,1165,287,118,108,0.980411,-1,-1,-1
00018,1,1276,435,229,208,0.9682381,-1,-1,-1
00018,1,1280,376,131,112,0.87647974,-1,-1,-1
00018,1,952,424,202,172,0.8095052,-1,-1,-1
00018,1,1181,202,114,103,0.76752067,-1,-1,-1
00019,1,1164,288,122,108,0.9749169,-1,-1,-1
00019,1,1278,429,225,211,0.9644588,-1,-1,-1
00019,1,0,678,351,336,0.9238783,-1,-1,-1
00019,1,1283,378,123,111,0.9036629,-1,-1,-1
00019,1,1182,202,113,102,0.8746858,-1,-1,-1
00019,1,943,427,208,170,0.8599154,-1,-1,-1
00019,1,797,433,200,156,0.73117423,-1,-1,-1
00019,1,400,436,270,155,0.7054021,-1,-1,-1
00020,1,1164,287,118,110,0.9679726,-1,-1,-1
00020,1,1283,410,220,224,0.9422372,-1,-1,-1
00020,1,0,686,317,348,0.94020724,-1,-1,-1
00020,1,1275,375,129,109,0.93340576,-1,-1,-1
00020,1,942,426,209,176,0.8447881,-1,-1,-1
00021,1,1164,288,119,109,0.9781121,-1,-1,-1
00021,1,0,702,282,357,0.9577626,-1,-1,-1
00021,1,1271,375,135,119,0.9492584,-1,-1,-1
00021,1,930,422,213,184,0.8317734,-1,-1,-1
00021,1,1285,417,206,209,0.8278351,-1,-1,-1
00021,1,1487,381,259,232,0.70073783,-1,-1,-1
00022,1,1163,288,119,111,0.980678,-1,-1,-1
00022,1,1462,390,319,224,0.95896757,-1,-1,-1
00022,1,1272,377,133,108,0.9448432,-1,-1,-1
00022,1,1280,420,216,208,0.7790153,-1,-1,-1
00022,1,929,424,209,181,0.7460341,-1,-1,-1
00023,1,1161,292,125,110,0.9668921,-1,-1,-1
00023,1,1271,376,133,108,0.95396304,-1,-1,-1
00023,1,927,422,212,186,0.80096376,-1,-1,-1
00023,1,1456,385,356,238,0.7684961,-1,-1,-1
00024,1,1484,390,372,216,0.9788609,-1,-1,-1
00024,1,1166,293,119,111,0.9741009,-1,-1,-1
00024,1,1275,369,128,117,0.9722164,-1,-1,-1
00024,1,924,426,213,184,0.8680834,-1,-1,-1
00024,1,1282,427,210,199,0.8212367,-1,-1,-1
00025,1,1161,291,124,114,0.9842181,-1,-1,-1
00025,1,1512,381,361,227,0.9833673,-1,-1,-1
00025,1,1273,377,129,106,0.87274224,-1,-1,-1
00025,1,914,426,220,187,0.81733274,-1,-1,-1
00025,1,1287,423,203,202,0.7904877,-1,-1,-1
00026,1,1524,379,379,236,0.9956338,-1,-1,-1
00026,1,1159,290,123,116,0.9734894,-1,-1,-1
00026,1,1273,373,128,108,0.89049923,-1,-1,-1
00026,1,1286,422,205,200,0.7712698,-1,-1,-1
00026,1,906,427,220,183,0.7047064,-1,-1,-1
00027,1,1556,387,364,218,0.9880475,-1,-1,-1
00027,1,1158,295,123,113,0.9652233,-1,-1,-1
00027,1,1271,372,129,107,0.893133,-1,-1,-1
00027,1,904,427,217,187,0.81313056,-1,-1,-1
00028,1,1158,295,124,114,0.96581316,-1,-1,-1
00028,1,1575,380,346,228,0.96446747,-1,-1,-1
00028,1,1270,368,128,110,0.9382252,-1,-1,-1
00028,1,900,429,218,185,0.9006307,-1,-1,-1
00029,1,1161,298,121,114,0.9829773,-1,-1,-1
00029,1,1270,366,129,111,0.96122617,-1,-1,-1
00029,1,1590,382,331,234,0.92856586,-1,-1,-1
00029,1,891,431,221,183,0.8216029,-1,-1,-1
00030,1,1160,298,121,115,0.9770428,-1,-1,-1
00030,1,1270,363,129,113,0.9432484,-1,-1,-1
00030,1,1618,378,303,240,0.8019035,-1,-1,-1
00031,1,1269,361,128,110,0.9647856,-1,-1,-1
00031,1,1155,300,126,113,0.9581385,-1,-1,-1
00031,1,1633,376,288,234,0.9011963,-1,-1,-1
00032,1,1271,360,133,115,0.9861801,-1,-1,-1
00032,1,1153,300,126,115,0.97171885,-1,-1,-1
00033,1,1269,359,138,111,0.9829525,-1,-1,-1
00033,1,1152,301,128,116,0.97583586,-1,-1,-1
00033,1,390,433,309,155,0.8410429,-1,-1,-1
00033,1,1309,417,188,193,0.72815907,-1,-1,-1
00034,1,1152,302,128,116,0.979458,-1,-1,-1
00034,1,1267,362,130,104,0.9588189,-1,-1,-1
00034,1,402,436,289,157,0.8024894,-1,-1,-1
00034,1,1312,417,185,192,0.7547961,-1,-1,-1
00035,1,1153,301,127,118,0.9678449,-1,-1,-1
00035,1,1267,359,130,107,0.95769525,-1,-1,-1
00035,1,1315,418,181,188,0.824074,-1,-1,-1
00035,1,414,437,271,157,0.75545424,-1,-1,-1
00036,1,1150,303,128,117,0.96901023,-1,-1,-1
00036,1,1268,358,129,106,0.94883484,-1,-1,-1
00036,1,1312,421,182,183,0.76719344,-1,-1,-1
00037,1,1150,303,128,119,0.9677229,-1,-1,-1
00037,1,1267,358,130,105,0.9440938,-1,-1,-1
00037,1,655,671,577,410,0.9024304,-1,-1,-1
00037,1,1313,417,183,183,0.82457227,-1,-1,-1
00038,1,1149,305,129,118,0.9603461,-1,-1,-1
00038,1,1268,359,129,103,0.9514491,-1,-1,-1
00038,1,602,683,659,398,0.75995153,-1,-1,-1
00039,1,1267,358,129,104,0.95982474,-1,-1,-1
00039,1,1145,305,133,120,0.94563615,-1,-1,-1
00039,1,647,691,610,390,0.8430467,-1,-1,-1
00039,1,1318,409,186,184,0.72300214,-1,-1,-1
00040,1,1269,353,130,111,0.9778281,-1,-1,-1
00040,1,1145,308,131,117,0.95305043,-1,-1,-1
00040,1,708,661,610,420,0.7587468,-1,-1,-1
00041,1,1144,307,131,118,0.95876765,-1,-1,-1
00041,1,1269,352,125,110,0.9550533,-1,-1,-1
00041,1,659,613,653,468,0.88851786,-1,-1,-1
00041,1,404,434,277,161,0.72122794,-1,-1,-1
00042,1,1145,307,132,121,0.9412308,-1,-1,-1
00042,1,1268,354,128,106,0.9324285,-1,-1,-1
00042,1,680,567,643,514,0.8415296,-1,-1,-1
00043,1,711,589,612,492,0.95216936,-1,-1,-1
00043,1,1145,306,136,127,0.9364853,-1,-1,-1
00043,1,1269,352,126,107,0.89490485,-1,-1,-1
00043,1,1319,417,184,176,0.8391336,-1,-1,-1
00044,1,1145,305,137,127,0.954499,-1,-1,-1
00044,1,703,575,575,506,0.9261743,-1,-1,-1
00044,1,1321,419,182,173,0.878543,-1,-1,-1
00044,1,1269,350,124,108,0.8672149,-1,-1,-1
00045,1,737,549,577,532,0.95590407,-1,-1,-1
00045,1,1143,310,133,120,0.95570546,-1,-1,-1
00045,1,1269,350,125,106,0.8802112,-1,-1,-1
00045,1,1315,414,177,174,0.7184064,-1,-1,-1
00046,1,1143,311,131,120,0.94459265,-1,-1,-1
00046,1,751,558,529,516,0.9112627,-1,-1,-1
00046,1,1269,348,125,106,0.8711174,-1,-1,-1
00046,1,1317,415,183,173,0.8627856,-1,-1,-1
00047,1,755,509,532,572,0.95478433,-1,-1,-1
00047,1,1142,307,138,129,0.9496113,-1,-1,-1
00047,1,752,432,273,211,0.8855889,-1,-1,-1
00047,1,1279,343,113,106,0.8790146,-1,-1,-1
00047,1,1321,415,182,175,0.8157355,-1,-1,-1
00048,1,754,503,534,578,0.9731992,-1,-1,-1
00048,1,1142,310,136,128,0.9581887,-1,-1,-1
00048,1,1279,343,117,107,0.9304848,-1,-1,-1
00048,1,746,433,274,214,0.9040362,-1,-1,-1
00048,1,1323,421,174,159,0.7481171,-1,-1,-1
00049,1,1141,311,140,127,0.9621188,-1,-1,-1
00049,1,777,478,508,603,0.96149784,-1,-1,-1
00049,1,1274,340,123,110,0.936537,-1,-1,-1
00049,1,737,430,261,222,0.9328804,-1,-1,-1
00049,1,1321,420,178,162,0.81813794,-1,-1,-1
00050,1,823,451,496,630,0.98639214,-1,-1,-1
00050,1,1142,310,137,130,0.974002,-1,-1,-1
00050,1,738,436,249,216,0.94186884,-1,-1,-1
00050,1,1321,419,174,160,0.87464416,-1,-1,-1
00050,1,1272,345,122,106,0.8438585,-1,-1,-1
00051,1,828,457,493,624,0.9941817,-1,-1,-1
00051,1,1141,311,133,129,0.9386793,-1,-1,-1
00051,1,1272,336,124,113,0.93235004,-1,-1,-1
00051,1,710,436,264,231,0.9283401,-1,-1,-1
00051,1,1323,411,168,167,0.90702355,-1,-1,-1
00052,1,824,444,510,636,0.9964915,-1,-1,-1
00052,1,700,438,269,222,0.96209675,-1,-1,-1
00052,1,1142,315,134,126,0.95575833,-1,-1,-1
00052,1,1322,413,168,164,0.8384993,-1,-1,-1
00052,1,1271,342,122,106,0.7857594,-1,-1,-1
00053,1,844,406,520,659,0.99698764,-1,-1,-1
00053,1,1138,318,130,122,0.96526426,-1,-1,-1
00053,1,688,442,270,230,0.9462159,-1,-1,-1
00053,1,1324,413,168,162,0.9122705,-1,-1,-1
00053,1,1275,337,119,109,0.8641666,-1,-1,-1
00054,1,851,418,474,596,0.99859923,-1,-1,-1
00054,1,1136,320,131,121,0.9616236,-1,-1,-1
00054,1,680,448,258,229,0.95245886,-1,-1,-1
00054,1,1327,416,166,158,0.92528033,-1,-1,-1
00054,1,1275,336,114,107,0.919968,-1,-1,-1
00055,1,893,424,426,585,0.99448735,-1,-1,-1
00055,1,672,449,269,231,0.97613645,-1,-1,-1
00055,1,1135,321,138,125,0.9703809,-1,-1,-1
00055,1,1275,333,114,108,0.9280179,-1,-1,-1
00055,1,1331,418,163,152,0.8924438,-1,-1,-1
00055,1,1244,112,138,106,0.7809518,-1,-1,-1
00056,1,894,406,448,573,0.9961474,-1,-1,-1
00056,1,1129,319,144,126,0.9548299,-1,-1,-1
00056,1,1268,329,122,110,0.94043046,-1,-1,-1
00056,1,654,439,310,242,0.9392516,-1,-1,-1
00056,1,1330,414,160,156,0.85715735,-1,-1,-1
00056,1,1218,107,171,109,0.75293964,-1,-1,-1
00057,1,909,391,458,569,0.9980635,-1,-1,-1
00057,1,648,436,295,246,0.94688886,-1,-1,-1
00057,1,1127,321,148,126,0.94660914,-1,-1,-1
00057,1,1267,326,125,112,0.92416596,-1,-1,-1
00057,1,1327,413,170,159,0.90534365,-1,-1,-1
00057,1,1210,110,167,109,0.76540166,-1,-1,-1
00058,1,941,407,420,531,0.9889237,-1,-1,-1
00058,1,634,453,289,244,0.9667037,-1,-1,-1
00058,1,1126,324,144,123,0.95916307,-1,-1,-1
00058,1,1200,116,162,101,0.8645364,-1,-1,-1
00058,1,1267,331,123,102,0.8479375,-1,-1,-1
00058,1,1327,409,168,161,0.84688956,-1,-1,-1
00059,1,617,448,300,252,0.9902097,-1,-1,-1
00059,1,938,386,417,533,0.98933,-1,-1,-1
00059,1,1115,322,150,117,0.97308946,-1,-1,-1
00059,1,1327,406,170,165,0.8916472,-1,-1,-1
00059,1,1266,328,124,105,0.8208855,-1,-1,-1
00060,1,952,374,412,545,0.99723417,-1,-1,-1
00060,1,610,446,319,258,0.9302097,-1,-1,-1
00060,1,1274,325,119,110,0.87366134,-1,-1,-1
00060,1,1327,406,167,163,0.77688414,-1,-1,-1
00060,1,1102,323,151,115,0.72368056,-1,-1,-1
00061,1,972,385,402,487,0.99052244,-1,-1,-1
00061,1,599,444,319,262,0.97260755,-1,-1,-1
00061,1,1125,325,131,100,0.871952,-1,-1,-1
00061,1,1329,405,166,163,0.80819666,-1,-1,-1
00062,1,589,448,308,264,0.99300474,-1,-1,-1
00062,1,981,386,390,484,0.983433,-1,-1,-1
00062,1,1126,330,128,79,0.9314013,-1,-1,-1
00063,1,998,370,384,483,0.98573667,-1,-1,-1
00063,1,575,451,318,264,0.9759083,-1,-1,-1
00063,1,1275,325,122,115,0.7845283,-1,-1,-1
00063,1,1127,332,121,74,0.7406184,-1,-1,-1
00064,1,998,373,385,476,0.9924218,-1,-1,-1
00064,1,565,457,303,254,0.97277755,-1,-1,-1
00064,1,1339,407,162,150,0.9727403,-1,-1,-1
00064,1,1117,326,134,72,0.9430145,-1,-1,-1
00065,1,1004,366,392,463,0.97912574,-1,-1,-1
00065,1,555,454,322,261,0.95761853,-1,-1,-1
00065,1,1343,406,156,154,0.9546308,-1,-1,-1
00065,1,1162,227,118,99,0.82640105,-1,-1,-1
00065,1,1270,315,110,119,0.7563395,-1,-1,-1
00066,1,1026,355,383,469,0.98095804,-1,-1,-1
00066,1,1346,407,148,156,0.93132126,-1,-1,-1
00066,1,545,436,327,280,0.92109,-1,-1,-1
00066,1,1163,229,119,99,0.8413754,-1,-1,-1
00067,1,1035,357,373,458,0.975267,-1,-1,-1
00067,1,522,444,332,279,0.9457855,-1,-1,-1
00067,1,1165,228,118,99,0.85895634,-1,-1,-1
00067,1,1352,406,140,159,0.84594774,-1,-1,-1
00067,1,797,417,212,169,0.7183217,-1,-1,-1
00068,1,1047,354,369,449,0.9792716,-1,-1,-1
00068,1,507,457,323,272,0.96463746,-1,-1,-1
00068,1,788,419,238,166,0.8910562,-1,-1,-1
00068,1,1356,410,135,154,0.87955064,-1,-1,-1
00068,1,1165,219,118,110,0.76895326,-1,-1,-1
00069,1,1057,364,359,424,0.9846058,-1,-1,-1
00069,1,488,455,346,280,0.9555797,-1,-1,-1
00069,1,793,425,207,162,0.89726627,-1,-1,-1
00069,1,1362,411,129,150,0.86054957,-1,-1,-1
00070,1,1074,342,345,445,0.9822844,-1,-1,-1
00070,1,480,453,341,287,0.9525582,-1,-1,-1
00070,1,788,423,217,163,0.8947774,-1,-1,-1
00071,1,1079,338,347,435,0.97208863,-1,-1,-1
00071,1,784,418,239,164,0.95004535,-1,-1,-1
00071,1,463,460,321,285,0.8246812,-1,-1,-1
00071,1,1367,411,126,145,0.7625097,-1,-1,-1
00072,1,1088,340,342,427,0.972808,-1,-1,-1
00072,1,453,463,348,271,0.93068165,-1,-1,-1
00072,1,788,424,215,164,0.89331686,-1,-1,-1
00072,1,1373,408,119,145,0.8562688,-1,-1,-1
00073,1,1094,344,336,412,0.97121406,-1,-1,-1
00073,1,432,463,356,279,0.9016705,-1,-1,-1
00073,1,1375,409,118,141,0.74873894,-1,-1,-1
00073,1,1395,353,113,122,0.74007356,-1,-1,-1
00073,1,790,425,214,161,0.71068615,-1,-1,-1
00074,1,1100,344,333,406,0.9714726,-1,-1,-1
00074,1,415,466,364,285,0.8661474,-1,-1,-1
00074,1,790,419,231,166,0.8004325,-1,-1,-1
00075,1,1103,349,338,390,0.9816305,-1,-1,-1
00075,1,396,465,368,295,0.9195112,-1,-1,-1
00075,1,1241,304,86,78,0.7702641,-1,-1,-1
00076,1,1110,343,336,394,0.98905283,-1,-1,-1
00076,1,374,467,370,301,0.86576146,-1,-1,-1
00076,1,1161,224,135,120,0.7183143,-1,-1,-1
00077,1,1120,348,331,379,0.9929467,-1,-1,-1
00077,1,793,421,237,162,0.8551721,-1,-1,-1
00077,1,1160,225,138,120,0.8021899,-1,-1,-1
00077,1,369,477,351,292,0.78586537,-1,-1,-1
00078,1,1123,344,334,384,0.9896904,-1,-1,-1
00078,1,791,421,239,161,0.9055037,-1,-1,-1
00078,1,1165,226,133,118,0.71185094,-1,-1,-1
00079,1,1127,360,331,356,0.981499,-1,-1,-1
00079,1,1166,227,131,116,0.85987943,-1,-1,-1
00079,1,791,427,212,160,0.7897593,-1,-1,-1
00080,1,1134,351,326,345,0.9555498,-1,-1,-1
00080,1,1164,228,132,116,0.88801885,-1,-1,-1
00080,1,306,479,365,321,0.8853128,-1,-1,-1
00081,1,1140,354,324,340,0.9710467,-1,-1,-1
00081,1,1267,298,115,69,0.8941532,-1,-1,-1
00081,1,1175,240,113,100,0.8210095,-1,-1,-1
00082,1,1149,348,316,345,0.9824837,-1,-1,-1
00082,1,1175,241,113,99,0.79863316,-1,-1,-1
00082,1,267,492,381,319,0.7734313,-1,-1,-1
00082,1,793,427,207,158,0.74299115,-1,-1,-1
00083,1,1166,345,295,339,0.9850699,-1,-1,-1
00083,1,246,493,380,337,0.8483352,-1,-1,-1
00083,1,1174,242,116,98,0.82477194,-1,-1,-1
00083,1,791,429,211,158,0.7343834,-1,-1,-1
00084,1,235,493,382,341,0.97173667,-1,-1,-1
00084,1,1158,355,309,325,0.96702296,-1,-1,-1
00084,1,1174,244,113,97,0.84216577,-1,-1,-1
00084,1,1272,296,103,74,0.7027781,-1,-1,-1
00085,1,202,501,401,337,0.9818569,-1,-1,-1
00085,1,1162,339,312,351,0.957448,-1,-1,-1
00085,1,1173,243,112,101,0.76958436,-1,-1,-1
00086,1,184,507,397,345,0.9859104,-1,-1,-1
00086,1,1175,340,303,335,0.97218907,-1,-1,-1
00086,1,1276,293,107,72,0.8864781,-1,-1,-1
00086,1,1173,246,113,97,0.7408027,-1,-1,-1
00087,1,167,521,396,340,0.976307,-1,-1,-1
00087,1,1187,342,299,324,0.97550213,-1,-1,-1
00087,1,1276,291,107,74,0.83689487,-1,-1,-1
00087,1,1174,246,112,99,0.7363481,-1,-1,-1
00088,1,1185,336,305,327,0.9868738,-1,-1,-1
00088,1,142,526,407,348,0.97624195,-1,-1,-1
00088,1,1279,292,107,73,0.86963123,-1,-1,-1
00088,1,1172,245,113,103,0.76002544,-1,-1,-1
00088,1,791,427,212,159,0.7043025,-1,-1,-1
00089,1,119,532,406,358,0.97447926,-1,-1,-1
00089,1,1182,349,300,317,0.96900314,-1,-1,-1
00089,1,1277,289,111,78,0.91562796,-1,-1,-1
00089,1,1170,246,115,103,0.83486986,-1,-1,-1
00089,1,1061,377,169,133,0.7202867,-1,-1,-1
00090,1,86,535,421,368,0.98616934,-1,-1,-1
00090,1,1186,346,303,313,0.9468099,-1,-1,-1
00090,1,1169,246,116,103,0.83915854,-1,-1,-1
00090,1,1274,281,120,91,0.8335314,-1,-1,-1
00091,1,61,541,427,374,0.97651666,-1,-1,-1
00091,1,1206,339,286,322,0.9357165,-1,-1,-1
00091,1,1168,245,115,106,0.9233537,-1,-1,-1
00091,1,1272,282,120,89,0.89677596,-1,-1,-1
00091,1,1077,374,162,139,0.8696305,-1,-1,-1
00091,1,794,426,231,162,0.7130868,-1,-1,-1
00092,1,29,550,444,374,0.9862905,-1,-1,-1
00092,1,1212,335,285,323,0.9482787,-1,-1,-1
00092,1,1078,375,169,135,0.9433284,-1,-1,-1
00092,1,1169,244,113,108,0.9073178,-1,-1,-1
00092,1,1271,282,123,89,0.8595811,-1,-1,-1
00093,1,8,559,444,380,0.9840755,-1,-1,-1
00093,1,1083,376,164,139,0.9731354,-1,-1,-1
00093,1,1222,337,275,321,0.92295563,-1,-1,-1
00093,1,1277,288,108,75,0.91089255,-1,-1,-1
00093,1,1168,246,113,109,0.8300684,-1,-1,-1
00093,1,793,426,232,161,0.7513389,-1,-1,-1
00094,1,0,574,432,384,0.98533905,-1,-1,-1
00094,1,1082,372,173,144,0.98297125,-1,-1,-1
00094,1,1166,245,116,111,0.89562964,-1,-1,-1
00094,1,1274,289,111,75,0.87051725,-1,-1,-1
00094,1,1223,338,273,315,0.8241778,-1,-1,-1
00094,1,787,424,245,159,0.73394936,-1,-1,-1
00095,1,1088,376,169,138,0.9765315,-1,-1,-1
00095,1,0,583,413,395,0.92743534,-1,-1,-1
00095,1,1223,343,280,312,0.86083597,-1,-1,-1
00095,1,1168,248,113,110,0.8413906,-1,-1,-1
00095,1,787,427,240,156,0.74958026,-1,-1,-1
00096,1,1098,384,156,131,0.9853768,-1,-1,-1
00096,1,0,596,381,392,0.89651304,-1,-1,-1
00096,1,1168,248,113,111,0.87583834,-1,-1,-1
00096,1,788,427,237,155,0.8428904,-1,-1,-1
00096,1,1237,342,272,309,0.8284804,-1,-1,-1
00097,1,1104,383,158,135,0.98506343,-1,-1,-1
00097,1,0,611,363,388,0.9334171,-1,-1,-1
00097,1,1244,338,264,308,0.8729656,-1,-1,-1
00097,1,1264,280,120,94,0.8083058,-1,-1,-1
00097,1,1169,249,112,108,0.78961134,-1,-1,-1
00097,1,796,426,224,164,0.78147095,-1,-1,-1
00098,1,1108,379,154,139,0.983679,-1,-1,-1
00098,1,0,616,341,407,0.9428999,-1,-1,-1
00098,1,1245,343,270,298,0.87942314,-1,-1,-1
00098,1,1168,250,114,107,0.838536,-1,-1,-1
00098,1,1066,269,106,84,0.7106194,-1,-1,-1
00099,1,1109,379,156,143,0.98755336,-1,-1,-1
00099,1,0,626,317,422,0.94273037,-1,-1,-1
00099,1,1240,342,275,301,0.8934528,-1,-1,-1
00099,1,1165,250,118,108,0.85434633,-1,-1,-1
00099,1,1267,281,115,94,0.8214373,-1,-1,-1
00099,1,908,410,166,142,0.7422384,-1,-1,-1
00100,1,1110,379,155,144,0.99309194,-1,-1,-1
00100,1,0,648,293,409,0.95658493,-1,-1,-1
00100,1,654,435,144,100,0.93129385,-1,-1,-1
00100,1,1165,251,119,107,0.8777718,-1,-1,-1
00100,1,1247,337,274,301,0.87697953,-1,-1,-1
00100,1,905,411,171,140,0.8483332,-1,-1,-1
00100,1,1047,252,147,119,0.7779413,-1,-1,-1
00100,1,787,428,226,152,0.73781556,-1,-1,-1
00101,1,1112,380,155,144,0.99062914,-1,-1,-1
00101,1,0,678,260,390,0.9716894,-1,-1,-1
00101,1,659,433,153,101,0.96227664,-1,-1,-1
00101,1,1245,333,279,303,0.95732784,-1,-1,-1
00101,1,1163,253,120,105,0.93567336,-1,-1,-1
00101,1,789,426,230,157,0.8535459,-1,-1,-1
00101,1,908,412,169,137,0.83570516,-1,-1,-1
00101,1,381,430,330,156,0.7429383,-1,-1,-1
00102,1,1114,381,155,142,0.99046373,-1,-1,-1
00102,1,1253,338,271,297,0.9645006,-1,-1,-1
00102,1,661,431,155,105,0.939357,-1,-1,-1
00102,1,1162,253,121,106,0.917974,-1,-1,-1
00102,1,795,427,212,153,0.8652665,-1,-1,-1
00102,1,0,689,234,392,0.8563218,-1,-1,-1
00102,1,906,412,172,138,0.845931,-1,-1,-1
00102,1,387,426,322,161,0.7544238,-1,-1,-1
00103,1,1116,383,153,140,0.98841,-1,-1,-1
00103,1,1252,339,273,294,0.97832084,-1,-1,-1
00103,1,1162,254,121,105,0.89976615,-1,-1,-1
00103,1,795,426,214,154,0.8754499,-1,-1,-1
00103,1,901,411,179,139,0.7730437,-1,-1,-1
00104,1,1116,385,153,138,0.98711824,-1,-1,-1
00104,1,1254,338,270,291,0.97294563,-1,-1,-1
00104,1,793,426,215,154,0.8621705,-1,-1,-1
00104,1,1161,252,122,106,0.71251917,-1,-1,-1
00105,1,1116,384,155,141,0.98833674,-1,-1,-1
00105,1,1259,338,268,289,0.9671698,-1,-1,-1
00105,1,1160,254,123,105,0.8531764,-1,-1,-1
00105,1,665,431,167,108,0.7411784,-1,-1,-1
00105,1,780,422,244,161,0.72703725,-1,-1,-1
00106,1,1119,377,152,146,0.99273854,-1,-1,-1
00106,1,1258,338,270,286,0.970889,-1,-1,-1
00106,1,1162,255,119,104,0.85735244,-1,-1,-1
00106,1,794,425,224,161,0.7491972,-1,-1,-1
00107,1,1121,375,153,146,0.9914547,-1,-1,-1
00107,1,1265,336,262,287,0.92795527,-1,-1,-1
00107,1,788,420,231,162,0.8573446,-1,-1,-1
00107,1,1159,254,122,107,0.846418,-1,-1,-1
00108,1,1119,377,157,146,0.99116313,-1,-1,-1
00108,1,1270,337,256,282,0.96829444,-1,-1,-1
00108,1,797,422,215,154,0.8955609,-1,-1,-1
00108,1,1395,284,109,110,0.8189401,-1,-1,-1
00108,1,1158,255,127,107,0.7992133,-1,-1,-1
00109,1,1117,376,157,151,0.9930025,-1,-1,-1
00109,1,802,418,209,163,0.9319443,-1,-1,-1
00109,1,1271,340,252,275,0.91169703,-1,-1,-1
00109,1,1394,280,111,114,0.872855,-1,-1,-1
00109,1,386,431,311,157,0.77834576,-1,-1,-1
00109,1,1161,253,119,111,0.7167708,-1,-1,-1
00110,1,1116,375,159,152,0.99075013,-1,-1,-1
00110,1,802,416,212,164,0.92679787,-1,-1,-1
00110,1,1273,345,252,272,0.90776765,-1,-1,-1
00110,1,1395,283,110,111,0.8644827,-1,-1,-1
00110,1,387,431,315,157,0.7350981,-1,-1,-1
00111,1,1115,377,158,150,0.99359596,-1,-1,-1
00111,1,800,419,212,164,0.9538589,-1,-1,-1
00111,1,1273,346,254,270,0.8488054,-1,-1,-1
00111,1,1392,279,115,113,0.83181936,-1,-1,-1
00112,1,1117,378,158,147,0.9872162,-1,-1,-1
00112,1,795,422,217,156,0.94236743,-1,-1,-1
00112,1,1277,346,251,270,0.8553855,-1,-1,-1
00112,1,1391,278,115,113,0.835529,-1,-1,-1
00113,1,1114,378,161,148,0.98953515,-1,-1,-1
00113,1,796,422,212,156,0.9438022,-1,-1,-1
00113,1,1286,347,241,270,0.92743534,-1,-1,-1
00113,1,1159,255,125,114,0.9159431,-1,-1,-1
00113,1,1389,278,117,113,0.81216997,-1,-1,-1
00113,1,387,429,311,160,0.73910296,-1,-1,-1
00114,1,1113,377,163,149,0.9943229,-1,-1,-1
00114,1,788,420,232,163,0.9290892,-1,-1,-1
00114,1,1285,348,239,260,0.8868249,-1,-1,-1
00114,1,672,423,198,110,0.8272197,-1,-1,-1
00114,1,1236,376,122,114,0.70384324,-1,-1,-1
00115,1,1113,368,171,158,0.993178,-1,-1,-1
00115,1,1160,259,122,112,0.9195361,-1,-1,-1
00115,1,788,421,230,162,0.8928906,-1,-1,-1
00115,1,686,429,167,113,0.87908816,-1,-1,-1
00115,1,829,844,496,237,0.84529084,-1,-1,-1
00115,1,1290,346,234,259,0.78537655,-1,-1,-1
00115,1,1202,131,114,85,0.7476637,-1,-1,-1
00115,1,1374,266,128,123,0.72349566,-1,-1,-1
00116,1,1115,380,163,151,0.9867208,-1,-1,-1
00116,1,1158,256,126,118,0.90112704,-1,-1,-1
00116,1,1296,346,227,256,0.88918,-1,-1,-1
00116,1,784,423,230,159,0.8861762,-1,-1,-1
00116,1,676,424,196,108,0.8526602,-1,-1,-1
00116,1,1228,375,129,115,0.83763,-1,-1,-1
00116,1,842,830,505,251,0.80475414,-1,-1,-1
00116,1,388,431,310,156,0.7439883,-1,-1,-1
00116,1,1375,267,128,123,0.73071915,-1,-1,-1
00117,1,1115,366,170,162,0.9918932,-1,-1,-1
00117,1,1156,258,130,117,0.965803,-1,-1,-1
00117,1,684,426,212,117,0.9084419,-1,-1,-1
00117,1,1299,345,226,255,0.8893831,-1,-1,-1
00117,1,787,421,228,161,0.8750436,-1,-1,-1
00117,1,1225,374,132,118,0.8554617,-1,-1,-1
00117,1,890,787,427,294,0.7898951,-1,-1,-1
00117,1,1375,268,129,122,0.7311964,-1,-1,-1
00118,1,1108,380,171,151,0.99356645,-1,-1,-1
00118,1,683,428,208,114,0.94689196,-1,-1,-1
00118,1,890,771,437,310,0.9304011,-1,-1,-1
00118,1,1308,348,219,252,0.9092054,-1,-1,-1
00118,1,1217,372,138,122,0.877071,-1,-1,-1
00118,1,1158,263,126,111,0.8571147,-1,-1,-1
00118,1,785,422,229,160,0.8406969,-1,-1,-1
00118,1,388,431,312,156,0.7882814,-1,-1,-1
00118,1,1374,261,129,132,0.7293768,-1,-1,-1
00119,1,873,765,467,316,0.99430686,-1,-1,-1
00119,1,1112,379,169,151,0.9895148,-1,-1,-1
00119,1,1309,350,217,245,0.8814846,-1,-1,-1
00119,1,786,423,228,159,0.86389947,-1,-1,-1
00119,1,1158,264,127,115,0.81884545,-1,-1,-1
00119,1,1213,373,140,123,0.81307715,-1,-1,-1
00119,1,387,430,314,158,0.7779794,-1,-1,-1
00119,1,687,430,180,115,0.77183056,-1,-1,-1
00120,1,879,749,464,332,0.9965048,-1,-1,-1
00120,1,1111,366,171,151,0.97492164,-1,-1,-1
00120,1,685,430,201,113,0.94614846,-1,-1,-1
00120,1,941,412,141,133,0.9334363,-1,-1,-1
00120,1,1311,343,209,249,0.9152964,-1,-1,-1
00120,1,786,422,229,162,0.8442896,-1,-1,-1
00120,1,1163,265,124,110,0.7825544,-1,-1,-1
00120,1,390,432,305,155,0.750433,-1,-1,-1
00121,1,1099,376,183,160,0.9829627,-1,-1,-1
00121,1,895,729,445,352,0.9767875,-1,-1,-1
00121,1,683,431,195,111,0.9410778,-1,-1,-1
00121,1,1300,342,220,250,0.92490745,-1,-1,-1
00121,1,940,416,140,129,0.92058975,-1,-1,-1
00121,1,787,422,225,162,0.88495284,-1,-1,-1
00121,1,1162,267,125,110,0.8427255,-1,-1,-1
00121,1,1187,366,150,121,0.7111291,-1,-1,-1
00122,1,899,718,455,363,0.9822322,-1,-1,-1
00122,1,1101,375,182,157,0.95953727,-1,-1,-1
00122,1,1307,345,224,247,0.9538052,-1,-1,-1
00122,1,684,431,197,110,0.9474358,-1,-1,-1
00122,1,1167,268,122,109,0.90984845,-1,-1,-1
00122,1,788,422,225,163,0.8585856,-1,-1,-1
00122,1,393,433,321,151,0.75933313,-1,-1,-1
00123,1,902,696,460,385,0.9836963,-1,-1,-1
00123,1,1310,346,221,243,0.95503944,-1,-1,-1
00123,1,1084,380,189,152,0.95201397,-1,-1,-1
00123,1,684,432,197,109,0.95184696,-1,-1,-1
00123,1,786,421,227,163,0.8635727,-1,-1,-1
00123,1,391,434,313,151,0.8465119,-1,-1,-1
00123,1,1163,268,125,110,0.8352175,-1,-1,-1
00123,1,1386,277,121,108,0.76556134,-1,-1,-1
00124,1,917,667,433,412,0.99522334,-1,-1,-1
00124,1,693,434,175,108,0.938427,-1,-1,-1
00124,1,1082,370,209,161,0.93540204,-1,-1,-1
00124,1,1305,334,219,252,0.9198293,-1,-1,-1
00124,1,786,420,229,166,0.84737384,-1,-1,-1
00124,1,1165,276,125,113,0.8415963,-1,-1,-1
00124,1,395,437,312,154,0.7292765,-1,-1,-1
00124,1,1386,276,120,109,0.71131396,-1,-1,-1
00125,1,928,645,426,420,0.9926171,-1,-1,-1
00125,1,1163,267,121,118,0.98156655,-1,-1,-1
00125,1,693,434,176,107,0.94395584,-1,-1,-1
00125,1,1091,382,184,147,0.93950856,-1,-1,-1
00125,1,792,423,221,159,0.8881121,-1,-1,-1
00125,1,1318,344,213,242,0.8592566,-1,-1,-1
00125,1,1383,276,122,108,0.746018,-1,-1,-1
00125,1,392,433,313,149,0.73508555,-1,-1,-1
00126,1,939,642,422,406,0.99584156,-1,-1,-1
00126,1,1162,268,121,119,0.9876666,-1,-1,-1
00126,1,686,430,199,111,0.95421857,-1,-1,-1
00126,1,1092,385,184,152,0.9336471,-1,-1,-1
00126,1,786,419,231,167,0.8100862,-1,-1,-1
00126,1,392,433,308,152,0.77664524,-1,-1,-1
00127,1,941,617,424,414,0.99727756,-1,-1,-1
00127,1,1327,345,202,234,0.92771584,-1,-1,-1
00127,1,1094,385,175,154,0.9262477,-1,-1,-1
00127,1,1161,270,125,116,0.9210444,-1,-1,-1
00127,1,791,424,222,159,0.8347673,-1,-1,-1
00127,1,697,428,188,111,0.8318333,-1,-1,-1
00127,1,1269,251,105,83,0.73789495,-1,-1,-1
00128,1,954,607,409,401,0.997877,-1,-1,-1
00128,1,1162,272,122,114,0.9547643,-1,-1,-1
00128,1,1084,381,183,158,0.9408719,-1,-1,-1
00128,1,1286,384,108,107,0.82501686,-1,-1,-1
00128,1,784,419,234,166,0.7442767,-1,-1,-1
00129,1,973,600,397,386,0.99663013,-1,-1,-1
00129,1,1162,271,120,117,0.96792686,-1,-1,-1
00129,1,1287,381,105,109,0.8662411,-1,-1,-1
00129,1,1077,377,182,160,0.84082985,-1,-1,-1
00129,1,710,427,181,110,0.7871468,-1,-1,-1
00129,1,793,425,208,160,0.7263902,-1,-1,-1
00130,1,976,590,399,378,0.99632484,-1,-1,-1
00130,1,1160,271,125,115,0.9758017,-1,-1,-1
00130,1,1286,379,109,109,0.962376,-1,-1,-1
00130,1,1079,382,179,162,0.89126456,-1,-1,-1
00130,1,1319,333,211,240,0.80361956,-1,-1,-1
00130,1,793,425,209,161,0.73994637,-1,-1,-1
00131,1,982,577,391,368,0.9965358,-1,-1,-1
00131,1,1282,376,118,116,0.97930896,-1,-1,-1
00131,1,1161,272,125,115,0.9546926,-1,-1,-1
00131,1,1080,384,181,165,0.8974768,-1,-1,-1
00131,1,792,421,223,165,0.8508642,-1,-1,-1
00131,1,910,415,169,137,0.8454028,-1,-1,-1
00132,1,995,567,377,358,0.997531,-1,-1,-1
00132,1,1282,376,119,111,0.9892027,-1,-1,-1
00132,1,1160,273,126,114,0.9355846,-1,-1,-1
00132,1,1080,384,181,162,0.93286246,-1,-1,-1
00132,1,797,423,212,159,0.8811898,-1,-1,-1
00132,1,911,415,164,136,0.8389869,-1,-1,-1
00132,1,703,423,205,113,0.7990126,-1,-1,-1
00133,1,1005,551,380,360,0.9971137,-1,-1,-1
00133,1,1280,378,115,105,0.9779351,-1,-1,-1
00133,1,1774,448,147,145,0.9592965,-1,-1,-1
00133,1,1161,275,126,113,0.9508527,-1,-1,-1
00133,1,1079,387,181,165,0.945593,-1,-1,-1
00133,1,1330,333,199,228,0.77702934,-1,-1,-1
00133,1,792,422,224,161,0.7233191,-1,-1,-1
00134,1,1020,542,366,349,0.9980261,-1,-1,-1
00134,1,1161,277,126,111,0.9751025,-1,-1,-1
00134,1,1281,374,114,108,0.97042334,-1,-1,-1
00134,1,1070,383,187,172,0.9394506,-1,-1,-1
00134,1,1747,444,174,147,0.8490233,-1,-1,-1
00134,1,794,423,214,158,0.79283655,-1,-1,-1
00135,1,1024,535,361,344,0.9972773,-1,-1,-1
00135,1,1281,373,115,107,0.97328305,-1,-1,-1
00135,1,1161,278,126,111,0.96440214,-1,-1,-1
00135,1,1068,385,183,172,0.91993284,-1,-1,-1
00135,1,1716,442,205,149,0.9073098,-1,-1,-1
00135,1,736,433,149,101,0.70692825,-1,-1,-1
00136,1,1027,529,365,328,0.9971437,-1,-1,-1
00136,1,1280,372,119,110,0.9826403,-1,-1,-1
00136,1,1161,280,127,109,0.96530294,-1,-1,-1
00136,1,1682,437,239,156,0.93914074,-1,-1,-1
00136,1,1068,382,185,175,0.9134455,-1,-1,-1
00137,1,1040,518,364,335,0.9971512,-1,-1,-1
00137,1,1650,433,271,162,0.98275304,-1,-1,-1
00137,1,1280,371,119,109,0.97639173,-1,-1,-1
00137,1,1161,281,126,108,0.9663685,-1,-1,-1
00137,1,1063,385,191,175,0.95096684,-1,-1,-1
00138,1,1048,515,360,326,0.99753404,-1,-1,-1
00138,1,1641,429,280,163,0.9859465,-1,-1,-1
00138,1,1280,369,116,109,0.9731635,-1,-1,-1
00138,1,1162,280,127,114,0.965878,-1,-1,-1
00138,1,1056,383,196,185,0.9473552,-1,-1,-1
00139,1,1049,514,362,307,0.99561775,-1,-1,-1
00139,1,1277,365,119,112,0.98848104,-1,-1,-1
00139,1,1609,429,312,170,0.9875871,-1,-1,-1
00139,1,1160,284,127,106,0.93461514,-1,-1,-1
00139,1,1048,383,210,179,0.90354604,-1,-1,-1
00140,1,1062,498,348,322,0.9979354,-1,-1,-1
00140,1,1278,367,123,106,0.99190056,-1,-1,-1
00140,1,1613,427,308,173,0.9778211,-1,-1,-1
00140,1,1159,284,127,108,0.9457674,-1,-1,-1
00140,1,1045,381,213,183,0.922923,-1,-1,-1
00140,1,780,425,251,158,0.7505688,-1,-1,-1
00141,1,1069,500,353,305,0.9974305,-1,-1,-1
00141,1,1276,365,128,108,0.9864493,-1,-1,-1
00141,1,1161,286,126,106,0.9617295,-1,-1,-1
00141,1,1573,419,335,184,0.9125136,-1,-1,-1
00141,1,1047,392,190,173,0.81164277,-1,-1,-1
00142,1,1080,496,338,300,0.99753064,-1,-1,-1
00142,1,1276,365,128,104,0.9886806,-1,-1,-1
00142,1,1161,287,126,106,0.9618194,-1,-1,-1
00142,1,1548,429,357,171,0.95730454,-1,-1,-1
00142,1,1040,393,191,171,0.78302544,-1,-1,-1
00142,1,388,438,305,151,0.71067077,-1,-1,-1
00143,1,1083,489,340,302,0.9971322,-1,-1,-1
00143,1,1500,432,385,170,0.9943093,-1,-1,-1
00143,1,1277,364,126,102,0.9911389,-1,-1,-1
00143,1,1160,287,126,108,0.97068644,-1,-1,-1
00143,1,1031,392,199,173,0.742692,-1,-1,-1
00144,1,1479,434,369,163,0.9958638,-1,-1,-1
00144,1,1090,483,339,298,0.99538654,-1,-1,-1
00144,1,1277,364,127,101,0.990704,-1,-1,-1
00144,1,1158,288,128,108,0.9620366,-1,-1,-1
00144,1,1023,393,200,175,0.81018794,-1,-1,-1
00144,1,411,435,267,158,0.71501464,-1,-1,-1
00145,1,1456,428,365,183,0.9966828,-1,-1,-1
00145,1,1099,483,332,288,0.99554944,-1,-1,-1
00145,1,1276,361,126,103,0.9930108,-1,-1,-1
00145,1,1155,289,132,109,0.9554946,-1,-1,-1
00145,1,1017,396,206,175,0.8413068,-1,-1,-1
00145,1,779,419,241,166,0.78328586,-1,-1,-1
00146,1,1442,422,346,189,0.99645054,-1,-1,-1
00146,1,1107,479,328,284,0.99558264,-1,-1,-1
00146,1,1276,360,121,102,0.97319275,-1,-1,-1
00146,1,1155,290,131,109,0.9587787,-1,-1,-1
00146,1,785,426,215,162,0.83216256,-1,-1,-1
00146,1,1012,388,211,190,0.8080567,-1,-1,-1
00147,1,1116,474,328,282,0.9965061,-1,-1,-1
00147,1,1400,426,363,178,0.9928515,-1,-1,-1
00147,1,1275,358,124,105,0.97646993,-1,-1,-1
00147,1,1153,291,131,109,0.94513786,-1,-1,-1
00147,1,1012,387,219,192,0.7633078,-1,-1,-1
00147,1,787,427,213,160,0.75071937,-1,-1,-1
00148,1,1124,473,319,279,0.99583876,-1,-1,-1
00148,1,1376,432,351,170,0.98767453,-1,-1,-1
00148,1,1275,358,124,103,0.98577,-1,-1,-1
00148,1,789,419,218,172,0.91500795,-1,-1,-1
00148,1,1151,292,133,110,0.9074422,-1,-1,-1
00148,1,994,395,229,177,0.85559714,-1,-1,-1
00148,1,695,397,202,118,0.8420693,-1,-1,-1
00149,1,1394,433,312,168,0.99198335,-1,-1,-1
00149,1,1129,465,319,277,0.9905709,-1,-1,-1
00149,1,1275,356,123,105,0.98997843,-1,-1,-1
00149,1,787,421,225,167,0.96849537,-1,-1,-1
00149,1,1150,292,131,111,0.9374236,-1,-1,-1
00149,1,977,394,231,185,0.83918685,-1,-1,-1
00150,1,1273,354,125,107,0.99404514,-1,-1,-1
00150,1,1138,459,317,278,0.9930722,-1,-1,-1
00150,1,788,428,215,158,0.9756916,-1,-1,-1
00150,1,1379,432,314,168,0.9633854,-1,-1,-1
00150,1,1148,293,133,110,0.9382315,-1,-1,-1
00150,1,981,392,227,183,0.8792966,-1,-1,-1
00150,1,387,433,310,155,0.754164,-1,-1,-1
00151,1,1140,455,316,275,0.99285394,-1,-1,-1
00151,1,1273,353,124,106,0.98606825,-1,-1,-1
00151,1,790,427,214,159,0.97194743,-1,-1,-1
00151,1,1377,429,284,166,0.96058124,-1,-1,-1
00151,1,1149,293,131,111,0.927048,-1,-1,-1
00151,1,972,395,236,175,0.7736973,-1,-1,-1
00151,1,390,429,315,158,0.7322717,-1,-1,-1
00152,1,1151,454,311,268,0.9936212,-1,-1,-1
00152,1,791,427,210,158,0.98001605,-1,-1,-1
00152,1,1274,351,122,108,0.97433794,-1,-1,-1
00152,1,1385,433,252,162,0.94942653,-1,-1,-1
00152,1,974,385,221,203,0.92281777,-1,-1,-1
00152,1,1149,293,129,111,0.9099357,-1,-1,-1
00152,1,1141,414,117,115,0.850676,-1,-1,-1
00152,1,391,430,293,166,0.740977,-1,-1,-1
00153,1,1156,451,311,271,0.99541926,-1,-1,-1
00153,1,793,430,208,154,0.9660786,-1,-1,-1
00153,1,1276,349,120,109,0.95040625,-1,-1,-1
00153,1,960,393,234,193,0.94414985,-1,-1,-1
00153,1,1151,289,122,119,0.89930373,-1,-1,-1
00153,1,1140,413,119,120,0.8936268,-1,-1,-1
00153,1,1382,434,240,157,0.82382816,-1,-1,-1
00153,1,398,431,289,163,0.7999575,-1,-1,-1
00154,1,1160,450,314,264,0.9942669,-1,-1,-1
00154,1,791,430,210,153,0.9714177,-1,-1,-1
00154,1,1150,296,126,111,0.9290471,-1,-1,-1
00154,1,960,394,232,195,0.9278042,-1,-1,-1
00154,1,1140,412,118,120,0.8912063,-1,-1,-1
00154,1,1277,348,118,111,0.86119336,-1,-1,-1
00154,1,651,405,135,115,0.8376647,-1,-1,-1
00154,1,388,431,308,165,0.81042486,-1,-1,-1
00154,1,1377,437,223,153,0.7584024,-1,-1,-1
00155,1,1168,450,309,261,0.99479336,-1,-1,-1
00155,1,793,428,211,161,0.9338996,-1,-1,-1
00155,1,958,391,228,200,0.91529286,-1,-1,-1
00155,1,1143,295,131,113,0.9108233,-1,-1,-1
00155,1,1276,346,118,110,0.89410365,-1,-1,-1
00155,1,406,433,272,157,0.8258719,-1,-1,-1
00155,1,1137,415,136,117,0.82571703,-1,-1,-1
00155,1,1378,437,202,148,0.7741653,-1,-1,-1
00156,1,1173,444,310,264,0.99570775,-1,-1,-1
00156,1,1276,343,118,110,0.92605233,-1,-1,-1
00156,1,954,393,224,192,0.8977897,-1,-1,-1
00156,1,1141,297,133,112,0.8858339,-1,-1,-1
00156,1,790,433,206,150,0.8836652,-1,-1,-1
00156,1,1387,442,177,143,0.8512644,-1,-1,-1
00156,1,389,431,303,164,0.8038553,-1,-1,-1
00156,1,1138,414,122,121,0.713634,-1,-1,-1
00157,1,1179,444,306,259,0.9934215,-1,-1,-1
00157,1,1276,342,119,110,0.91331494,-1,-1,-1
00157,1,1391,445,159,137,0.87099123,-1,-1,-1
00157,1,955,394,226,191,0.8425421,-1,-1,-1
00157,1,1142,299,131,111,0.834428,-1,-1,-1
00157,1,793,432,208,157,0.77352905,-1,-1,-1
00157,1,394,430,291,166,0.7695629,-1,-1,-1
00158,1,1189,445,300,252,0.9939965,-1,-1,-1
00158,1,1274,341,120,107,0.94652456,-1,-1,-1
00158,1,1140,299,131,113,0.888861,-1,-1,-1
00158,1,1132,415,139,124,0.8489628,-1,-1,-1
00158,1,934,397,238,194,0.80749345,-1,-1,-1
00158,1,1389,443,151,135,0.78115535,-1,-1,-1
00159,1,1196,443,299,251,0.995615,-1,-1,-1
00159,1,1273,340,121,107,0.9513556,-1,-1,-1
00159,1,1141,300,128,113,0.86393404,-1,-1,-1
00159,1,932,398,232,196,0.842298,-1,-1,-1
00159,1,1130,414,141,124,0.804323,-1,-1,-1
00160,1,1202,442,299,247,0.99384934,-1,-1,-1
00160,1,1274,337,118,106,0.9659282,-1,-1,-1
00160,1,1144,303,131,120,0.9271974,-1,-1,-1
00160,1,930,399,234,199,0.90817577,-1,-1,-1
00160,1,1124,417,140,120,0.8663991,-1,-1,-1
00161,1,1206,443,299,241,0.98894954,-1,-1,-1
00161,1,1275,332,116,108,0.96747655,-1,-1,-1
00161,1,929,404,226,197,0.96153826,-1,-1,-1
00161,1,1117,419,146,118,0.9129664,-1,-1,-1
00161,1,1141,305,133,121,0.8559093,-1,-1,-1
00162,1,1212,441,294,241,0.98557395,-1,-1,-1
00162,1,1273,332,116,104,0.97124374,-1,-1,-1
00162,1,915,406,230,198,0.9320286,-1,-1,-1
00162,1,1113,416,148,119,0.9058983,-1,-1,-1
00162,1,1142,305,132,122,0.8891647,-1,-1,-1
00162,1,1380,272,132,118,0.7739759,-1,-1,-1
00163,1,1219,438,284,243,0.98471236,-1,-1,-1
00163,1,1274,330,118,102,0.95836365,-1,-1,-1
00163,1,1139,305,135,124,0.91490924,-1,-1,-1
00163,1,908,404,236,200,0.9144327,-1,-1,-1
00163,1,1112,415,141,123,0.8194401,-1,-1,-1
00163,1,784,435,192,154,0.7276659,-1,-1,-1
00164,1,1223,440,282,237,0.9710197,-1,-1,-1
00164,1,1103,410,150,127,0.9435896,-1,-1,-1
00164,1,1274,328,118,102,0.93538785,-1,-1,-1
00164,1,1138,303,138,126,0.9108978,-1,-1,-1
00164,1,903,407,235,204,0.878619,-1,-1,-1
00164,1,391,432,313,156,0.723359,-1,-1,-1
00165,1,1237,441,262,230,0.9849133,-1,-1,-1
00165,1,1274,325,119,106,0.9689361,-1,-1,-1
00165,1,1101,413,151,125,0.94832146,-1,-1,-1
00165,1,1137,307,137,126,0.93263084,-1,-1,-1
00165,1,894,406,240,207,0.86430144,-1,-1,-1
00166,1,1090,409,162,132,0.9874922,-1,-1,-1
00166,1,1235,438,273,232,0.9845351,-1,-1,-1
00166,1,1140,301,133,126,0.9699083,-1,-1,-1
00166,1,1273,325,120,105,0.95555824,-1,-1,-1
00166,1,883,408,253,200,0.7524469,-1,-1,-1
00166,1,1382,283,127,100,0.70791423,-1,-1,-1
00167,1,1241,437,270,230,0.9879198,-1,-1,-1
00167,1,1094,412,165,125,0.97871643,-1,-1,-1
00167,1,1131,304,144,132,0.96361965,-1,-1,-1
00167,1,1273,322,119,105,0.9337198,-1,-1,-1
00167,1,1381,280,131,110,0.785648,-1,-1,-1
00167,1,793,435,174,147,0.7174767,-1,-1,-1
00168,1,1247,431,261,235,0.99110293,-1,-1,-1
00168,1,1094,412,165,124,0.97354376,-1,-1,-1
00168,1,1130,308,141,126,0.9722153,-1,-1,-1
00168,1,1273,318,120,106,0.9138897,-1,-1,-1
00169,1,1252,433,257,225,0.98969406,-1,-1,-1
00169,1,1130,307,140,135,0.98780394,-1,-1,-1
00169,1,1096,407,166,132,0.9779719,-1,-1,-1
00169,1,1268,206,99,96,0.93313175,-1,-1,-1
00169,1,1274,318,119,105,0.9271228,-1,-1,-1
00169,1,404,432,274,159,0.77350545,-1,-1,-1
00170,1,1129,308,143,129,0.9855817,-1,-1,-1
00170,1,1252,430,258,225,0.9814042,-1,-1,-1
00170,1,1099,405,163,136,0.9649604,-1,-1,-1
00170,1,1275,315,117,104,0.86223316,-1,-1,-1
00170,1,1270,209,101,92,0.72525436,-1,-1,-1
00171,1,1130,304,136,132,0.98860836,-1,-1,-1
00171,1,1104,414,156,128,0.97519046,-1,-1,-1
00171,1,1258,429,249,222,0.9730936,-1,-1,-1
00171,1,1274,314,117,103,0.83201987,-1,-1,-1
00172,1,1131,303,134,132,0.98455113,-1,-1,-1
00172,1,1106,414,154,128,0.97166026,-1,-1,-1
00172,1,1265,433,246,217,0.93495196,-1,-1,-1
00172,1,1275,312,114,103,0.85779315,-1,-1,-1
00172,1,811,411,279,209,0.72276235,-1,-1,-1
00173,1,1102,411,158,134,0.99000555,-1,-1,-1
00173,1,1132,304,133,134,0.98751885,-1,-1,-1
00173,1,1268,430,245,219,0.95618606,-1,-1,-1
00173,1,1276,313,113,99,0.90069747,-1,-1,-1
00173,1,1382,282,125,126,0.7274223,-1,-1,-1
00174,1,1101,414,160,131,0.98439205,-1,-1,-1
00174,1,1136,304,130,136,0.9833688,-1,-1,-1
00174,1,1271,434,248,214,0.95853376,-1,-1,-1
00174,1,1280,309,110,98,0.9419528,-1,-1,-1
00174,1,792,409,284,224,0.8579205,-1,-1,-1
00175,1,1135,305,132,137,0.98865205,-1,-1,-1
00175,1,1098,416,163,131,0.9885395,-1,-1,-1
00175,1,1269,433,255,213,0.95826364,-1,-1,-1
00175,1,1275,306,112,101,0.9463756,-1,-1,-1
00175,1,793,405,281,225,0.7587728,-1,-1,-1
00176,1,1096,415,163,133,0.988572,-1,-1,-1
00176,1,1134,312,134,134,0.98653656,-1,-1,-1
00176,1,1272,433,252,213,0.95521855,-1,-1,-1
00176,1,1275,305,112,99,0.88831997,-1,-1,-1
00176,1,785,408,281,227,0.81553644,-1,-1,-1
00177,1,1092,415,166,134,0.98945415,-1,-1,-1
00177,1,1132,306,135,137,0.98508126,-1,-1,-1
00177,1,1278,432,248,210,0.9602621,-1,-1,-1
00177,1,758,408,285,233,0.8797527,-1,-1,-1
00177,1,1277,303,109,97,0.7068894,-1,-1,-1
00178,1,1089,415,168,138,0.9908789,-1,-1,-1
00178,1,1133,315,137,132,0.9875596,-1,-1,-1
00178,1,1284,429,243,210,0.9646783,-1,-1,-1
00178,1,755,406,287,239,0.95069796,-1,-1,-1
00178,1,1280,302,108,97,0.888415,-1,-1,-1
00179,1,1084,415,173,139,0.9928348,-1,-1,-1
00179,1,1135,314,135,133,0.9877939,-1,-1,-1
00179,1,1289,430,239,206,0.971332,-1,-1,-1
00179,1,753,405,290,239,0.96325594,-1,-1,-1
00179,1,1275,303,110,95,0.85839057,-1,-1,-1
00180,1,1088,417,162,135,0.9934035,-1,-1,-1
00180,1,1137,317,134,130,0.9852691,-1,-1,-1
00180,1,1292,430,235,205,0.96430814,-1,-1,-1
00180,1,740,411,282,247,0.9549088,-1,-1,-1
00180,1,1275,300,108,98,0.91375756,-1,-1,-1
00181,1,1133,308,135,137,0.98884404,-1,-1,-1
00181,1,1088,416,162,138,0.98647404,-1,-1,-1
00181,1,1292,424,233,210,0.98055536,-1,-1,-1
00181,1,723,407,312,245,0.9682958,-1,-1,-1
00181,1,1276,298,109,95,0.8657566,-1,-1,-1
00181,1,941,421,133,122,0.81275684,-1,-1,-1
00182,1,1086,419,158,137,0.9917997,-1,-1,-1
00182,1,1132,309,135,137,0.9837331,-1,-1,-1
00182,1,1298,421,225,213,0.98361176,-1,-1,-1
00182,1,708,407,317,244,0.96217763,-1,-1,-1
00182,1,1274,296,109,97,0.8892246,-1,-1,-1
00183,1,1302,420,226,212,0.9854789,-1,-1,-1
00183,1,1079,420,164,134,0.98176354,-1,-1,-1
00183,1,1141,314,121,126,0.97470427,-1,-1,-1
00183,1,710,414,296,250,0.9648139,-1,-1,-1
00183,1,1273,295,110,96,0.9003992,-1,-1,-1
00183,1,1340,347,168,118,0.7495011,-1,-1,-1
00184,1,1083,423,160,136,0.9867335,-1,-1,-1
00184,1,1309,422,224,207,0.9775777,-1,-1,-1
00184,1,695,413,299,254,0.9769544,-1,-1,-1
00184,1,1140,313,121,127,0.9705063,-1,-1,-1
00184,1,1274,294,114,96,0.9151864,-1,-1,-1
00184,1,916,424,163,123,0.8520663,-1,-1,-1
00184,1,1339,347,169,119,0.78984296,-1,-1,-1
00185,1,1080,422,162,137,0.9912839,-1,-1,-1
00185,1,682,409,310,261,0.98022586,-1,-1,-1
00185,1,1308,421,225,207,0.9787667,-1,-1,-1
00185,1,1134,309,132,138,0.9711198,-1,-1,-1
00185,1,1271,291,113,98,0.86441064,-1,-1,-1
00186,1,667,412,305,266,0.98436326,-1,-1,-1
00186,1,1310,421,224,206,0.9841696,-1,-1,-1
00186,1,1077,423,162,136,0.97571635,-1,-1,-1
00186,1,1141,317,120,124,0.92409366,-1,-1,-1
00186,1,1272,291,113,99,0.8633646,-1,-1,-1
00187,1,647,412,301,265,0.97942835,-1,-1,-1
00187,1,1316,420,220,204,0.97149974,-1,-1,-1
00187,1,1077,425,162,134,0.95211333,-1,-1,-1
00187,1,1272,289,112,98,0.92228866,-1,-1,-1
00187,1,1136,321,124,121,0.8734736,-1,-1,-1
00188,1,626,418,319,266,0.9895616,-1,-1,-1
00188,1,1316,418,211,197,0.97451276,-1,-1,-1
00188,1,1068,422,168,140,0.9592146,-1,-1,-1
00188,1,1128,321,133,126,0.88511693,-1,-1,-1
00188,1,1272,287,108,95,0.8166,-1,-1,-1
00189,1,615,419,318,265,0.9810175,-1,-1,-1
00189,1,1132,322,138,127,0.97780484,-1,-1,-1
00189,1,1062,427,178,140,0.95531374,-1,-1,-1
00189,1,1315,419,210,190,0.9357383,-1,-1,-1
00189,1,1273,287,113,96,0.7542528,-1,-1,-1
00190,1,593,413,327,278,0.9885026,-1,-1,-1
00190,1,1057,426,181,142,0.9838315,-1,-1,-1
00190,1,1319,422,220,195,0.97209585,-1,-1,-1
00190,1,1121,316,153,132,0.9583584,-1,-1,-1
00190,1,1273,285,109,96,0.8685364,-1,-1,-1
00191,1,576,417,338,277,0.99209213,-1,-1,-1
00191,1,1322,422,211,190,0.9822589,-1,-1,-1
00191,1,1055,425,183,146,0.98014003,-1,-1,-1
00191,1,1115,316,159,134,0.9670838,-1,-1,-1
00191,1,1273,281,107,96,0.93494165,-1,-1,-1
00191,1,1265,197,105,78,0.71175194,-1,-1,-1
00192,1,552,425,346,280,0.9910091,-1,-1,-1
00192,1,1057,424,177,147,0.9833913,-1,-1,-1
00192,1,1324,424,210,186,0.97950804,-1,-1,-1
00192,1,1107,327,159,135,0.9172821,-1,-1,-1
00192,1,1267,278,108,98,0.9024121,-1,-1,-1
00193,1,549,418,334,284,0.99091035,-1,-1,-1
00193,1,1057,426,173,146,0.9880434,-1,-1,-1
00193,1,1322,424,213,185,0.9807767,-1,-1,-1
00193,1,1115,328,142,128,0.9518196,-1,-1,-1
00193,1,1270,279,111,96,0.8469401,-1,-1,-1
00193,1,1093,199,114,108,0.7361125,-1,-1,-1
00193,1,1265,197,106,74,0.71148324,-1,-1,-1
00194,1,524,419,347,290,0.9925922,-1,-1,-1
00194,1,1324,425,213,180,0.9839373,-1,-1,-1
00194,1,1051,427,176,145,0.95061815,-1,-1,-1
00194,1,1102,331,162,120,0.90522003,-1,-1,-1
00194,1,1269,277,108,93,0.892895,-1,-1,-1
00195,1,499,424,357,294,0.9850419,-1,-1,-1
00195,1,1327,419,214,188,0.9414566,-1,-1,-1
00195,1,1047,427,179,146,0.93794847,-1,-1,-1
00195,1,1095,330,166,125,0.9130778,-1,-1,-1
00195,1,804,420,204,166,0.8309344,-1,-1,-1
00195,1,1269,277,107,92,0.8180544,-1,-1,-1
00195,1,1094,197,116,112,0.7626347,-1,-1,-1
00196,1,483,426,353,293,0.9920946,-1,-1,-1
00196,1,1328,418,208,184,0.9811179,-1,-1,-1
00196,1,1047,423,181,154,0.9476877,-1,-1,-1
00196,1,1097,328,153,122,0.92694455,-1,-1,-1
00196,1,1267,274,107,94,0.8713893,-1,-1,-1
00196,1,797,421,210,164,0.85751414,-1,-1,-1
00197,1,463,429,358,295,0.9894965,-1,-1,-1
00197,1,1334,421,204,183,0.98825186,-1,-1,-1
00197,1,1040,428,183,151,0.9715678,-1,-1,-1
00197,1,1266,270,109,98,0.9043729,-1,-1,-1
00197,1,1096,334,152,127,0.8637458,-1,-1,-1
00197,1,1093,196,116,113,0.82121503,-1,-1,-1
00198,1,440,438,358,294,0.9935143,-1,-1,-1
00198,1,1335,420,206,181,0.9923563,-1,-1,-1
00198,1,1094,333,152,120,0.98021656,-1,-1,-1
00198,1,1039,422,187,155,0.9302969,-1,-1,-1
00198,1,1266,270,108,97,0.9000506,-1,-1,-1
00199,1,412,433,368,304,0.99374044,-1,-1,-1
00199,1,1337,421,208,178,0.9933401,-1,-1,-1
00199,1,1081,329,163,124,0.9703339,-1,-1,-1
00199,1,1019,423,215,157,0.9484581,-1,-1,-1
00199,1,1265,263,109,104,0.9416979,-1,-1,-1
00199,1,1093,196,116,111,0.7148467,-1,-1,-1
00200,1,387,430,374,317,0.99327505,-1,-1,-1
00200,1,1331,410,215,187,0.9866414,-1,-1,-1
00200,1,1087,334,157,120,0.95696527,-1,-1,-1
00200,1,1017,431,199,154,0.93707883,-1,-1,-1
00200,1,1268,264,111,102,0.9279867,-1,-1,-1
00200,1,1092,196,115,112,0.7662558,-1,-1,-1
00201,1,369,433,367,321,0.99491787,-1,-1,-1
00201,1,1342,425,204,172,0.96966624,-1,-1,-1
00201,1,1265,261,114,106,0.9459628,-1,-1,-1
00201,1,1012,431,204,155,0.91951245,-1,-1,-1
00201,1,1123,417,119,120,0.88037896,-1,-1,-1
00201,1,1091,197,115,109,0.87401843,-1,-1,-1
00201,1,1084,340,151,114,0.81506103,-1,-1,-1
00202,1,1340,416,209,175,0.9840625,-1,-1,-1
00202,1,346,440,374,322,0.9824008,-1,-1,-1
00202,1,1266,259,113,105,0.96595496,-1,-1,-1
00202,1,1091,197,116,110,0.920144,-1,-1,-1
00202,1,1007,427,207,157,0.8537218,-1,-1,-1
00202,1,1122,420,124,119,0.8423343,-1,-1,-1
00203,1,316,439,385,330,0.97943395,-1,-1,-1
00203,1,1343,415,206,175,0.9691265,-1,-1,-1
00203,1,1114,421,132,112,0.90677834,-1,-1,-1
00203,1,1005,430,204,156,0.90386367,-1,-1,-1
00203,1,1268,254,113,109,0.894407,-1,-1,-1
00203,1,792,424,228,162,0.7256832,-1,-1,-1
00203,1,1092,201,109,105,0.7107211,-1,-1,-1
00204,1,297,439,377,342,0.98520803,-1,-1,-1
00204,1,1355,417,192,173,0.962577,-1,-1,-1
00204,1,1001,431,206,157,0.94019175,-1,-1,-1
00204,1,1124,420,121,121,0.9366758,-1,-1,-1
00204,1,1089,197,121,109,0.92579865,-1,-1,-1
00204,1,1269,251,111,111,0.9212031,-1,-1,-1
00205,1,1352,412,201,174,0.98562604,-1,-1,-1
00205,1,1126,416,119,125,0.968629,-1,-1,-1
00205,1,268,451,389,335,0.96276104,-1,-1,-1
00205,1,1270,250,108,108,0.9395238,-1,-1,-1
00205,1,1001,437,198,156,0.9111855,-1,-1,-1
00206,1,1356,411,196,174,0.986342,-1,-1,-1
00206,1,1123,416,124,124,0.9590799,-1,-1,-1
00206,1,245,453,405,343,0.95477396,-1,-1,-1
00206,1,1273,250,106,105,0.9458851,-1,-1,-1
00206,1,998,437,198,160,0.896885,-1,-1,-1
00206,1,1088,198,127,108,0.76580095,-1,-1,-1
00207,1,1361,411,191,172,0.98851717,-1,-1,-1
00207,1,1125,416,122,124,0.9736298,-1,-1,-1
00207,1,211,461,406,350,0.9663507,-1,-1,-1
00207,1,992,437,198,159,0.90819484,-1,-1,-1
00207,1,1271,242,108,112,0.86670077,-1,-1,-1
00208,1,181,468,419,364,0.9925142,-1,-1,-1
00208,1,1364,409,186,173,0.98725754,-1,-1,-1
00208,1,1113,415,141,120,0.9809399,-1,-1,-1
00208,1,989,439,198,161,0.94152856,-1,-1,-1
00208,1,1270,247,103,100,0.85301256,-1,-1,-1
00209,1,155,475,416,371,0.9928514,-1,-1,-1
00209,1,1363,409,186,172,0.98896235,-1,-1,-1
00209,1,1121,418,129,124,0.97420925,-1,-1,-1
00209,1,987,434,195,169,0.9647892,-1,-1,-1
00209,1,1276,243,103,108,0.9403181,-1,-1,-1
00209,1,840,819,488,262,0.8785921,-1,-1,-1
00209,1,1262,347,169,151,0.87382233,-1,-1,-1
00209,1,1390,283,128,167,0.73434037,-1,-1,-1
00210,1,122,485,431,370,0.99400854,-1,-1,-1
00210,1,1119,417,134,122,0.98499274,-1,-1,-1
00210,1,1364,410,186,171,0.9817448,-1,-1,-1
00210,1,977,440,201,168,0.96157694,-1,-1,-1
00210,1,869,786,448,295,0.95199037,-1,-1,-1
00210,1,1277,242,103,108,0.9367374,-1,-1,-1
00210,1,1251,335,161,161,0.758474,-1,-1,-1
00211,1,1366,412,186,168,0.9861756,-1,-1,-1
00211,1,92,485,439,376,0.9837964,-1,-1,-1
00211,1,1113,416,142,123,0.97932786,-1,-1,-1
00211,1,967,441,208,168,0.9623343,-1,-1,-1
00211,1,1272,242,104,101,0.9581972,-1,-1,-1
00211,1,869,772,459,309,0.9573267,-1,-1,-1
00211,1,1087,196,130,109,0.7793339,-1,-1,-1
00211,1,1251,334,170,165,0.7657574,-1,-1,-1
00212,1,880,751,454,330,0.9889431,-1,-1,-1
00212,1,1367,404,185,171,0.9870113,-1,-1,-1
00212,1,57,496,445,379,0.98359317,-1,-1,-1
00212,1,964,445,203,168,0.97165054,-1,-1,-1
00212,1,1272,240,104,103,0.970324,-1,-1,-1
00212,1,1105,417,152,127,0.94310737,-1,-1,-1
00212,1,1088,199,127,107,0.9029299,-1,-1,-1
00213,1,20,503,453,390,0.987626,-1,-1,-1
00213,1,1371,406,181,168,0.9851303,-1,-1,-1
00213,1,891,735,463,346,0.98198384,-1,-1,-1
00213,1,957,444,206,169,0.9726021,-1,-1,-1
00213,1,1271,241,104,102,0.95714587,-1,-1,-1
00213,1,1102,417,155,129,0.93808,-1,-1,-1
00213,1,1089,196,127,110,0.8759985,-1,-1,-1
00214,1,912,717,447,361,0.9941263,-1,-1,-1
00214,1,0,517,449,401,0.98718554,-1,-1,-1
00214,1,1366,403,179,166,0.9825994,-1,-1,-1
00214,1,1271,241,103,102,0.93499595,-1,-1,-1
00214,1,1098,416,158,129,0.9214899,-1,-1,-1
00214,1,1089,196,124,109,0.91076803,-1,-1,-1
00214,1,953,451,199,161,0.9095426,-1,-1,-1
00214,1,1189,207,89,83,0.90273035,-1,-1,-1
00214,1,1203,327,190,172,0.87711835,-1,-1,-1
00214,1,1269,189,96,69,0.7515366,-1,-1,-1
00215,1,918,688,433,380,0.99556196,-1,-1,-1
00215,1,1370,399,174,170,0.98428106,-1,-1,-1
00215,1,0,527,423,411,0.97931504,-1,-1,-1
00215,1,1093,413,165,133,0.9521194,-1,-1,-1
00215,1,1272,240,102,100,0.9282966,-1,-1,-1
00215,1,940,448,214,169,0.92547363,-1,-1,-1
00215,1,1088,196,129,108,0.8269002,-1,-1,-1
00215,1,1190,325,188,172,0.7832339,-1,-1,-1
00216,1,930,674,424,367,0.9961481,-1,-1,-1
00216,1,1373,404,175,169,0.9867306,-1,-1,-1
00216,1,0,535,400,420,0.96469724,-1,-1,-1
00216,1,939,442,205,174,0.9453107,-1,-1,-1
00216,1,1273,240,100,96,0.930278,-1,-1,-1
00216,1,1091,415,168,130,0.91352713,-1,-1,-1
00216,1,1187,204,91,87,0.9132003,-1,-1,-1
00216,1,1383,273,131,179,0.8206463,-1,-1,-1
00216,1,1169,332,203,165,0.7515412,-1,-1,-1
00216,1,393,428,300,168,0.7109672,-1,-1,-1
00217,1,957,662,409,357,0.9950303,-1,-1,-1
00217,1,1377,401,169,174,0.98234737,-1,-1,-1
00217,1,0,553,378,414,0.9514081,-1,-1,-1
00217,1,1273,239,101,94,0.94973314,-1,-1,-1
00217,1,931,441,207,175,0.93607783,-1,-1,-1
00217,1,1190,210,89,80,0.9180352,-1,-1,-1
00217,1,1091,196,127,107,0.8700486,-1,-1,-1
00217,1,1154,318,201,183,0.86350006,-1,-1,-1
00217,1,1091,415,170,130,0.8420473,-1,-1,-1
00217,1,1386,294,134,170,0.75212586,-1,-1,-1
00218,1,963,646,416,348,0.99488056,-1,-1,-1
00218,1,1379,398,166,178,0.9826387,-1,-1,-1
00218,1,0,564,350,416,0.9630021,-1,-1,-1
00218,1,1273,243,103,85,0.95464784,-1,-1,-1
00218,1,1089,196,129,108,0.9202468,-1,-1,-1
00218,1,1124,320,219,186,0.90525293,-1,-1,-1
00218,1,1186,212,92,80,0.9031287,-1,-1,-1
00218,1,924,447,213,178,0.90189904,-1,-1,-1
00218,1,1092,417,168,127,0.77924687,-1,-1,-1
00219,1,983,631,409,346,0.9970059,-1,-1,-1
00219,1,1376,396,171,178,0.98594934,-1,-1,-1
00219,1,1088,198,127,104,0.96263397,-1,-1,-1
00219,1,1185,212,91,82,0.9609815,-1,-1,-1
00219,1,1273,241,102,86,0.95925456,-1,-1,-1
00219,1,910,450,233,174,0.94903576,-1,-1,-1
00219,1,0,599,320,405,0.9326628,-1,-1,-1
00219,1,1092,417,169,126,0.73073614,-1,-1,-1
00219,1,1133,324,205,174,0.70787054,-1,-1,-1
00220,1,1004,623,399,327,0.9948496,-1,-1,-1
00220,1,1375,395,172,179,0.9774433,-1,-1,-1
00220,1,1089,197,126,106,0.9673623,-1,-1,-1
00220,1,1274,241,100,84,0.96689254,-1,-1,-1
00220,1,1181,209,96,90,0.94578576,-1,-1,-1
00220,1,902,452,226,174,0.9259577,-1,-1,-1
00220,1,0,616,284,408,0.89110667,-1,-1,-1
00220,1,1092,416,173,131,0.7225926,-1,-1,-1
00221,1,1023,606,393,325,0.99796885,-1,-1,-1
00221,1,1372,394,173,174,0.9906673,-1,-1,-1
00221,1,1090,198,123,104,0.9648243,-1,-1,-1
00221,1,896,451,230,179,0.9570185,-1,-1,-1
00221,1,1274,240,103,83,0.95409507,-1,-1,-1
00221,1,1181,213,95,85,0.9479067,-1,-1,-1
00221,1,0,629,257,424,0.90671724,-1,-1,-1
00222,1,1029,601,384,303,0.996163,-1,-1,-1
00222,1,1374,395,170,172,0.98578274,-1,-1,-1
00222,1,1088,198,125,105,0.9752076,-1,-1,-1
00222,1,1274,238,104,84,0.9602097,-1,-1,-1
00222,1,886,456,234,174,0.9499223,-1,-1,-1
00222,1,1181,215,95,82,0.9196067,-1,-1,-1
00223,1,1043,585,375,312,0.9970355,-1,-1,-1
00223,1,1376,395,169,168,0.9802648,-1,-1,-1
00223,1,1086,197,128,106,0.9792459,-1,-1,-1
00223,1,1092,400,169,142,0.93006164,-1,-1,-1
00223,1,1275,235,100,87,0.9145394,-1,-1,-1
00223,1,880,449,232,179,0.82570577,-1,-1,-1
00223,1,1175,213,101,86,0.82117707,-1,-1,-1
00224,1,1051,573,373,301,0.99675035,-1,-1,-1
00224,1,1379,399,163,164,0.9772864,-1,-1,-1
00224,1,1086,196,132,106,0.9587775,-1,-1,-1
00224,1,1276,236,96,82,0.9356072,-1,-1,-1
00224,1,1173,215,99,83,0.92767644,-1,-1,-1
00224,1,864,455,240,183,0.72789156,-1,-1,-1
00225,1,1068,564,363,295,0.99524444,-1,-1,-1
00225,1,1380,398,164,162,0.97677076,-1,-1,-1
00225,1,1276,235,96,80,0.8927575,-1,-1,-1
00225,1,1085,197,140,107,0.86996955,-1,-1,-1
00225,1,1173,218,98,81,0.83550483,-1,-1,-1
00225,1,1384,277,131,174,0.76208603,-1,-1,-1
00225,1,1064,265,105,95,0.7475829,-1,-1,-1
00226,1,1073,558,364,293,0.9940369,-1,-1,-1
00226,1,1383,398,165,160,0.96743536,-1,-1,-1
00226,1,1275,235,99,79,0.8940844,-1,-1,-1
00226,1,1385,277,131,177,0.7482731,-1,-1,-1
00226,1,1084,196,140,108,0.7098676,-1,-1,-1
00227,1,1087,549,354,282,0.9925724,-1,-1,-1
00227,1,1382,399,166,157,0.96634054,-1,-1,-1
00227,1,1276,234,98,77,0.89671105,-1,-1,-1
00227,1,1064,270,106,90,0.8108211,-1,-1,-1
00227,1,1384,276,131,178,0.74887633,-1,-1,-1
00227,1,1096,397,171,157,0.7116497,-1,-1,-1
00228,1,1097,542,353,278,0.99166626,-1,-1,-1
00228,1,1384,398,164,157,0.96075034,-1,-1,-1
00228,1,1275,232,99,78,0.88381785,-1,-1,-1
00228,1,1384,277,131,176,0.73059386,-1,-1,-1
00229,1,1108,532,343,276,0.99044245,-1,-1,-1
00229,1,1381,398,165,157,0.94832706,-1,-1,-1
00229,1,1276,231,97,77,0.8257741,-1,-1,-1
00230,1,1120,523,339,272,0.98705053,-1,-1,-1
00230,1,1381,396,169,161,0.98437655,-1,-1,-1
00230,1,1276,231,98,74,0.82978725,-1,-1,-1
00230,1,1082,351,179,137,0.72279984,-1,-1,-1
00231,1,1125,520,342,269,0.98564917,-1,-1,-1
00231,1,1385,392,168,167,0.9684387,-1,-1,-1
00231,1,910,418,157,125,0.80651814,-1,-1,-1
00231,1,1093,407,170,157,0.7318203,-1,-1,-1
00231,1,1276,229,98,76,0.7107433,-1,-1,-1
00232,1,1135,518,339,258,0.9831843,-1,-1,-1
00232,1,1386,393,165,161,0.9392478,-1,-1,-1
00233,1,1146,510,334,255,0.98894554,-1,-1,-1
00233,1,1388,399,160,155,0.89424294,-1,-1,-1
00233,1,782,445,257,212,0.8434969,-1,-1,-1
00233,1,1276,226,97,79,0.79381144,-1,-1,-1
00233,1,1158,227,102,75,0.71031755,-1,-1,-1
00234,1,1150,505,334,259,0.98689795,-1,-1,-1
00234,1,769,450,262,214,0.9627494,-1,-1,-1
00234,1,1386,393,166,160,0.93927544,-1,-1,-1
00234,1,1275,226,98,78,0.8130913,-1,-1,-1
00234,1,1112,365,153,122,0.7737462,-1,-1,-1
00234,1,1158,227,100,76,0.70406383,-1,-1,-1
00235,1,1158,498,329,259,0.98428464,-1,-1,-1
00235,1,747,463,265,207,0.90420306,-1,-1,-1
00235,1,1271,223,104,82,0.7273816,-1,-1,-1
00236,1,1170,496,324,250,0.98209,-1,-1,-1
00236,1,743,453,271,219,0.9792452,-1,-1,-1
00236,1,1084,424,173,144,0.7275855,-1,-1,-1
00236,1,1384,397,164,151,0.72149146,-1,-1,-1
00237,1,1181,497,312,233,0.9731704,-1,-1,-1
00237,1,730,463,271,217,0.90621555,-1,-1,-1
00237,1,1087,420,173,147,0.717149,-1,-1,-1
00237,1,373,425,331,169,0.70417535,-1,-1,-1
00237,1,1383,396,163,148,0.70313776,-1,-1,-1
00238,1,1182,488,322,243,0.98510265,-1,-1,-1
00238,1,721,462,264,223,0.90970767,-1,-1,-1
00238,1,1384,395,169,147,0.89151824,-1,-1,-1
00238,1,1085,423,170,148,0.84319514,-1,-1,-1
00238,1,402,433,285,163,0.73418987,-1,-1,-1
00239,1,1187,485,318,240,0.9858117,-1,-1,-1
00239,1,706,462,287,217,0.96261984,-1,-1,-1
00239,1,1083,423,173,147,0.745335,-1,-1,-1
00240,1,1197,480,309,242,0.98236173,-1,-1,-1
00240,1,692,456,275,234,0.96158403,-1,-1,-1
00240,1,1081,422,176,148,0.8641446,-1,-1,-1
00241,1,1204,471,306,241,0.9713371,-1,-1,-1
00241,1,670,469,291,230,0.9608865,-1,-1,-1
00241,1,1080,422,177,147,0.84004873,-1,-1,-1
00242,1,1214,472,294,236,0.9756958,-1,-1,-1
00242,1,647,468,309,230,0.9702389,-1,-1,-1
00242,1,1074,427,177,146,0.77797467,-1,-1,-1
00243,1,646,470,284,234,0.9728937,-1,-1,-1
00243,1,1221,470,288,234,0.97095597,-1,-1,-1
00243,1,1067,428,179,145,0.7841573,-1,-1,-1
00243,1,1159,238,100,80,0.7325621,-1,-1,-1
00244,1,1227,470,288,230,0.9740553,-1,-1,-1
00244,1,628,475,284,237,0.9569036,-1,-1,-1
00244,1,1059,428,190,150,0.8931342,-1,-1,-1
00245,1,1238,462,276,232,0.9800946,-1,-1,-1
00245,1,605,480,301,233,0.9635314,-1,-1,-1
00245,1,1055,427,193,153,0.8598791,-1,-1,-1
00246,1,581,480,311,240,0.9832665,-1,-1,-1
00246,1,1242,463,281,228,0.9627851,-1,-1,-1
00246,1,1051,428,197,155,0.8606429,-1,-1,-1
00247,1,566,485,310,239,0.9831806,-1,-1,-1
00247,1,1248,464,279,223,0.9583377,-1,-1,-1
00247,1,1047,427,192,153,0.8325942,-1,-1,-1
00247,1,1317,392,124,111,0.82521456,-1,-1,-1
00248,1,548,487,315,241,0.97953206,-1,-1,-1
00248,1,1260,446,269,230,0.95378816,-1,-1,-1
00248,1,1314,386,120,113,0.87192184,-1,-1,-1
00248,1,1044,430,191,152,0.8634759,-1,-1,-1
00249,1,1271,463,257,216,0.9834992,-1,-1,-1
00249,1,529,490,316,246,0.98277134,-1,-1,-1
00249,1,1299,389,130,108,0.96143436,-1,-1,-1
00249,1,1037,424,203,161,0.90513396,-1,-1,-1
00249,1,1156,244,109,79,0.7982084,-1,-1,-1
00250,1,504,490,332,252,0.9901938,-1,-1,-1
00250,1,1276,459,257,219,0.9802563,-1,-1,-1
00250,1,1027,434,210,155,0.8853078,-1,-1,-1
00250,1,1156,244,108,82,0.83053833,-1,-1,-1
00250,1,1292,391,141,110,0.7873225,-1,-1,-1
00251,1,485,492,329,255,0.9808054,-1,-1,-1
00251,1,1025,423,212,166,0.9455676,-1,-1,-1
00251,1,1284,455,250,215,0.9174994,-1,-1,-1
00251,1,1160,245,102,82,0.8977586,-1,-1,-1
00251,1,1277,385,154,115,0.8018602,-1,-1,-1
00252,1,469,492,326,261,0.972572,-1,-1,-1
00252,1,1284,461,248,207,0.9699416,-1,-1,-1
00252,1,1016,439,208,156,0.9598872,-1,-1,-1
00252,1,1161,247,102,81,0.9149431,-1,-1,-1
00252,1,1265,383,155,116,0.9030914,-1,-1,-1
00253,1,445,495,334,268,0.97572744,-1,-1,-1
00253,1,1012,440,210,158,0.95382464,-1,-1,-1
00253,1,1161,246,99,85,0.94859964,-1,-1,-1
00253,1,1288,463,251,205,0.9240462,-1,-1,-1
00253,1,1253,385,157,111,0.871939,-1,-1,-1
00254,1,1292,462,244,203,0.9822108,-1,-1,-1
00254,1,1009,441,208,160,0.9555424,-1,-1,-1
00254,1,423,499,336,271,0.9341003,-1,-1,-1
00254,1,1162,248,99,84,0.93385196,-1,-1,-1
00254,1,1236,381,169,115,0.9267608,-1,-1,-1
00254,1,1120,385,152,140,0.7731537,-1,-1,-1
00255,1,1297,462,246,200,0.97770953,-1,-1,-1
00255,1,398,505,348,272,0.96713537,-1,-1,-1
00255,1,1007,430,212,168,0.9578675,-1,-1,-1
00255,1,1227,378,154,116,0.9421835,-1,-1,-1
00255,1,1161,249,101,84,0.94180596,-1,-1,-1
00255,1,1121,384,149,145,0.7335326,-1,-1,-1
00256,1,1304,458,238,200,0.9853505,-1,-1,-1
00256,1,1001,440,214,165,0.9743413,-1,-1,-1
00256,1,1222,380,144,116,0.97082114,-1,-1,-1
00256,1,1161,248,102,86,0.95252496,-1,-1,-1
00256,1,1125,382,143,151,0.82604164,-1,-1,-1
00256,1,373,515,340,272,0.7649894,-1,-1,-1
00257,1,992,437,222,171,0.9815005,-1,-1,-1
00257,1,1162,247,102,88,0.98000777,-1,-1,-1
00257,1,1317,453,232,199,0.94363433,-1,-1,-1
00257,1,1211,382,135,115,0.82512,-1,-1,-1
00257,1,1122,385,143,143,0.823617,-1,-1,-1
00257,1,351,515,355,281,0.79596716,-1,-1,-1
00258,1,1163,247,102,89,0.9868775,-1,-1,-1
00258,1,1001,442,198,163,0.97696155,-1,-1,-1
00258,1,1314,455,242,200,0.879256,-1,-1,-1
00258,1,1119,380,150,154,0.8325215,-1,-1,-1
00258,1,326,520,354,280,0.73162276,-1,-1,-1
00259,1,1162,248,103,88,0.9855158,-1,-1,-1
00259,1,993,439,201,171,0.968977,-1,-1,-1
00259,1,1319,457,239,195,0.8820822,-1,-1,-1
00259,1,295,533,350,278,0.7206838,-1,-1,-1
00259,1,1118,376,175,133,0.7170949,-1,-1,-1
00260,1,1163,248,103,90,0.976768,-1,-1,-1
00260,1,979,445,210,167,0.9733887,-1,-1,-1
00260,1,266,540,352,286,0.9131554,-1,-1,-1
00260,1,1330,450,230,198,0.90462613,-1,-1,-1
00260,1,1119,384,162,135,0.89205664,-1,-1,-1
