00001,1,569,226,175,131,0.9160035,-1,-1,-1
00001,1,0,1326,704,595,0.7826765,-1,-1,-1
00002,1,568,227,174,130,0.91555053,-1,-1,-1
00002,1,0,1331,1041,547,0.79888713,-1,-1,-1
00002,1,662,166,194,139,0.770598,-1,-1,-1
00003,1,568,227,174,131,0.9097866,-1,-1,-1
00003,1,227,1292,1267,629,0.8855231,-1,-1,-1
00003,1,698,158,162,139,0.70110065,-1,-1,-1
00004,1,700,1247,1243,616,0.9771005,-1,-1,-1
00004,1,567,229,175,129,0.9198756,-1,-1,-1
00004,1,657,165,206,140,0.8268541,-1,-1,-1
00005,1,567,229,175,129,0.92200714,-1,-1,-1
00005,1,1055,1250,1279,671,0.9009874,-1,-1,-1
00005,1,696,158,165,139,0.72960943,-1,-1,-1
00006,1,1481,1200,1080,721,0.9719105,-1,-1,-1
00006,1,567,229,175,129,0.9180527,-1,-1,-1
00006,1,695,158,166,139,0.7388112,-1,-1,-1
00007,1,1884,1231,677,690,0.959864,-1,-1,-1
00007,1,567,229,175,129,0.9279681,-1,-1,-1
00007,1,659,165,203,139,0.84878,-1,-1,-1
00008,1,568,227,175,131,0.9211589,-1,-1,-1
00008,1,667,168,190,137,0.80065715,-1,-1,-1
00009,1,568,227,175,131,0.91137964,-1,-1,-1
00009,1,695,158,164,140,0.7706337,-1,-1,-1
00010,1,567,230,175,128,0.9200784,-1,-1,-1
00010,1,695,159,165,138,0.78278285,-1,-1,-1
00011,1,568,230,174,129,0.9290736,-1,-1,-1
00011,1,696,160,162,139,0.7946448,-1,-1,-1
00012,1,568,230,174,129,0.92707986,-1,-1,-1
00012,1,696,160,162,139,0.8002308,-1,-1,-1
00013,1,568,229,174,130,0.9175137,-1,-1,-1
00013,1,697,159,162,139,0.8273705,-1,-1,-1
00014,1,568,228,175,131,0.9036766,-1,-1,-1
00014,1,696,160,162,138,0.8097129,-1,-1,-1
00015,1,567,229,175,130,0.91109556,-1,-1,-1
00015,1,697,158,162,140,0.7031034,-1,-1,-1
00016,1,567,229,174,130,0.9047717,-1,-1,-1
00016,1,697,158,162,140,0.726778,-1,-1,-1
00017,1,567,228,175,132,0.8992239,-1,-1,-1
00018,1,567,229,176,131,0.9004198,-1,-1,-1
00018,1,697,160,162,139,0.8230897,-1,-1,-1
00019,1,567,228,176,131,0.9039627,-1,-1,-1
00019,1,697,159,162,139,0.79121286,-1,-1,-1
00020,1,567,229,175,130,0.89488333,-1,-1,-1
00020,1,698,159,162,138,0.730135,-1,-1,-1
00021,1,567,228,175,130,0.89795023,-1,-1,-1
00021,1,697,158,163,139,0.80266494,-1,-1,-1
00022,1,567,228,176,130,0.89402336,-1,-1,-1
00022,1,696,158,165,139,0.8240142,-1,-1,-1
00023,1,567,228,175,130,0.88916224,-1,-1,-1
00023,1,697,159,163,139,0.83163965,-1,-1,-1
00024,1,567,228,176,130,0.89011663,-1,-1,-1
00024,1,696,160,162,138,0.8569436,-1,-1,-1
00025,1,567,229,175,130,0.9008747,-1,-1,-1
00025,1,698,160,151,138,0.8557323,-1,-1,-1
00026,1,567,227,176,132,0.90445966,-1,-1,-1
00026,1,698,160,151,137,0.8489239,-1,-1,-1
00027,1,568,228,175,131,0.9055432,-1,-1,-1
00027,1,696,158,165,138,0.82558906,-1,-1,-1
00028,1,567,228,176,130,0.9213117,-1,-1,-1
00029,1,567,228,176,131,0.92271286,-1,-1,-1
00030,1,567,228,176,130,0.8781549,-1,-1,-1
00031,1,567,229,176,129,0.8810373,-1,-1,-1
00031,1,694,158,168,139,0.827768,-1,-1,-1
00032,1,567,229,176,130,0.89064866,-1,-1,-1
00032,1,695,159,166,139,0.8092363,-1,-1,-1
00033,1,567,229,175,130,0.8928755,-1,-1,-1
00033,1,695,159,166,139,0.80800635,-1,-1,-1
00034,1,567,226,177,133,0.9072107,-1,-1,-1
00035,1,567,225,178,133,0.9116106,-1,-1,-1
00035,1,661,166,198,139,0.80924666,-1,-1,-1
00036,1,567,224,178,134,0.9068036,-1,-1,-1
00036,1,660,165,200,140,0.7927789,-1,-1,-1
00037,1,567,227,176,132,0.85765684,-1,-1,-1
00037,1,692,157,169,140,0.775299,-1,-1,-1
00038,1,567,228,176,131,0.8782501,-1,-1,-1
00038,1,694,159,166,139,0.7706362,-1,-1,-1
00039,1,567,228,176,131,0.8706104,-1,-1,-1
00039,1,694,159,165,139,0.790794,-1,-1,-1
00040,1,567,228,176,131,0.87232494,-1,-1,-1
00040,1,693,159,167,139,0.7940525,-1,-1,-1
00041,1,567,224,179,134,0.88732237,-1,-1,-1
00042,1,567,225,178,134,0.8978983,-1,-1,-1
00043,1,567,224,179,134,0.8849481,-1,-1,-1
00044,1,567,225,178,134,0.8713848,-1,-1,-1
00044,1,694,156,168,140,0.7109079,-1,-1,-1
00045,1,567,227,176,132,0.8838387,-1,-1,-1
00045,1,694,157,167,140,0.7230075,-1,-1,-1
00046,1,567,227,176,132,0.8818608,-1,-1,-1
00047,1,567,226,177,133,0.8955004,-1,-1,-1
00048,1,567,225,178,134,0.90268844,-1,-1,-1
00048,1,655,163,208,141,0.8024937,-1,-1,-1
00049,1,567,225,178,133,0.8933071,-1,-1,-1
00049,1,650,163,215,140,0.8771812,-1,-1,-1
00050,1,656,164,207,139,0.90442854,-1,-1,-1
00050,1,567,225,178,134,0.8863132,-1,-1,-1
00051,1,566,226,178,133,0.88715935,-1,-1,-1
00051,1,695,157,166,140,0.75490177,-1,-1,-1
00052,1,566,228,178,131,0.8841262,-1,-1,-1
00052,1,695,157,166,140,0.75587684,-1,-1,-1
00053,1,566,227,178,132,0.8693456,-1,-1,-1
00053,1,694,157,168,140,0.7570625,-1,-1,-1
00054,1,567,225,178,135,0.8697675,-1,-1,-1
00054,1,659,165,203,140,0.81974596,-1,-1,-1
00055,1,567,225,178,135,0.88480985,-1,-1,-1
00055,1,664,167,194,138,0.8273649,-1,-1,-1
00056,1,567,225,178,134,0.8898446,-1,-1,-1
00056,1,663,167,196,137,0.8511629,-1,-1,-1
00057,1,567,226,177,134,0.8848982,-1,-1,-1
00058,1,566,228,177,132,0.89312667,-1,-1,-1
00059,1,566,228,177,132,0.88383704,-1,-1,-1
00060,1,566,228,178,132,0.8881294,-1,-1,-1
00061,1,566,226,178,133,0.87053263,-1,-1,-1
00061,1,695,156,166,141,0.7051284,-1,-1,-1
00062,1,650,164,215,139,0.88823164,-1,-1,-1
00062,1,566,226,178,133,0.8828622,-1,-1,-1
00063,1,566,227,178,132,0.87788343,-1,-1,-1
00063,1,648,163,218,140,0.86085725,-1,-1,-1
00064,1,567,227,177,132,0.8752899,-1,-1,-1
00065,1,566,229,177,131,0.88877124,-1,-1,-1
00066,1,567,229,176,131,0.8732871,-1,-1,-1
00066,1,694,158,166,140,0.72232753,-1,-1,-1
00067,1,567,226,177,134,0.8675779,-1,-1,-1
00067,1,666,167,193,138,0.81695026,-1,-1,-1
00068,1,567,226,177,133,0.8834137,-1,-1,-1
00068,1,664,167,193,137,0.8465217,-1,-1,-1
00069,1,567,228,176,131,0.8986269,-1,-1,-1
00069,1,666,166,192,137,0.8775287,-1,-1,-1
00070,1,662,165,198,138,0.90236115,-1,-1,-1
00070,1,567,228,177,131,0.8888751,-1,-1,-1
00071,1,567,227,177,132,0.8776218,-1,-1,-1
00071,1,694,158,167,140,0.7480588,-1,-1,-1
00072,1,567,228,176,131,0.8774501,-1,-1,-1
00072,1,693,158,167,140,0.7175526,-1,-1,-1
00073,1,566,226,177,133,0.86538076,-1,-1,-1
00073,1,694,158,167,140,0.7077519,-1,-1,-1
00074,1,567,227,176,132,0.86648864,-1,-1,-1
00074,1,694,158,166,140,0.7553269,-1,-1,-1
00075,1,566,225,178,134,0.89714307,-1,-1,-1
00075,1,654,164,209,140,0.87125015,-1,-1,-1
00076,1,566,225,179,134,0.89180607,-1,-1,-1
00076,1,658,164,204,140,0.8796625,-1,-1,-1
00077,1,566,224,179,135,0.88060075,-1,-1,-1
00077,1,661,165,201,139,0.8774165,-1,-1,-1
00078,1,558,233,189,126,0.88400525,-1,-1,-1
00078,1,695,158,164,139,0.7066774,-1,-1,-1
00079,1,567,230,175,129,0.8935378,-1,-1,-1
00079,1,696,158,165,140,0.73314035,-1,-1,-1
00080,1,568,229,174,131,0.8935442,-1,-1,-1
00080,1,696,158,164,140,0.71137637,-1,-1,-1
00081,1,567,228,175,131,0.9087656,-1,-1,-1
00081,1,696,156,165,141,0.7542848,-1,-1,-1
00082,1,567,229,174,131,0.9202364,-1,-1,-1
00082,1,613,1210,1602,625,0.75452274,-1,-1,-1
00083,1,568,229,174,130,0.9226126,-1,-1,-1
00084,1,567,229,176,130,0.91330594,-1,-1,-1
00084,1,1376,1271,1185,650,0.752116,-1,-1,-1
00085,1,1755,1267,806,654,0.91770446,-1,-1,-1
00085,1,567,230,175,130,0.8958754,-1,-1,-1
00085,1,697,159,162,139,0.7612969,-1,-1,-1
00086,1,567,229,176,131,0.89148396,-1,-1,-1
00086,1,696,159,162,139,0.7597949,-1,-1,-1
00087,1,567,230,175,130,0.8969116,-1,-1,-1
00087,1,696,160,162,138,0.7630623,-1,-1,-1
00088,1,567,228,176,131,0.9124717,-1,-1,-1
00089,1,568,231,173,128,0.93385017,-1,-1,-1
00090,1,568,231,173,128,0.93636525,-1,-1,-1
00091,1,568,230,173,129,0.9196609,-1,-1,-1
00092,1,568,229,174,130,0.91539675,-1,-1,-1
00093,1,568,230,174,129,0.9211171,-1,-1,-1
00094,1,568,228,175,131,0.9094326,-1,-1,-1
00095,1,568,227,176,132,0.91915816,-1,-1,-1
00096,1,698,163,148,137,0.9241243,-1,-1,-1
00096,1,568,228,175,131,0.92034936,-1,-1,-1
00097,1,700,163,147,138,0.9314794,-1,-1,-1
00097,1,568,229,175,130,0.912083,-1,-1,-1
00098,1,699,162,149,140,0.9398594,-1,-1,-1
00098,1,568,230,174,129,0.9043785,-1,-1,-1
00099,1,697,160,152,141,0.95348614,-1,-1,-1
00099,1,567,230,175,129,0.88639647,-1,-1,-1
00100,1,697,158,153,143,0.95118856,-1,-1,-1
00100,1,567,229,174,130,0.8891709,-1,-1,-1
00101,1,698,158,152,143,0.9416341,-1,-1,-1
00101,1,567,228,175,130,0.8977174,-1,-1,-1
00102,1,698,157,153,145,0.92280596,-1,-1,-1
00102,1,567,228,174,131,0.90670747,-1,-1,-1
00103,1,567,229,174,130,0.9081278,-1,-1,-1
00104,1,567,228,174,131,0.89249635,-1,-1,-1
00105,1,567,228,175,131,0.88119334,-1,-1,-1
00105,1,697,159,164,140,0.8025179,-1,-1,-1
00106,1,567,228,175,131,0.878686,-1,-1,-1
00106,1,699,159,163,139,0.7752824,-1,-1,-1
00107,1,567,228,175,131,0.8761893,-1,-1,-1
00108,1,567,227,175,132,0.8962694,-1,-1,-1
00108,1,700,154,165,142,0.7214703,-1,-1,-1
00109,1,567,227,176,132,0.89204764,-1,-1,-1
00109,1,700,151,167,145,0.7049006,-1,-1,-1
00110,1,567,227,175,132,0.88039327,-1,-1,-1
00111,1,567,228,175,131,0.8802256,-1,-1,-1
00111,1,700,154,166,144,0.7976136,-1,-1,-1
00112,1,567,229,175,130,0.8938721,-1,-1,-1
00112,1,701,154,165,143,0.811855,-1,-1,-1
00113,1,567,229,175,130,0.89308983,-1,-1,-1
00113,1,701,154,164,144,0.81387055,-1,-1,-1
00114,1,559,235,187,124,0.88220394,-1,-1,-1
00114,1,701,157,161,141,0.8190844,-1,-1,-1
00115,1,567,228,175,132,0.9048492,-1,-1,-1
00115,1,699,157,163,142,0.8333026,-1,-1,-1
00116,1,567,229,175,131,0.905797,-1,-1,-1
00116,1,699,157,162,142,0.805567,-1,-1,-1
00117,1,567,229,175,131,0.90957665,-1,-1,-1
00117,1,700,156,160,144,0.82504636,-1,-1,-1
00118,1,567,230,175,130,0.9070254,-1,-1,-1
00118,1,700,157,160,142,0.7705311,-1,-1,-1
00119,1,568,229,174,130,0.91041327,-1,-1,-1
00120,1,568,228,175,131,0.9111426,-1,-1,-1
00120,1,700,157,158,142,0.7860069,-1,-1,-1
00121,1,567,227,176,132,0.9057272,-1,-1,-1
00121,1,700,157,158,141,0.7283661,-1,-1,-1
00122,1,559,234,188,124,0.90516776,-1,-1,-1
00122,1,701,157,157,141,0.73202896,-1,-1,-1
00123,1,559,235,188,123,0.9069602,-1,-1,-1
00123,1,700,157,159,141,0.7995837,-1,-1,-1
00124,1,559,235,187,124,0.90417576,-1,-1,-1
00124,1,699,157,162,141,0.85399514,-1,-1,-1
00125,1,559,235,187,124,0.89747477,-1,-1,-1
00125,1,699,158,162,141,0.88386697,-1,-1,-1
00126,1,559,236,187,123,0.90379,-1,-1,-1
00126,1,700,158,160,141,0.8724181,-1,-1,-1
00127,1,559,235,187,124,0.9010099,-1,-1,-1
00127,1,690,159,156,147,0.8291427,-1,-1,-1
00128,1,567,230,174,130,0.8913295,-1,-1,-1
00128,1,689,159,156,148,0.7570677,-1,-1,-1
00129,1,559,235,187,124,0.8908779,-1,-1,-1
00129,1,688,158,157,149,0.772273,-1,-1,-1
00130,1,559,235,187,124,0.90140176,-1,-1,-1
00130,1,698,157,162,141,0.77115804,-1,-1,-1
00131,1,559,236,187,122,0.9049747,-1,-1,-1
00131,1,689,157,157,149,0.7748763,-1,-1,-1
00132,1,560,236,187,121,0.90770066,-1,-1,-1
00132,1,687,168,172,136,0.8805823,-1,-1,-1
00132,1,0,1433,745,485,0.707679,-1,-1,-1
00133,1,567,231,176,128,0.859167,-1,-1,-1
00133,1,0,1161,1131,760,0.81749195,-1,-1,-1
00133,1,698,158,163,140,0.81385326,-1,-1,-1
00134,1,0,1194,1607,673,0.9020255,-1,-1,-1
00134,1,560,235,189,123,0.86157626,-1,-1,-1
00134,1,697,158,164,140,0.7838071,-1,-1,-1
00135,1,172,1100,2122,816,0.92521256,-1,-1,-1
00135,1,567,230,175,128,0.8521101,-1,-1,-1
00136,1,567,230,175,129,0.8532703,-1,-1,-1
00136,1,809,1213,1618,693,0.7977828,-1,-1,-1
00137,1,1116,1206,1445,715,0.88357973,-1,-1,-1
00137,1,567,230,175,129,0.8585815,-1,-1,-1
00138,1,1551,1148,1010,740,0.9770238,-1,-1,-1
00138,1,567,231,175,128,0.86711466,-1,-1,-1
00139,1,567,230,175,129,0.87903553,-1,-1,-1
00140,1,567,230,175,129,0.877711,-1,-1,-1
00140,1,698,157,164,141,0.7062543,-1,-1,-1
00141,1,568,228,175,131,0.86025536,-1,-1,-1
00142,1,568,228,175,131,0.8600421,-1,-1,-1
00143,1,568,228,176,130,0.8635957,-1,-1,-1
00144,1,568,228,174,130,0.85188293,-1,-1,-1
00144,1,697,157,164,141,0.75829035,-1,-1,-1
00145,1,567,229,175,130,0.86820084,-1,-1,-1
00146,1,568,228,174,131,0.86704266,-1,-1,-1
00147,1,568,228,174,131,0.88027245,-1,-1,-1
00148,1,568,229,174,130,0.88404274,-1,-1,-1
00149,1,568,229,174,130,0.8817892,-1,-1,-1
00150,1,568,229,174,130,0.89188457,-1,-1,-1
00151,1,568,228,174,131,0.88888514,-1,-1,-1
00151,1,669,164,194,141,0.8003719,-1,-1,-1
00152,1,566,230,176,129,0.8384144,-1,-1,-1
00152,1,698,156,164,141,0.7381974,-1,-1,-1
00153,1,566,229,176,130,0.84351355,-1,-1,-1
00153,1,666,163,197,142,0.7829995,-1,-1,-1
00154,1,567,228,175,131,0.86991054,-1,-1,-1
00154,1,666,164,195,141,0.8041114,-1,-1,-1
00155,1,568,228,175,131,0.8906155,-1,-1,-1
00155,1,665,163,199,142,0.84084874,-1,-1,-1
00156,1,568,228,175,131,0.88022614,-1,-1,-1
00156,1,697,156,164,142,0.7001984,-1,-1,-1
00157,1,568,227,176,132,0.8788013,-1,-1,-1
00157,1,698,157,163,141,0.7280312,-1,-1,-1
00158,1,568,227,176,131,0.8566403,-1,-1,-1
00158,1,662,164,203,141,0.733607,-1,-1,-1
00159,1,568,227,176,131,0.86547625,-1,-1,-1
00159,1,697,157,165,141,0.7363065,-1,-1,-1
00160,1,568,226,176,132,0.8563932,-1,-1,-1
00160,1,697,157,165,141,0.7077042,-1,-1,-1
00161,1,568,226,176,132,0.8613073,-1,-1,-1
00161,1,668,165,195,140,0.81997347,-1,-1,-1
00162,1,568,227,176,132,0.8666722,-1,-1,-1
00162,1,698,158,163,140,0.73920536,-1,-1,-1
00163,1,567,228,177,131,0.86626405,-1,-1,-1
00163,1,698,158,163,140,0.7207052,-1,-1,-1
00164,1,567,228,178,131,0.850462,-1,-1,-1
00164,1,698,158,164,141,0.72633153,-1,-1,-1
00165,1,567,228,177,131,0.8531037,-1,-1,-1
00165,1,698,158,164,141,0.7239306,-1,-1,-1
00166,1,568,227,176,132,0.8609617,-1,-1,-1
00166,1,698,158,164,141,0.7283301,-1,-1,-1
00167,1,568,227,177,132,0.8524612,-1,-1,-1
00167,1,697,157,164,141,0.7227559,-1,-1,-1
00168,1,567,225,179,133,0.856523,-1,-1,-1
00168,1,666,166,196,139,0.78488606,-1,-1,-1
00169,1,568,226,177,133,0.88298565,-1,-1,-1
00169,1,669,168,190,138,0.7344199,-1,-1,-1
00170,1,568,226,178,133,0.8767792,-1,-1,-1
00171,1,568,227,177,132,0.88051754,-1,-1,-1
00171,1,696,159,164,140,0.7560853,-1,-1,-1
00172,1,568,226,177,133,0.8726645,-1,-1,-1
00172,1,698,159,163,140,0.77538025,-1,-1,-1
00173,1,568,226,177,133,0.8524541,-1,-1,-1
00173,1,661,165,206,141,0.7878157,-1,-1,-1
00174,1,567,227,177,132,0.8721619,-1,-1,-1
00174,1,654,164,215,143,0.7326183,-1,-1,-1
00175,1,567,226,178,133,0.873137,-1,-1,-1
00175,1,665,167,195,138,0.72656393,-1,-1,-1
00176,1,568,226,177,133,0.88064116,-1,-1,-1
00176,1,699,157,163,141,0.7096282,-1,-1,-1
00177,1,568,227,177,132,0.8927697,-1,-1,-1
00177,1,698,157,164,142,0.71258944,-1,-1,-1
00178,1,568,226,177,133,0.8823516,-1,-1,-1
00178,1,697,158,164,141,0.7514869,-1,-1,-1
00179,1,568,227,177,132,0.88606644,-1,-1,-1
00179,1,697,157,165,141,0.7427805,-1,-1,-1
00180,1,568,226,177,133,0.87565035,-1,-1,-1
00180,1,664,166,198,140,0.7617553,-1,-1,-1
00181,1,567,224,179,135,0.8418739,-1,-1,-1
00182,1,568,225,177,134,0.8493809,-1,-1,-1
00183,1,568,226,177,133,0.8584974,-1,-1,-1
00184,1,568,225,177,134,0.85990626,-1,-1,-1
00185,1,567,225,179,134,0.8403696,-1,-1,-1
00186,1,567,226,178,133,0.8423752,-1,-1,-1
00187,1,567,225,178,134,0.8408579,-1,-1,-1
00188,1,561,230,189,128,0.8511694,-1,-1,-1
00189,1,561,230,188,128,0.8578588,-1,-1,-1
00190,1,567,226,178,133,0.85270774,-1,-1,-1
00191,1,568,227,176,133,0.8706362,-1,-1,-1
00192,1,567,226,177,134,0.8654111,-1,-1,-1
00193,1,567,227,177,133,0.8684929,-1,-1,-1
00194,1,567,226,177,134,0.8654242,-1,-1,-1
00195,1,567,228,176,132,0.86685896,-1,-1,-1
00196,1,568,229,173,130,0.91396683,-1,-1,-1
00197,1,568,229,173,130,0.9123678,-1,-1,-1
00197,1,687,158,158,150,0.7085689,-1,-1,-1
00198,1,568,230,173,129,0.9018903,-1,-1,-1
00198,1,698,155,164,142,0.7003024,-1,-1,-1
00199,1,568,230,173,129,0.90020055,-1,-1,-1
00199,1,698,155,164,142,0.70469785,-1,-1,-1
00200,1,568,230,173,129,0.88046736,-1,-1,-1
00200,1,699,155,165,141,0.70711136,-1,-1,-1
00201,1,568,230,173,129,0.90694165,-1,-1,-1
00201,1,666,164,196,141,0.879855,-1,-1,-1
00202,1,568,229,172,130,0.8956507,-1,-1,-1
00203,1,568,229,173,130,0.8955296,-1,-1,-1
00204,1,568,230,173,129,0.90924656,-1,-1,-1
00204,1,698,156,164,141,0.72993463,-1,-1,-1
00205,1,568,231,173,129,0.9058357,-1,-1,-1
00205,1,698,156,163,141,0.72019386,-1,-1,-1
00206,1,568,230,173,129,0.89454687,-1,-1,-1
00206,1,699,156,163,141,0.7029852,-1,-1,-1
00207,1,567,230,174,129,0.89265573,-1,-1,-1
00208,1,567,230,174,129,0.88891375,-1,-1,-1
00209,1,567,230,174,129,0.88501096,-1,-1,-1
00210,1,567,231,174,128,0.8917092,-1,-1,-1
00211,1,568,230,174,129,0.8905953,-1,-1,-1
00212,1,567,231,174,129,0.88826853,-1,-1,-1
00212,1,698,156,164,141,0.7133659,-1,-1,-1
00213,1,567,231,174,128,0.9038229,-1,-1,-1
00214,1,567,230,174,129,0.8905726,-1,-1,-1
00215,1,567,230,174,129,0.8897784,-1,-1,-1
00216,1,568,229,173,130,0.8865738,-1,-1,-1
00217,1,567,230,173,130,0.88365823,-1,-1,-1
00218,1,568,230,172,130,0.89746076,-1,-1,-1
00219,1,568,231,173,129,0.90742886,-1,-1,-1
00220,1,568,231,173,129,0.90720993,-1,-1,-1
00221,1,568,231,172,129,0.90185577,-1,-1,-1
00222,1,567,231,173,129,0.88349164,-1,-1,-1
00223,1,568,231,172,129,0.8877858,-1,-1,-1
00224,1,568,231,171,129,0.8842586,-1,-1,-1
00225,1,568,232,172,128,0.89138895,-1,-1,-1
00226,1,568,232,172,128,0.90204215,-1,-1,-1
00227,1,568,232,172,128,0.9082012,-1,-1,-1
00228,1,568,231,172,129,0.89056015,-1,-1,-1
00229,1,568,229,173,130,0.89627415,-1,-1,-1
00230,1,568,229,173,130,0.89828676,-1,-1,-1
00231,1,568,229,174,130,0.8931483,-1,-1,-1
00232,1,568,230,174,129,0.89629716,-1,-1,-1
00233,1,568,229,174,130,0.8944118,-1,-1,-1
00234,1,568,229,174,130,0.87950706,-1,-1,-1
00235,1,568,230,173,129,0.89100677,-1,-1,-1
00236,1,568,232,172,127,0.8569026,-1,-1,-1
00237,1,1958,701,603,651,0.98778605,-1,-1,-1
00237,1,568,232,172,127,0.8603864,-1,-1,-1
00238,1,1659,694,902,666,0.9918064,-1,-1,-1
00238,1,568,231,172,128,0.8681914,-1,-1,-1
00239,1,1269,658,1292,731,0.95140636,-1,-1,-1
00239,1,568,231,172,128,0.8792223,-1,-1,-1
00239,1,697,157,164,141,0.7040409,-1,-1,-1
00240,1,846,647,1642,843,0.9716079,-1,-1,-1
00240,1,568,232,171,127,0.8783499,-1,-1,-1
00241,1,601,680,1519,767,0.9769358,-1,-1,-1
00241,1,568,231,171,128,0.86689836,-1,-1,-1
00242,1,150,750,1649,685,0.97827715,-1,-1,-1
00242,1,568,230,173,127,0.8731302,-1,-1,-1
00243,1,0,697,1373,749,0.9036563,-1,-1,-1
00243,1,568,229,173,129,0.8520707,-1,-1,-1
00244,1,808,1211,1428,605,0.9461873,-1,-1,-1
00244,1,0,748,968,664,0.9327107,-1,-1,-1
00244,1,563,233,182,124,0.90863633,-1,-1,-1
00245,1,569,230,172,129,0.8986895,-1,-1,-1
00245,1,30,826,612,586,0.87282115,-1,-1,-1
00245,1,1072,1260,1489,661,0.74055856,-1,-1,-1
00246,1,1539,1192,1022,687,0.9807998,-1,-1,-1
00246,1,568,232,171,128,0.8704996,-1,-1,-1
00246,1,698,156,164,142,0.7693581,-1,-1,-1
00247,1,568,232,172,127,0.9027293,-1,-1,-1
00247,1,1868,1290,693,631,0.8908732,-1,-1,-1
00247,1,698,156,164,142,0.7770876,-1,-1,-1
00248,1,568,233,173,128,0.90180296,-1,-1,-1
00249,1,568,231,175,130,0.8922075,-1,-1,-1
00250,1,570,232,170,129,0.92216456,-1,-1,-1
00250,1,690,159,156,148,0.7380649,-1,-1,-1
00251,1,569,232,172,128,0.9130718,-1,-1,-1
00252,1,569,233,171,127,0.91972464,-1,-1,-1
00252,1,693,159,153,148,0.7597417,-1,-1,-1
00253,1,569,232,170,129,0.9242027,-1,-1,-1
00253,1,693,159,154,149,0.73220015,-1,-1,-1
00254,1,568,230,173,130,0.9121559,-1,-1,-1
00255,1,568,229,173,132,0.91549075,-1,-1,-1
00256,1,568,231,174,129,0.87941504,-1,-1,-1
00257,1,568,230,174,130,0.8799344,-1,-1,-1
00258,1,568,232,174,127,0.8858108,-1,-1,-1
00259,1,569,232,172,127,0.9182039,-1,-1,-1
00260,1,569,232,171,128,0.9148989,-1,-1,-1
00261,1,569,231,171,129,0.8886087,-1,-1,-1
00262,1,568,230,173,129,0.86542726,-1,-1,-1
00263,1,569,231,172,129,0.8872579,-1,-1,-1
00264,1,569,231,172,128,0.8858364,-1,-1,-1
00265,1,569,232,172,127,0.89860445,-1,-1,-1
00265,1,687,157,160,149,0.70275325,-1,-1,-1
00266,1,569,231,172,128,0.896921,-1,-1,-1
00266,1,699,155,164,142,0.71706635,-1,-1,-1
00267,1,569,231,172,128,0.9014792,-1,-1,-1
00267,1,700,155,162,142,0.70144653,-1,-1,-1
00268,1,568,232,173,127,0.9031587,-1,-1,-1
00269,1,568,232,173,127,0.9097658,-1,-1,-1
00270,1,568,232,173,128,0.9121837,-1,-1,-1
00271,1,569,231,173,129,0.9061784,-1,-1,-1
00272,1,569,231,173,129,0.914387,-1,-1,-1
00273,1,569,230,174,129,0.9080973,-1,-1,-1
00274,1,569,230,173,129,0.903483,-1,-1,-1
00275,1,568,232,174,128,0.91333926,-1,-1,-1
00276,1,569,233,171,128,0.924283,-1,-1,-1
00277,1,568,233,172,127,0.9244191,-1,-1,-1
00278,1,568,233,172,127,0.9235874,-1,-1,-1
00279,1,568,234,172,126,0.91921276,-1,-1,-1
00280,1,568,234,171,126,0.9055678,-1,-1,-1
00281,1,568,234,172,126,0.9114621,-1,-1,-1
00282,1,568,235,172,125,0.919188,-1,-1,-1
00283,1,567,235,173,125,0.917883,-1,-1,-1
00284,1,568,234,172,126,0.9226042,-1,-1,-1
00285,1,568,234,172,126,0.9134369,-1,-1,-1
00286,1,568,234,172,126,0.9194394,-1,-1,-1
00287,1,568,234,172,127,0.90959007,-1,-1,-1
00288,1,568,234,172,127,0.90820557,-1,-1,-1
00289,1,567,232,173,129,0.9087699,-1,-1,-1
00290,1,568,233,172,128,0.9106777,-1,-1,-1
00291,1,568,233,172,128,0.91258854,-1,-1,-1
00292,1,568,232,172,128,0.9124144,-1,-1,-1
00293,1,568,232,172,128,0.90815485,-1,-1,-1
00294,1,568,233,171,127,0.90816927,-1,-1,-1
00295,1,568,233,171,127,0.9019636,-1,-1,-1
00296,1,568,232,172,128,0.89814836,-1,-1,-1
00297,1,568,232,172,128,0.9023461,-1,-1,-1
00298,1,568,231,174,127,0.90642196,-1,-1,-1
00299,1,568,231,174,127,0.91021293,-1,-1,-1
00300,1,568,232,174,126,0.9012633,-1,-1,-1
00301,1,568,231,174,128,0.8887769,-1,-1,-1
00302,1,568,231,174,128,0.8933367,-1,-1,-1
00303,1,568,231,174,128,0.8896736,-1,-1,-1
00304,1,568,231,174,128,0.8905047,-1,-1,-1
00305,1,568,232,174,127,0.87934726,-1,-1,-1
00306,1,568,232,173,127,0.8886102,-1,-1,-1
00307,1,568,232,174,127,0.8915712,-1,-1,-1
00308,1,567,232,175,128,0.8864202,-1,-1,-1
00309,1,568,232,173,127,0.89059836,-1,-1,-1
00310,1,568,232,173,128,0.89426565,-1,-1,-1
00311,1,568,230,175,130,0.88811624,-1,-1,-1
00312,1,568,230,175,129,0.88450897,-1,-1,-1
00313,1,568,230,176,130,0.88973725,-1,-1,-1
00314,1,568,230,176,130,0.8872931,-1,-1,-1
00315,1,568,229,176,130,0.8867683,-1,-1,-1
00316,1,561,234,187,124,0.8814445,-1,-1,-1
00317,1,568,228,176,131,0.88773245,-1,-1,-1
00317,1,664,167,192,139,0.7307822,-1,-1,-1
00318,1,560,234,188,124,0.88205284,-1,-1,-1
00319,1,568,229,176,130,0.89349365,-1,-1,-1
00320,1,568,228,175,131,0.88127524,-1,-1,-1
00320,1,660,165,201,143,0.70362556,-1,-1,-1
00321,1,568,229,175,130,0.87707156,-1,-1,-1
00321,1,662,166,198,140,0.7829694,-1,-1,-1
00322,1,568,229,175,131,0.88496506,-1,-1,-1
00322,1,667,168,190,138,0.7054163,-1,-1,-1
00323,1,568,229,176,131,0.88390595,-1,-1,-1
00324,1,568,229,176,131,0.8845003,-1,-1,-1
00324,1,666,167,192,139,0.7596298,-1,-1,-1
00325,1,568,229,176,131,0.8724455,-1,-1,-1
00325,1,663,165,196,142,0.70215654,-1,-1,-1
00326,1,568,227,177,132,0.86627924,-1,-1,-1
00326,1,699,157,162,141,0.71348053,-1,-1,-1
00327,1,567,228,177,131,0.8658462,-1,-1,-1
00327,1,664,167,193,140,0.7291453,-1,-1,-1
00328,1,568,227,176,132,0.87363094,-1,-1,-1
00329,1,568,226,177,133,0.871892,-1,-1,-1
00330,1,568,227,177,133,0.8723637,-1,-1,-1
00331,1,568,227,177,133,0.8740391,-1,-1,-1
00332,1,568,228,176,132,0.87990457,-1,-1,-1
00333,1,568,228,176,132,0.8790926,-1,-1,-1
00334,1,568,228,176,131,0.8816686,-1,-1,-1
00335,1,1969,777,592,522,0.96617436,-1,-1,-1
00335,1,568,229,175,130,0.87982917,-1,-1,-1
00336,1,1695,740,866,550,0.9763885,-1,-1,-1
00336,1,568,228,176,131,0.87411684,-1,-1,-1
00337,1,1457,720,1104,629,0.98062277,-1,-1,-1
00337,1,571,232,172,124,0.8617415,-1,-1,-1
00338,1,1198,725,1164,605,0.9813602,-1,-1,-1
00338,1,567,228,176,131,0.8583272,-1,-1,-1
00339,1,886,768,1082,565,0.99395436,-1,-1,-1
00339,1,567,229,176,130,0.85956067,-1,-1,-1
00339,1,700,156,162,141,0.7212015,-1,-1,-1
00340,1,609,779,1094,553,0.9843576,-1,-1,-1
00340,1,567,229,176,130,0.85264623,-1,-1,-1
00340,1,700,157,162,140,0.7197066,-1,-1,-1
00341,1,227,785,1150,593,0.953982,-1,-1,-1
00341,1,567,230,176,129,0.86507225,-1,-1,-1
00342,1,0,796,1090,599,0.96494573,-1,-1,-1
00342,1,567,230,176,129,0.87955004,-1,-1,-1
00343,1,0,853,788,527,0.91734195,-1,-1,-1
00343,1,567,228,176,131,0.8766913,-1,-1,-1
00344,1,0,868,478,541,0.9457494,-1,-1,-1
00344,1,567,229,176,130,0.87122816,-1,-1,-1
00345,1,568,226,176,132,0.882932,-1,-1,-1
00346,1,568,227,176,131,0.8812568,-1,-1,-1
00347,1,568,227,176,131,0.8887434,-1,-1,-1
00348,1,568,227,176,131,0.886147,-1,-1,-1
00349,1,568,229,175,130,0.8880157,-1,-1,-1
00350,1,568,229,175,130,0.89709896,-1,-1,-1
00351,1,568,229,175,129,0.88189685,-1,-1,-1
00352,1,568,229,175,129,0.8889353,-1,-1,-1
00353,1,568,229,175,129,0.888467,-1,-1,-1
00354,1,568,230,174,128,0.8950365,-1,-1,-1
00354,1,697,158,163,140,0.7021083,-1,-1,-1
00355,1,568,231,173,128,0.90024143,-1,-1,-1
00356,1,568,231,173,128,0.89417654,-1,-1,-1
00357,1,568,231,173,128,0.8931499,-1,-1,-1
00358,1,568,231,173,128,0.89722097,-1,-1,-1
00359,1,569,231,172,128,0.89879036,-1,-1,-1
00360,1,568,230,173,129,0.8871491,-1,-1,-1
00360,1,697,157,163,141,0.70709556,-1,-1,-1
00361,1,568,230,172,130,0.8862473,-1,-1,-1
00361,1,698,156,162,141,0.70604414,-1,-1,-1
00362,1,568,230,172,130,0.87050307,-1,-1,-1
00363,1,568,231,172,129,0.88161135,-1,-1,-1
00364,1,568,230,173,130,0.88275814,-1,-1,-1
00364,1,697,156,164,141,0.7330789,-1,-1,-1
00365,1,568,230,173,130,0.87953943,-1,-1,-1
00365,1,697,156,164,141,0.72621006,-1,-1,-1
00366,1,568,231,173,129,0.888004,-1,-1,-1
00367,1,568,230,173,129,0.8795831,-1,-1,-1
00367,1,698,156,163,141,0.70656204,-1,-1,-1
00368,1,568,230,173,129,0.87771016,-1,-1,-1
00369,1,568,231,173,129,0.88636076,-1,-1,-1
00370,1,568,232,173,128,0.9056152,-1,-1,-1
00371,1,568,232,173,128,0.9026566,-1,-1,-1
00371,1,2128,764,433,540,0.8647671,-1,-1,-1
00372,1,1862,735,699,579,0.9788619,-1,-1,-1
00372,1,568,232,173,127,0.9021651,-1,-1,-1
00373,1,1552,697,1009,634,0.9937087,-1,-1,-1
00373,1,568,233,171,126,0.9080536,-1,-1,-1
00373,1,647,166,219,143,0.7210856,-1,-1,-1
00374,1,1303,685,1258,674,0.98929334,-1,-1,-1
00374,1,568,233,172,126,0.90972835,-1,-1,-1
00374,1,648,167,216,141,0.70769125,-1,-1,-1
00375,1,1027,762,1187,595,0.9823663,-1,-1,-1
00375,1,568,233,172,126,0.9058705,-1,-1,-1
00376,1,711,768,1235,569,0.99548656,-1,-1,-1
00376,1,568,232,172,127,0.9079654,-1,-1,-1
00377,1,334,711,1304,684,0.98689634,-1,-1,-1
00377,1,568,232,173,127,0.9025187,-1,-1,-1
00378,1,0,735,1290,666,0.9939214,-1,-1,-1
00378,1,568,232,173,127,0.9137067,-1,-1,-1
00379,1,568,232,173,127,0.9139659,-1,-1,-1
00379,1,0,814,935,610,0.7766456,-1,-1,-1
00380,1,0,826,608,585,0.9840596,-1,-1,-1
00380,1,568,232,173,128,0.91474366,-1,-1,-1
00381,1,568,232,172,128,0.90855026,-1,-1,-1
00381,1,0,860,322,515,0.7896005,-1,-1,-1
00382,1,568,231,174,129,0.92436075,-1,-1,-1
00383,1,568,232,174,128,0.9252343,-1,-1,-1
00384,1,568,232,174,128,0.92557263,-1,-1,-1
00385,1,568,230,174,130,0.9144629,-1,-1,-1
00386,1,569,230,174,130,0.9160819,-1,-1,-1
00386,1,647,167,223,138,0.7186787,-1,-1,-1
00387,1,568,228,175,131,0.90753686,-1,-1,-1
00388,1,568,229,174,131,0.90160495,-1,-1,-1
00389,1,568,229,174,131,0.902664,-1,-1,-1
00390,1,568,229,174,131,0.90082234,-1,-1,-1
00391,1,568,229,175,130,0.90075016,-1,-1,-1
00392,1,568,230,173,129,0.8888595,-1,-1,-1
00393,1,568,231,173,128,0.8908671,-1,-1,-1
00394,1,568,231,173,129,0.8996035,-1,-1,-1
00395,1,568,232,172,128,0.9017671,-1,-1,-1
00396,1,568,232,173,128,0.8972848,-1,-1,-1
00397,1,567,230,175,129,0.8901894,-1,-1,-1
00398,1,568,230,174,129,0.8907317,-1,-1,-1
00399,1,568,230,174,129,0.8938211,-1,-1,-1
00400,1,568,230,174,129,0.88768566,-1,-1,-1
00401,1,568,233,173,127,0.89003146,-1,-1,-1
00401,1,699,156,162,141,0.70411825,-1,-1,-1
00402,1,568,233,173,126,0.90876055,-1,-1,-1
00403,1,568,233,173,126,0.9141007,-1,-1,-1
00403,1,698,156,162,143,0.7020882,-1,-1,-1
00404,1,568,233,172,126,0.9173685,-1,-1,-1
00404,1,698,157,163,142,0.78203726,-1,-1,-1
00405,1,568,233,173,126,0.91811305,-1,-1,-1
00405,1,698,156,162,143,0.7653954,-1,-1,-1
00406,1,568,233,173,126,0.9168109,-1,-1,-1
00406,1,697,157,163,142,0.74720585,-1,-1,-1
00407,1,568,233,173,126,0.9128898,-1,-1,-1
00407,1,697,156,163,142,0.74328136,-1,-1,-1
00408,1,568,233,173,126,0.9116977,-1,-1,-1
00408,1,697,157,163,141,0.7557456,-1,-1,-1
00409,1,568,233,172,126,0.9114102,-1,-1,-1
00410,1,568,233,172,126,0.92070585,-1,-1,-1
00411,1,568,233,172,126,0.92064875,-1,-1,-1
00412,1,568,233,172,126,0.9142123,-1,-1,-1
00412,1,698,156,162,143,0.7260942,-1,-1,-1
00413,1,568,233,172,126,0.91286606,-1,-1,-1
00413,1,698,156,162,143,0.74042016,-1,-1,-1
00414,1,568,233,172,126,0.91304696,-1,-1,-1
00414,1,697,156,163,143,0.74763066,-1,-1,-1
00415,1,568,233,173,126,0.9123987,-1,-1,-1
00415,1,697,156,164,143,0.7538489,-1,-1,-1
00416,1,568,232,172,127,0.9164649,-1,-1,-1
00416,1,698,157,162,142,0.76802444,-1,-1,-1
00417,1,568,232,172,127,0.9162116,-1,-1,-1
00417,1,698,157,162,142,0.74079794,-1,-1,-1
00418,1,568,233,172,126,0.9162427,-1,-1,-1
00418,1,698,157,162,142,0.74813724,-1,-1,-1
00419,1,568,232,173,127,0.9187714,-1,-1,-1
00419,1,696,158,164,142,0.79594123,-1,-1,-1
00420,1,568,232,173,127,0.9191282,-1,-1,-1
00420,1,696,157,164,143,0.79737073,-1,-1,-1
00421,1,568,232,173,127,0.9197991,-1,-1,-1
00421,1,697,157,163,142,0.73495054,-1,-1,-1
00422,1,568,232,173,127,0.9240464,-1,-1,-1
00422,1,698,157,162,142,0.7352282,-1,-1,-1
00423,1,568,231,173,128,0.9204369,-1,-1,-1
00423,1,698,157,163,142,0.76351625,-1,-1,-1
00424,1,568,231,173,128,0.91960204,-1,-1,-1
00424,1,698,157,162,142,0.76884896,-1,-1,-1
00425,1,568,231,173,128,0.91359717,-1,-1,-1
00425,1,697,157,164,142,0.7775842,-1,-1,-1
00426,1,568,232,173,127,0.9149724,-1,-1,-1
00426,1,697,157,164,142,0.7741515,-1,-1,-1
00427,1,568,233,172,126,0.89366394,-1,-1,-1
00427,1,698,157,162,141,0.7234639,-1,-1,-1
00428,1,568,233,172,126,0.8991819,-1,-1,-1
00428,1,698,157,162,141,0.72224545,-1,-1,-1
00429,1,568,232,173,127,0.90177375,-1,-1,-1
00430,1,568,233,172,126,0.90261346,-1,-1,-1
00431,1,568,234,172,126,0.8933532,-1,-1,-1
00431,1,698,156,162,142,0.70536983,-1,-1,-1
00432,1,568,233,172,127,0.8910986,-1,-1,-1
00432,1,698,156,162,142,0.7140838,-1,-1,-1
00433,1,568,233,172,127,0.87826717,-1,-1,-1
00434,1,568,233,172,127,0.8786297,-1,-1,-1
00435,1,568,233,172,127,0.8966709,-1,-1,-1
00436,1,568,233,172,127,0.8889537,-1,-1,-1
00436,1,664,164,196,142,0.744374,-1,-1,-1
00437,1,568,233,172,127,0.8880792,-1,-1,-1
00437,1,668,166,190,139,0.74538237,-1,-1,-1
00438,1,568,233,172,127,0.8878164,-1,-1,-1
00438,1,669,167,189,138,0.7442083,-1,-1,-1
00439,1,568,233,172,127,0.8896831,-1,-1,-1
00439,1,671,166,187,139,0.73335737,-1,-1,-1
00440,1,568,233,172,127,0.8913961,-1,-1,-1
00440,1,666,165,194,141,0.7454549,-1,-1,-1
00441,1,568,232,173,128,0.89120626,-1,-1,-1
00441,1,675,167,183,138,0.7190786,-1,-1,-1
00442,1,569,233,171,127,0.8961169,-1,-1,-1
00442,1,673,167,184,138,0.75689566,-1,-1,-1
00443,1,569,232,172,128,0.8958038,-1,-1,-1
00443,1,671,166,188,138,0.7709192,-1,-1,-1
00444,1,568,232,172,128,0.89388543,-1,-1,-1
00444,1,664,164,197,142,0.7725324,-1,-1,-1
00445,1,568,234,172,126,0.9085833,-1,-1,-1
00445,1,663,165,198,141,0.72098774,-1,-1,-1
00446,1,568,234,172,126,0.90539014,-1,-1,-1
00447,1,568,234,171,126,0.90771526,-1,-1,-1
00447,1,670,166,187,138,0.79185975,-1,-1,-1
00448,1,568,234,171,126,0.9090625,-1,-1,-1
00448,1,666,165,192,140,0.7621703,-1,-1,-1
00449,1,568,234,171,126,0.9066203,-1,-1,-1
00449,1,666,165,193,140,0.7548479,-1,-1,-1
00450,1,568,234,171,126,0.9111519,-1,-1,-1
00450,1,665,165,195,140,0.7686693,-1,-1,-1
00451,1,569,232,173,127,0.9112345,-1,-1,-1
00451,1,699,156,161,141,0.70807916,-1,-1,-1
00452,1,569,232,173,127,0.91319424,-1,-1,-1
00452,1,699,157,161,140,0.713558,-1,-1,-1
00453,1,569,232,173,128,0.919488,-1,-1,-1
00453,1,698,157,161,141,0.7305194,-1,-1,-1
00454,1,569,232,173,128,0.91975653,-1,-1,-1
00454,1,698,157,161,141,0.7304655,-1,-1,-1
00455,1,569,232,173,128,0.907893,-1,-1,-1
00455,1,698,158,161,140,0.74870235,-1,-1,-1
00456,1,569,232,173,127,0.907085,-1,-1,-1
00456,1,698,158,161,140,0.7767575,-1,-1,-1
00457,1,569,230,175,130,0.89506996,-1,-1,-1
00457,1,698,158,161,140,0.7900028,-1,-1,-1
00458,1,569,230,175,130,0.8969023,-1,-1,-1
00458,1,698,158,161,140,0.7934143,-1,-1,-1
00459,1,569,231,175,130,0.89698535,-1,-1,-1
00459,1,699,158,160,140,0.78266317,-1,-1,-1
00460,1,569,231,175,130,0.8935874,-1,-1,-1
00460,1,699,158,160,141,0.7936179,-1,-1,-1
00461,1,569,232,174,129,0.88722694,-1,-1,-1
00461,1,699,156,161,142,0.7512939,-1,-1,-1
00462,1,569,232,173,128,0.8871559,-1,-1,-1
00462,1,699,156,161,142,0.7373077,-1,-1,-1
00463,1,569,231,173,129,0.8866864,-1,-1,-1
00463,1,700,156,160,142,0.731019,-1,-1,-1
00464,1,569,232,173,128,0.88173306,-1,-1,-1
00464,1,699,157,162,141,0.7216034,-1,-1,-1
00465,1,569,232,173,128,0.87594754,-1,-1,-1
00465,1,700,156,161,142,0.72182554,-1,-1,-1
00466,1,569,233,173,127,0.8773898,-1,-1,-1
00466,1,700,156,161,142,0.71561706,-1,-1,-1
00467,1,569,232,173,129,0.87669384,-1,-1,-1
00467,1,700,156,161,142,0.7091815,-1,-1,-1
00468,1,569,232,173,128,0.88409454,-1,-1,-1
00469,1,569,232,173,128,0.89936215,-1,-1,-1
00469,1,700,156,160,142,0.72501117,-1,-1,-1
00470,1,569,233,173,127,0.89959514,-1,-1,-1
00470,1,700,157,161,141,0.73651767,-1,-1,-1
00471,1,569,233,171,127,0.89009976,-1,-1,-1
00472,1,568,233,172,127,0.891004,-1,-1,-1
00473,1,1934,768,627,529,0.95163983,-1,-1,-1
00473,1,569,233,171,127,0.8878442,-1,-1,-1
00474,1,1688,727,873,602,0.99143255,-1,-1,-1
00474,1,568,233,172,127,0.8894273,-1,-1,-1
00475,1,1401,753,1108,578,0.97406954,-1,-1,-1
00475,1,568,234,172,126,0.89520013,-1,-1,-1
00476,1,1204,756,1231,551,0.9809878,-1,-1,-1
00476,1,568,234,171,127,0.9041839,-1,-1,-1
00477,1,860,769,1227,577,0.9914916,-1,-1,-1
00477,1,569,234,170,126,0.9061654,-1,-1,-1
00478,1,581,802,1225,558,0.9898084,-1,-1,-1
00478,1,569,234,170,126,0.90847564,-1,-1,-1
00479,1,179,824,1263,563,0.9612736,-1,-1,-1
00479,1,569,235,170,125,0.91400063,-1,-1,-1
00480,1,569,234,170,125,0.9282968,-1,-1,-1
00480,1,0,833,1097,629,0.91661626,-1,-1,-1
00480,1,701,155,160,143,0.70574874,-1,-1,-1
00481,1,0,858,792,536,0.94390696,-1,-1,-1
00481,1,568,235,171,125,0.90906537,-1,-1,-1
00481,1,699,156,163,141,0.7688027,-1,-1,-1
00482,1,0,873,518,508,0.9773375,-1,-1,-1
00482,1,568,235,171,124,0.9104496,-1,-1,-1
00482,1,699,156,163,141,0.7699067,-1,-1,-1
00483,1,566,235,173,122,0.8951168,-1,-1,-1
00484,1,566,236,172,121,0.89908665,-1,-1,-1
00484,1,698,157,164,140,0.7847588,-1,-1,-1
00485,1,566,236,173,120,0.90051144,-1,-1,-1
00486,1,568,235,171,124,0.91298854,-1,-1,-1
00486,1,699,156,162,140,0.73993134,-1,-1,-1
00487,1,568,235,171,124,0.91652423,-1,-1,-1
00487,1,678,169,182,134,0.8630193,-1,-1,-1
00488,1,568,235,171,124,0.91511214,-1,-1,-1
00488,1,699,156,161,141,0.75461036,-1,-1,-1
00489,1,568,234,171,125,0.89972544,-1,-1,-1
00489,1,670,166,191,137,0.8398876,-1,-1,-1
00490,1,568,234,171,125,0.9087969,-1,-1,-1
00490,1,699,156,163,141,0.7179035,-1,-1,-1
00491,1,567,237,173,123,0.8925728,-1,-1,-1
00491,1,663,166,202,139,0.7352921,-1,-1,-1
00492,1,568,237,172,123,0.892209,-1,-1,-1
00492,1,664,166,200,138,0.75768447,-1,-1,-1
00493,1,567,235,172,125,0.87541837,-1,-1,-1
00493,1,666,167,194,136,0.763362,-1,-1,-1
00494,1,567,235,172,125,0.87821364,-1,-1,-1
00495,1,567,236,172,124,0.8891571,-1,-1,-1
00495,1,2092,834,469,457,0.7195968,-1,-1,-1
00496,1,1863,788,698,525,0.9724152,-1,-1,-1
00496,1,567,236,172,124,0.8913075,-1,-1,-1
00496,1,668,168,191,135,0.743782,-1,-1,-1
00497,1,1609,776,952,535,0.9843664,-1,-1,-1
00497,1,568,235,172,125,0.8972384,-1,-1,-1
00498,1,1279,748,1224,586,0.98632425,-1,-1,-1
00498,1,568,235,172,125,0.8952402,-1,-1,-1
00499,1,977,755,1242,569,0.9984359,-1,-1,-1
00499,1,568,235,173,124,0.9057173,-1,-1,-1
00500,1,700,778,1152,558,0.99430025,-1,-1,-1
00500,1,568,234,172,126,0.91167474,-1,-1,-1
00501,1,382,806,1117,559,0.98859847,-1,-1,-1
00501,1,565,236,174,125,0.9052593,-1,-1,-1
00501,1,692,162,154,143,0.7363647,-1,-1,-1
00502,1,13,834,1260,549,0.9817884,-1,-1,-1
00502,1,566,236,174,125,0.9333232,-1,-1,-1
00502,1,692,163,153,142,0.7726245,-1,-1,-1
00503,1,566,236,174,125,0.9245051,-1,-1,-1
00503,1,0,852,924,525,0.9207672,-1,-1,-1
00503,1,694,162,152,144,0.8149171,-1,-1,-1
00504,1,0,862,601,532,0.9701273,-1,-1,-1
00504,1,567,236,172,125,0.91337323,-1,-1,-1
00504,1,673,167,203,133,0.8629667,-1,-1,-1
00505,1,566,236,172,125,0.9185928,-1,-1,-1
00505,1,694,162,151,144,0.81978995,-1,-1,-1
00506,1,566,236,172,125,0.91417474,-1,-1,-1
00506,1,694,161,151,144,0.8102473,-1,-1,-1
00507,1,560,236,184,124,0.9418617,-1,-1,-1
00507,1,669,164,210,137,0.85095525,-1,-1,-1
00508,1,566,236,172,123,0.8891278,-1,-1,-1
00508,1,691,162,155,142,0.7183781,-1,-1,-1
00509,1,567,238,171,121,0.887342,-1,-1,-1
00510,1,567,237,172,123,0.89513075,-1,-1,-1
00510,1,691,161,155,142,0.7014374,-1,-1,-1
00511,1,567,238,171,122,0.88014156,-1,-1,-1
00512,1,567,238,172,121,0.8760322,-1,-1,-1
00513,1,566,237,172,122,0.8715723,-1,-1,-1
00514,1,567,237,172,122,0.8724348,-1,-1,-1
00515,1,567,237,172,122,0.8570956,-1,-1,-1
00516,1,567,237,172,122,0.8632121,-1,-1,-1
00517,1,567,237,171,122,0.85312253,-1,-1,-1
00518,1,567,237,171,122,0.84936404,-1,-1,-1
00519,1,566,237,172,122,0.86156696,-1,-1,-1
00520,1,566,238,171,122,0.8785405,-1,-1,-1
00521,1,558,237,186,123,0.9250781,-1,-1,-1
00522,1,558,237,186,123,0.92766845,-1,-1,-1
00523,1,558,237,186,123,0.9217026,-1,-1,-1
00524,1,568,237,172,124,0.9084718,-1,-1,-1
00525,1,567,238,173,123,0.9110433,-1,-1,-1
00526,1,567,238,173,123,0.912694,-1,-1,-1
00527,1,566,238,172,120,0.91416264,-1,-1,-1
00528,1,566,238,172,120,0.9143776,-1,-1,-1
00529,1,568,237,172,125,0.91408885,-1,-1,-1
00530,1,568,237,171,124,0.9094177,-1,-1,-1
00530,1,699,158,151,144,0.85218513,-1,-1,-1
00531,1,566,237,170,120,0.8666214,-1,-1,-1
00532,1,566,237,171,120,0.86929166,-1,-1,-1
00533,1,566,236,171,121,0.8700139,-1,-1,-1
00534,1,566,236,170,121,0.8780529,-1,-1,-1
00535,1,559,235,183,125,0.8791336,-1,-1,-1
00536,1,566,237,170,120,0.8807271,-1,-1,-1
00537,1,566,237,171,120,0.8824571,-1,-1,-1
00538,1,566,237,171,120,0.8847285,-1,-1,-1
00539,1,566,237,170,120,0.8794719,-1,-1,-1
00540,1,566,237,171,120,0.88120526,-1,-1,-1
00541,1,568,237,169,123,0.9030827,-1,-1,-1
00542,1,567,237,170,123,0.89691544,-1,-1,-1
00543,1,567,237,170,123,0.8963169,-1,-1,-1
00544,1,567,237,170,123,0.8946727,-1,-1,-1
00545,1,568,237,169,123,0.8987439,-1,-1,-1
00546,1,568,237,169,123,0.8988583,-1,-1,-1
00547,1,568,237,169,123,0.8976447,-1,-1,-1
00548,1,568,236,169,123,0.8943584,-1,-1,-1
00549,1,568,236,169,123,0.8962666,-1,-1,-1
00550,1,568,237,169,122,0.8970167,-1,-1,-1
