00001,1,300,586,85,75,0.98912305,-1,-1,-1
00001,1,1380,325,172,155,0.9390336,-1,-1,-1
00001,1,552,523,128,84,0.9228472,-1,-1,-1
00001,1,202,596,75,66,0.7523947,-1,-1,-1
00002,1,297,587,90,74,0.99425274,-1,-1,-1
00002,1,1378,333,175,157,0.9371111,-1,-1,-1
00002,1,552,522,129,85,0.93471646,-1,-1,-1
00003,1,299,586,90,75,0.99502313,-1,-1,-1
00003,1,1375,334,182,163,0.9403782,-1,-1,-1
00003,1,552,522,129,85,0.9322696,-1,-1,-1
00004,1,300,586,91,75,0.99664116,-1,-1,-1
00004,1,552,522,129,85,0.9289523,-1,-1,-1
00004,1,1369,341,194,171,0.89143723,-1,-1,-1
00005,1,303,584,90,78,0.99697816,-1,-1,-1
00005,1,1367,344,201,178,0.9451966,-1,-1,-1
00005,1,552,522,129,85,0.9286119,-1,-1,-1
00005,1,205,595,77,67,0.73183644,-1,-1,-1
00006,1,306,586,90,77,0.9975637,-1,-1,-1
00006,1,553,522,128,85,0.92540854,-1,-1,-1
00006,1,1363,355,207,177,0.87716573,-1,-1,-1
00007,1,309,585,88,78,0.99672204,-1,-1,-1
00007,1,553,522,128,85,0.92546654,-1,-1,-1
00007,1,1360,356,227,186,0.86339146,-1,-1,-1
00008,1,311,588,87,73,0.99553204,-1,-1,-1
00008,1,553,522,128,85,0.92504287,-1,-1,-1
00008,1,1365,361,226,186,0.881844,-1,-1,-1
00009,1,309,586,93,76,0.99420494,-1,-1,-1
00009,1,1369,359,232,196,0.95095944,-1,-1,-1
00009,1,553,522,128,85,0.9254081,-1,-1,-1
00009,1,204,594,77,68,0.70513225,-1,-1,-1
00010,1,312,587,91,75,0.99618834,-1,-1,-1
00010,1,553,522,128,85,0.9235253,-1,-1,-1
00010,1,1368,358,233,206,0.9159847,-1,-1,-1
00010,1,202,594,78,68,0.80394506,-1,-1,-1
00011,1,317,588,92,76,0.99684626,-1,-1,-1
00011,1,1369,361,232,219,0.92696357,-1,-1,-1
00011,1,551,521,130,87,0.9223228,-1,-1,-1
00012,1,318,585,92,78,0.9963722,-1,-1,-1
00012,1,551,521,130,87,0.91727346,-1,-1,-1
00012,1,1372,361,229,230,0.8516796,-1,-1,-1
00013,1,320,585,96,78,0.9960996,-1,-1,-1
00013,1,553,521,129,87,0.9154557,-1,-1,-1
00013,1,1384,355,217,243,0.83269566,-1,-1,-1
00014,1,321,583,97,80,0.9959264,-1,-1,-1
00014,1,553,521,129,87,0.91495603,-1,-1,-1
00015,1,322,584,99,81,0.9959026,-1,-1,-1
00015,1,553,521,129,87,0.91794807,-1,-1,-1
00016,1,323,585,102,81,0.9957675,-1,-1,-1
00016,1,553,521,129,87,0.91716546,-1,-1,-1
00017,1,327,588,101,79,0.9957217,-1,-1,-1
00017,1,552,521,130,87,0.91539276,-1,-1,-1
00018,1,329,589,101,78,0.9951851,-1,-1,-1
00018,1,552,521,130,87,0.9159497,-1,-1,-1
00018,1,201,592,74,68,0.7079196,-1,-1,-1
00019,1,331,588,102,79,0.9948297,-1,-1,-1
00019,1,553,521,129,87,0.92121685,-1,-1,-1
00020,1,335,588,102,78,0.99200624,-1,-1,-1
00020,1,552,521,130,87,0.9074468,-1,-1,-1
00021,1,335,583,105,86,0.98597777,-1,-1,-1
00021,1,552,521,130,87,0.93957245,-1,-1,-1
00021,1,202,595,74,65,0.7379876,-1,-1,-1
00022,1,338,585,104,84,0.98225754,-1,-1,-1
00022,1,552,521,130,87,0.9342315,-1,-1,-1
00022,1,203,595,72,65,0.7641916,-1,-1,-1
00023,1,340,583,106,86,0.9855236,-1,-1,-1
00023,1,552,521,130,87,0.9366896,-1,-1,-1
00023,1,204,595,70,65,0.80258363,-1,-1,-1
00024,1,342,582,106,88,0.9892216,-1,-1,-1
00024,1,552,521,130,87,0.9351843,-1,-1,-1
00024,1,203,595,69,66,0.8368035,-1,-1,-1
00025,1,344,582,106,90,0.9895667,-1,-1,-1
00025,1,553,522,128,86,0.94831353,-1,-1,-1
00025,1,201,594,76,68,0.8416554,-1,-1,-1
00026,1,344,586,109,87,0.99202406,-1,-1,-1
00026,1,553,521,128,87,0.94443166,-1,-1,-1
00026,1,200,594,77,68,0.85310286,-1,-1,-1
00027,1,346,586,110,87,0.9915138,-1,-1,-1
00027,1,553,521,128,87,0.9431345,-1,-1,-1
00027,1,202,596,68,67,0.86040914,-1,-1,-1
00028,1,348,583,112,90,0.98964816,-1,-1,-1
00028,1,553,521,128,87,0.9394241,-1,-1,-1
00028,1,202,595,72,69,0.8864845,-1,-1,-1
00028,1,252,593,81,57,0.7205757,-1,-1,-1
00029,1,352,581,114,93,0.9801964,-1,-1,-1
00029,1,553,521,128,87,0.9413177,-1,-1,-1
00029,1,202,596,71,68,0.89889944,-1,-1,-1
00030,1,356,580,112,93,0.9835196,-1,-1,-1
00030,1,553,521,128,86,0.9321551,-1,-1,-1
00030,1,202,596,69,67,0.8618013,-1,-1,-1
00030,1,254,591,82,61,0.7469004,-1,-1,-1
00031,1,357,581,118,94,0.9851987,-1,-1,-1
00031,1,553,522,128,85,0.8727462,-1,-1,-1
00031,1,204,593,73,70,0.8078348,-1,-1,-1
00032,1,361,581,116,94,0.98195076,-1,-1,-1
00032,1,553,522,128,85,0.8675849,-1,-1,-1
00032,1,258,593,83,58,0.7920144,-1,-1,-1
00032,1,203,593,70,70,0.72383386,-1,-1,-1
00033,1,364,581,118,94,0.9786694,-1,-1,-1
00033,1,553,522,128,85,0.85102725,-1,-1,-1
00033,1,258,593,86,59,0.8351385,-1,-1,-1
00033,1,203,593,74,69,0.7515238,-1,-1,-1
00034,1,364,578,122,101,0.98071116,-1,-1,-1
00034,1,553,522,128,85,0.8583273,-1,-1,-1
00034,1,204,592,71,71,0.84692824,-1,-1,-1
00034,1,257,592,88,60,0.8198725,-1,-1,-1
00035,1,366,579,128,98,0.97136444,-1,-1,-1
00035,1,553,522,128,85,0.8478084,-1,-1,-1
00035,1,255,590,91,63,0.8091617,-1,-1,-1
00035,1,204,594,68,68,0.76115483,-1,-1,-1
00036,1,367,579,128,99,0.96502954,-1,-1,-1
00036,1,553,522,128,85,0.83608866,-1,-1,-1
00036,1,258,592,93,60,0.8312166,-1,-1,-1
00036,1,203,594,69,68,0.72689384,-1,-1,-1
00037,1,371,579,131,99,0.9728652,-1,-1,-1
00037,1,259,591,93,63,0.8984847,-1,-1,-1
00037,1,553,522,129,85,0.879621,-1,-1,-1
00037,1,203,594,69,70,0.7867262,-1,-1,-1
00038,1,375,579,132,99,0.970016,-1,-1,-1
00038,1,261,592,94,62,0.93382806,-1,-1,-1
00038,1,552,523,129,84,0.88090545,-1,-1,-1
00038,1,203,595,69,69,0.79940766,-1,-1,-1
00039,1,380,580,133,100,0.9769205,-1,-1,-1
00039,1,262,591,95,64,0.8833437,-1,-1,-1
00039,1,552,523,129,84,0.87083226,-1,-1,-1
00039,1,204,594,69,68,0.7915878,-1,-1,-1
00040,1,380,579,139,104,0.9757175,-1,-1,-1
00040,1,265,591,94,64,0.9156037,-1,-1,-1
00040,1,552,523,129,84,0.8688134,-1,-1,-1
00040,1,204,595,68,66,0.7916787,-1,-1,-1
00041,1,382,578,139,108,0.9840189,-1,-1,-1
00041,1,268,591,92,63,0.95256376,-1,-1,-1
00041,1,206,594,69,68,0.9329101,-1,-1,-1
00041,1,553,522,128,84,0.8399839,-1,-1,-1
00042,1,385,577,140,109,0.97177154,-1,-1,-1
00042,1,270,592,91,62,0.95007956,-1,-1,-1
00042,1,206,593,71,69,0.8664897,-1,-1,-1
00042,1,553,522,128,85,0.83348703,-1,-1,-1
00043,1,386,576,145,112,0.975083,-1,-1,-1
00043,1,280,592,81,63,0.9138877,-1,-1,-1
00043,1,553,522,128,85,0.8405089,-1,-1,-1
00043,1,205,597,67,63,0.8142119,-1,-1,-1
00044,1,391,580,149,108,0.9709429,-1,-1,-1
00044,1,279,591,87,64,0.93020755,-1,-1,-1
00044,1,553,523,128,83,0.8562871,-1,-1,-1
00044,1,205,593,69,69,0.8538544,-1,-1,-1
00045,1,396,578,150,113,0.9743927,-1,-1,-1
00045,1,279,591,90,65,0.9315552,-1,-1,-1
00045,1,553,523,128,83,0.851868,-1,-1,-1
00045,1,206,592,71,69,0.79598266,-1,-1,-1
00046,1,398,577,154,114,0.97358274,-1,-1,-1
00046,1,281,591,90,65,0.9226663,-1,-1,-1
00046,1,553,523,128,84,0.86427873,-1,-1,-1
00046,1,206,592,71,69,0.8309259,-1,-1,-1
00047,1,280,591,94,66,0.9451337,-1,-1,-1
00047,1,399,577,159,117,0.94303876,-1,-1,-1
00047,1,553,523,128,84,0.85959446,-1,-1,-1
00047,1,206,596,68,65,0.8096575,-1,-1,-1
00048,1,287,591,87,67,0.96694684,-1,-1,-1
00048,1,407,572,152,124,0.96587265,-1,-1,-1
00048,1,554,523,127,84,0.852272,-1,-1,-1
00048,1,205,596,68,64,0.82723004,-1,-1,-1
00049,1,410,571,156,128,0.9760842,-1,-1,-1
00049,1,287,592,90,66,0.95612496,-1,-1,-1
00049,1,205,596,69,65,0.8775865,-1,-1,-1
00049,1,554,522,128,85,0.87493277,-1,-1,-1
00050,1,412,570,161,129,0.9744649,-1,-1,-1
00050,1,291,592,88,66,0.9148528,-1,-1,-1
00050,1,554,522,128,85,0.8715891,-1,-1,-1
00050,1,205,597,69,64,0.8702734,-1,-1,-1
00051,1,415,570,168,132,0.9643579,-1,-1,-1
00051,1,289,592,95,68,0.88798654,-1,-1,-1
00051,1,555,523,126,83,0.8785132,-1,-1,-1
00052,1,422,573,168,133,0.9388086,-1,-1,-1
00052,1,555,523,126,83,0.85787016,-1,-1,-1
00052,1,299,593,87,66,0.7777312,-1,-1,-1
00053,1,424,571,172,129,0.95009345,-1,-1,-1
00053,1,304,593,86,67,0.8511011,-1,-1,-1
00053,1,557,525,123,80,0.82447314,-1,-1,-1
00054,1,425,571,180,132,0.9837796,-1,-1,-1
00054,1,307,593,85,68,0.9199659,-1,-1,-1
00054,1,557,525,121,80,0.7646992,-1,-1,-1
00055,1,431,570,180,135,0.9710759,-1,-1,-1
00055,1,307,593,89,68,0.91756666,-1,-1,-1
00055,1,559,525,119,81,0.79977494,-1,-1,-1
00056,1,438,566,181,140,0.9586665,-1,-1,-1
00056,1,307,592,92,69,0.93243206,-1,-1,-1
00056,1,560,526,115,80,0.71236116,-1,-1,-1
00057,1,441,567,186,141,0.95436287,-1,-1,-1
00057,1,308,591,90,69,0.79433,-1,-1,-1
00058,1,452,566,184,148,0.9013368,-1,-1,-1
00058,1,304,592,96,71,0.876257,-1,-1,-1
00059,1,315,594,89,68,0.9700273,-1,-1,-1
00059,1,455,565,198,148,0.9409438,-1,-1,-1
00060,1,467,560,198,160,0.9520552,-1,-1,-1
00060,1,316,594,89,70,0.8926655,-1,-1,-1
00061,1,467,555,213,170,0.9457624,-1,-1,-1
00061,1,324,594,86,70,0.78045696,-1,-1,-1
00061,1,205,595,76,66,0.7032585,-1,-1,-1
00062,1,473,556,219,169,0.9669078,-1,-1,-1
00062,1,318,592,102,75,0.7788462,-1,-1,-1
00062,1,205,595,74,67,0.77651966,-1,-1,-1
00063,1,482,560,223,170,0.9733902,-1,-1,-1
00063,1,330,594,89,71,0.880302,-1,-1,-1
00063,1,204,593,76,70,0.8347682,-1,-1,-1
00064,1,494,559,227,171,0.97854334,-1,-1,-1
00064,1,334,593,88,72,0.8939358,-1,-1,-1
00064,1,201,594,79,70,0.88636446,-1,-1,-1
00065,1,336,596,93,69,0.9176116,-1,-1,-1
00065,1,497,557,249,178,0.86728215,-1,-1,-1
00065,1,201,593,80,71,0.7751883,-1,-1,-1
00066,1,337,594,92,72,0.91419655,-1,-1,-1
00066,1,503,552,259,188,0.84786546,-1,-1,-1
00066,1,294,595,79,59,0.7772017,-1,-1,-1
00067,1,512,550,279,196,0.8895818,-1,-1,-1
00067,1,341,592,99,76,0.86584413,-1,-1,-1
00067,1,296,595,78,61,0.78814095,-1,-1,-1
00068,1,345,593,98,75,0.97943485,-1,-1,-1
00068,1,525,547,287,202,0.92932594,-1,-1,-1
00068,1,297,596,77,59,0.74853885,-1,-1,-1
00069,1,346,592,100,76,0.97419953,-1,-1,-1
00069,1,540,548,290,207,0.8423559,-1,-1,-1
00069,1,298,596,78,58,0.70279,-1,-1,-1
00070,1,348,593,104,74,0.98072755,-1,-1,-1
00070,1,551,541,311,221,0.94272673,-1,-1,-1
00070,1,1369,357,232,284,0.9101826,-1,-1,-1
00070,1,299,596,80,59,0.7387699,-1,-1,-1
00071,1,1311,338,290,312,0.9871787,-1,-1,-1
00071,1,573,534,328,228,0.9806784,-1,-1,-1
00071,1,354,591,100,79,0.9751052,-1,-1,-1
00071,1,301,596,80,59,0.8067904,-1,-1,-1
00072,1,587,529,356,250,0.9808146,-1,-1,-1
00072,1,361,591,101,80,0.9782965,-1,-1,-1
00072,1,1266,329,335,324,0.97391576,-1,-1,-1
00072,1,557,520,122,86,0.89961517,-1,-1,-1
00072,1,303,595,81,60,0.8367551,-1,-1,-1
00073,1,616,530,371,254,0.9830322,-1,-1,-1
00073,1,1235,330,366,313,0.9811038,-1,-1,-1
00073,1,361,589,106,83,0.9708335,-1,-1,-1
00073,1,555,521,126,86,0.91271436,-1,-1,-1
00073,1,304,594,83,61,0.8548311,-1,-1,-1
00073,1,200,591,89,72,0.7055541,-1,-1,-1
00074,1,635,517,414,276,0.9927798,-1,-1,-1
00074,1,369,589,106,83,0.98714674,-1,-1,-1
00074,1,1181,327,420,329,0.9500417,-1,-1,-1
00074,1,555,520,116,87,0.94342834,-1,-1,-1
00074,1,307,594,86,60,0.8974109,-1,-1,-1
00074,1,200,592,89,71,0.7598627,-1,-1,-1
00075,1,659,515,436,289,0.9912383,-1,-1,-1
00075,1,371,590,113,83,0.99010557,-1,-1,-1
00075,1,1135,347,466,305,0.96996576,-1,-1,-1
00075,1,309,593,85,62,0.89293575,-1,-1,-1
00075,1,555,522,125,85,0.8824221,-1,-1,-1
00075,1,199,593,89,70,0.8240598,-1,-1,-1
00076,1,691,503,496,318,0.99255145,-1,-1,-1
00076,1,375,591,117,83,0.98635304,-1,-1,-1
00076,1,1112,369,486,283,0.978316,-1,-1,-1
00076,1,310,594,87,62,0.93754363,-1,-1,-1
00076,1,553,521,127,86,0.8732699,-1,-1,-1
00076,1,199,594,89,69,0.7992657,-1,-1,-1
00077,1,738,493,553,344,0.9907278,-1,-1,-1
00077,1,384,588,114,86,0.9841785,-1,-1,-1
00077,1,314,592,84,64,0.96393734,-1,-1,-1
00077,1,1108,373,481,275,0.90980107,-1,-1,-1
00077,1,553,521,127,86,0.865671,-1,-1,-1
00077,1,249,591,69,68,0.8126583,-1,-1,-1
00078,1,388,588,119,86,0.99274933,-1,-1,-1
00078,1,789,484,583,371,0.9876559,-1,-1,-1
00078,1,313,592,85,67,0.9820625,-1,-1,-1
00078,1,553,521,128,86,0.89179236,-1,-1,-1
00078,1,1088,386,462,265,0.8915989,-1,-1,-1
00078,1,251,594,68,65,0.81828153,-1,-1,-1
00078,1,200,595,86,68,0.72918457,-1,-1,-1
00079,1,806,473,728,436,0.99372166,-1,-1,-1
00079,1,396,586,121,92,0.98245895,-1,-1,-1
00079,1,317,593,87,65,0.9748248,-1,-1,-1
00079,1,554,521,125,86,0.8839211,-1,-1,-1
00079,1,1064,415,459,200,0.7561142,-1,-1,-1
00079,1,250,593,69,66,0.7268267,-1,-1,-1
00079,1,200,595,86,69,0.71672374,-1,-1,-1
00080,1,401,586,128,95,0.98571014,-1,-1,-1
00080,1,840,463,761,456,0.9829829,-1,-1,-1
00080,1,318,594,84,65,0.97118235,-1,-1,-1
00080,1,554,521,125,86,0.89654243,-1,-1,-1
00080,1,248,595,71,63,0.85943216,-1,-1,-1
00081,1,887,435,714,532,0.9846069,-1,-1,-1
00081,1,409,584,128,98,0.9837059,-1,-1,-1
00081,1,322,595,85,64,0.9711917,-1,-1,-1
00081,1,247,598,74,60,0.9286605,-1,-1,-1
00081,1,553,522,128,85,0.8840514,-1,-1,-1
00082,1,995,415,606,531,0.9979005,-1,-1,-1
00082,1,412,581,136,103,0.9839484,-1,-1,-1
00082,1,326,594,87,66,0.9754372,-1,-1,-1
00082,1,246,599,77,59,0.93136406,-1,-1,-1
00082,1,554,522,127,85,0.8845436,-1,-1,-1
00083,1,874,432,410,205,0.98999447,-1,-1,-1
00083,1,414,579,146,110,0.98376286,-1,-1,-1
00083,1,328,593,87,71,0.9802439,-1,-1,-1
00083,1,1106,437,495,524,0.96708494,-1,-1,-1
00083,1,246,599,75,60,0.931714,-1,-1,-1
00083,1,553,523,127,85,0.91124815,-1,-1,-1
00084,1,852,425,366,220,0.99466115,-1,-1,-1
00084,1,1242,419,359,541,0.99103606,-1,-1,-1
00084,1,332,594,88,69,0.97847784,-1,-1,-1
00084,1,420,581,152,109,0.9740074,-1,-1,-1
00084,1,245,600,77,60,0.95214677,-1,-1,-1
00084,1,554,523,126,85,0.89719313,-1,-1,-1
00085,1,825,430,350,222,0.9927511,-1,-1,-1
00085,1,336,593,89,71,0.9826711,-1,-1,-1
00085,1,431,580,151,112,0.9705432,-1,-1,-1
00085,1,244,599,78,62,0.9358811,-1,-1,-1
00085,1,555,523,125,84,0.9080955,-1,-1,-1
00086,1,800,439,340,204,0.99241745,-1,-1,-1
00086,1,338,593,90,69,0.9810011,-1,-1,-1
00086,1,441,582,158,113,0.9585917,-1,-1,-1
00086,1,244,598,78,65,0.9117928,-1,-1,-1
00086,1,555,524,125,83,0.8443142,-1,-1,-1
00087,1,792,449,303,198,0.99049765,-1,-1,-1
00087,1,343,595,90,68,0.9902721,-1,-1,-1
00087,1,445,580,170,119,0.9704514,-1,-1,-1
00087,1,245,599,77,66,0.9487922,-1,-1,-1
00088,1,755,459,305,192,0.9932347,-1,-1,-1
00088,1,347,593,91,71,0.9839282,-1,-1,-1
00088,1,464,584,168,116,0.96401656,-1,-1,-1
00088,1,245,601,79,65,0.95273286,-1,-1,-1
00088,1,1491,230,81,69,0.70447814,-1,-1,-1
00089,1,741,465,273,180,0.99326515,-1,-1,-1
00089,1,351,589,93,77,0.9886885,-1,-1,-1
00089,1,479,568,169,137,0.97254974,-1,-1,-1
00089,1,247,602,77,65,0.93795615,-1,-1,-1
00090,1,707,472,284,169,0.99130297,-1,-1,-1
00090,1,351,590,97,77,0.988079,-1,-1,-1
00090,1,492,573,182,132,0.9700126,-1,-1,-1
00090,1,250,601,77,68,0.9697146,-1,-1,-1
00090,1,553,526,128,81,0.778451,-1,-1,-1
00091,1,357,592,96,76,0.9918434,-1,-1,-1
00091,1,689,482,278,157,0.9858665,-1,-1,-1
00091,1,251,602,79,69,0.98110044,-1,-1,-1
00091,1,509,571,189,134,0.97847795,-1,-1,-1
00092,1,362,590,97,79,0.98802596,-1,-1,-1
00092,1,249,605,80,70,0.97149223,-1,-1,-1
00092,1,689,478,248,165,0.9624862,-1,-1,-1
00092,1,1332,332,269,315,0.9544751,-1,-1,-1
00092,1,526,573,201,142,0.91832113,-1,-1,-1
00093,1,367,588,101,82,0.98873085,-1,-1,-1
00093,1,250,604,80,72,0.97762305,-1,-1,-1
00093,1,1266,327,335,325,0.9739101,-1,-1,-1
00093,1,524,566,231,150,0.96864265,-1,-1,-1
00093,1,672,495,239,149,0.8922207,-1,-1,-1
00094,1,544,570,239,151,0.9937168,-1,-1,-1
00094,1,373,589,103,81,0.9887475,-1,-1,-1
00094,1,249,604,82,72,0.98126215,-1,-1,-1
00094,1,1215,330,386,321,0.96960044,-1,-1,-1
00095,1,377,589,105,85,0.9851361,-1,-1,-1
00095,1,250,605,81,72,0.98233205,-1,-1,-1
00095,1,1176,323,425,318,0.9778401,-1,-1,-1
00095,1,567,562,254,174,0.96883595,-1,-1,-1
00095,1,646,503,212,132,0.7685604,-1,-1,-1
00096,1,381,585,112,90,0.984874,-1,-1,-1
00096,1,254,604,79,73,0.98377186,-1,-1,-1
00096,1,1130,341,471,300,0.9830011,-1,-1,-1
00096,1,593,560,276,180,0.9731059,-1,-1,-1
00097,1,1070,352,520,300,0.9902277,-1,-1,-1
00097,1,255,604,80,75,0.9887368,-1,-1,-1
00097,1,392,588,108,90,0.98531044,-1,-1,-1
00097,1,616,559,307,186,0.97212,-1,-1,-1
00098,1,1042,357,515,291,0.9928669,-1,-1,-1
00098,1,252,605,85,75,0.9889048,-1,-1,-1
00098,1,395,584,115,92,0.9862352,-1,-1,-1
00098,1,644,545,333,208,0.9404292,-1,-1,-1
00099,1,256,604,84,79,0.9909292,-1,-1,-1
00099,1,404,581,118,95,0.98595226,-1,-1,-1
00099,1,986,367,509,278,0.9833387,-1,-1,-1
00099,1,675,534,371,229,0.969993,-1,-1,-1
00100,1,255,607,88,76,0.99298096,-1,-1,-1
00100,1,408,582,130,95,0.9798219,-1,-1,-1
00100,1,719,529,396,242,0.96793115,-1,-1,-1
00100,1,951,384,471,263,0.9295508,-1,-1,-1
00100,1,569,504,187,145,0.86908585,-1,-1,-1
00100,1,201,609,65,59,0.71943045,-1,-1,-1
00101,1,260,603,90,81,0.9877416,-1,-1,-1
00101,1,416,579,137,101,0.9710311,-1,-1,-1
00101,1,759,525,453,262,0.95432234,-1,-1,-1
00101,1,557,507,190,139,0.9266575,-1,-1,-1
00101,1,965,405,381,245,0.7891105,-1,-1,-1
00102,1,261,605,86,84,0.9848022,-1,-1,-1
00102,1,424,579,143,103,0.97741586,-1,-1,-1
00102,1,815,523,517,276,0.9589889,-1,-1,-1
00102,1,551,516,175,126,0.8447717,-1,-1,-1
00102,1,893,403,436,221,0.8298449,-1,-1,-1
00103,1,260,609,87,83,0.9902622,-1,-1,-1
00103,1,430,574,150,113,0.9893736,-1,-1,-1
00103,1,857,489,616,352,0.91607875,-1,-1,-1
00103,1,541,519,180,122,0.88054454,-1,-1,-1
00103,1,876,439,403,200,0.8292975,-1,-1,-1
00104,1,980,474,611,398,0.99294853,-1,-1,-1
00104,1,262,607,94,86,0.98847383,-1,-1,-1
00104,1,441,578,155,114,0.9714668,-1,-1,-1
00104,1,840,429,364,214,0.94640356,-1,-1,-1
00104,1,541,523,164,118,0.73155236,-1,-1,-1
00105,1,1050,488,551,424,0.9978502,-1,-1,-1
00105,1,262,607,95,86,0.9897775,-1,-1,-1
00105,1,805,431,347,222,0.98663414,-1,-1,-1
00105,1,449,578,168,116,0.94396245,-1,-1,-1
00106,1,793,446,315,205,0.9904516,-1,-1,-1
00106,1,266,610,97,86,0.9890511,-1,-1,-1
00106,1,1166,454,435,422,0.93280387,-1,-1,-1
00106,1,468,574,166,119,0.78807354,-1,-1,-1
00107,1,260,611,115,91,0.9954312,-1,-1,-1
00107,1,766,452,284,190,0.99099076,-1,-1,-1
00107,1,1311,507,290,393,0.80918837,-1,-1,-1
00107,1,493,543,178,119,0.8042025,-1,-1,-1
00108,1,264,612,116,91,0.99470574,-1,-1,-1
00108,1,740,461,280,185,0.9926819,-1,-1,-1
00108,1,515,573,163,118,0.8673092,-1,-1,-1
00109,1,266,614,119,92,0.99420494,-1,-1,-1
00109,1,712,476,278,164,0.9757825,-1,-1,-1
00109,1,200,606,64,59,0.807123,-1,-1,-1
00109,1,508,559,197,146,0.77206635,-1,-1,-1
00110,1,272,612,114,100,0.9945992,-1,-1,-1
00110,1,527,567,213,139,0.8793613,-1,-1,-1
00110,1,704,475,239,164,0.8040151,-1,-1,-1
00110,1,200,607,64,58,0.79154426,-1,-1,-1
00110,1,479,530,156,107,0.7125305,-1,-1,-1
00111,1,270,617,124,98,0.99553925,-1,-1,-1
00111,1,547,560,222,148,0.977777,-1,-1,-1
00111,1,477,536,125,94,0.95362866,-1,-1,-1
00111,1,198,605,67,60,0.9092313,-1,-1,-1
00112,1,277,615,121,103,0.9938268,-1,-1,-1
00112,1,470,530,130,105,0.977141,-1,-1,-1
00112,1,574,563,243,154,0.9694541,-1,-1,-1
00112,1,199,606,65,58,0.9157198,-1,-1,-1
00112,1,268,601,64,55,0.7941952,-1,-1,-1
00112,1,639,488,243,152,0.7459872,-1,-1,-1
00113,1,280,615,128,109,0.99525684,-1,-1,-1
00113,1,465,534,142,98,0.9762902,-1,-1,-1
00113,1,600,544,269,171,0.9597678,-1,-1,-1
00113,1,198,605,66,60,0.9002853,-1,-1,-1
00113,1,268,600,67,55,0.88373876,-1,-1,-1
00114,1,282,620,129,105,0.99497616,-1,-1,-1
00114,1,199,606,65,59,0.92149645,-1,-1,-1
00114,1,459,533,139,102,0.90795076,-1,-1,-1
00114,1,269,599,68,55,0.9060267,-1,-1,-1
00114,1,627,546,293,181,0.74547184,-1,-1,-1
00115,1,288,620,134,109,0.99178106,-1,-1,-1
00115,1,451,539,124,94,0.9621254,-1,-1,-1
00115,1,271,599,68,55,0.88191026,-1,-1,-1
00115,1,199,605,64,60,0.86866486,-1,-1,-1
00115,1,671,535,315,206,0.84848946,-1,-1,-1
00116,1,289,622,148,114,0.99357224,-1,-1,-1
00116,1,718,528,352,217,0.9624233,-1,-1,-1
00116,1,448,538,119,97,0.9573416,-1,-1,-1
00116,1,272,598,70,58,0.90922695,-1,-1,-1
00116,1,199,604,64,61,0.88555384,-1,-1,-1
00117,1,289,620,152,121,0.9967996,-1,-1,-1
00117,1,776,524,394,235,0.9658514,-1,-1,-1
00117,1,440,544,115,92,0.9558409,-1,-1,-1
00117,1,273,597,72,59,0.9439008,-1,-1,-1
00117,1,199,603,64,63,0.84343296,-1,-1,-1
00117,1,583,493,191,154,0.73350483,-1,-1,-1
00118,1,292,622,160,124,0.9971169,-1,-1,-1
00118,1,438,546,114,89,0.97456044,-1,-1,-1
00118,1,865,506,404,265,0.9714835,-1,-1,-1
00118,1,275,598,71,60,0.9528369,-1,-1,-1
00118,1,572,506,169,136,0.77362144,-1,-1,-1
00119,1,300,623,166,130,0.98472553,-1,-1,-1
00119,1,895,487,553,312,0.97998995,-1,-1,-1
00119,1,434,547,113,88,0.9792706,-1,-1,-1
00119,1,276,597,71,60,0.9710797,-1,-1,-1
00119,1,558,512,186,136,0.9501029,-1,-1,-1
00119,1,1469,240,94,88,0.75729257,-1,-1,-1
00120,1,429,550,111,84,0.98349863,-1,-1,-1
00120,1,1030,469,554,350,0.97504437,-1,-1,-1
00120,1,308,623,171,137,0.9735604,-1,-1,-1
00120,1,277,597,74,61,0.9672285,-1,-1,-1
00120,1,552,513,173,130,0.9286045,-1,-1,-1
00121,1,538,517,179,127,0.99268556,-1,-1,-1
00121,1,1103,437,498,394,0.9896087,-1,-1,-1
00121,1,314,624,175,144,0.9700909,-1,-1,-1
00121,1,279,596,74,63,0.95835143,-1,-1,-1
00121,1,424,553,112,86,0.94860166,-1,-1,-1
00121,1,205,605,60,59,0.719028,-1,-1,-1
00122,1,532,519,176,124,0.99235475,-1,-1,-1
00122,1,323,622,183,157,0.98171014,-1,-1,-1
00122,1,422,552,101,84,0.9802239,-1,-1,-1
00122,1,281,598,73,61,0.94587064,-1,-1,-1
00122,1,1263,448,338,393,0.9106899,-1,-1,-1
00122,1,205,606,59,58,0.7437322,-1,-1,-1
00123,1,519,523,172,117,0.9871094,-1,-1,-1
00123,1,415,551,105,85,0.9861696,-1,-1,-1
00123,1,330,630,206,151,0.95900494,-1,-1,-1
00123,1,282,598,74,64,0.9479704,-1,-1,-1
00123,1,1466,244,97,91,0.86797744,-1,-1,-1
00123,1,206,607,58,58,0.7271734,-1,-1,-1
00124,1,339,627,213,174,0.98926204,-1,-1,-1
00124,1,522,521,148,119,0.981415,-1,-1,-1
00124,1,284,597,76,64,0.96581405,-1,-1,-1
00124,1,1468,244,95,91,0.9291699,-1,-1,-1
00124,1,414,546,97,90,0.92863595,-1,-1,-1
00124,1,202,601,62,68,0.7665018,-1,-1,-1
00125,1,349,626,233,187,0.9781029,-1,-1,-1
00125,1,512,523,148,114,0.9720691,-1,-1,-1
00125,1,411,553,95,83,0.9669275,-1,-1,-1
00125,1,1465,245,98,92,0.9517354,-1,-1,-1
00125,1,287,599,79,63,0.9500547,-1,-1,-1
00125,1,202,602,62,66,0.8715347,-1,-1,-1
00126,1,369,630,246,203,0.9847519,-1,-1,-1
00126,1,288,596,81,66,0.9801892,-1,-1,-1
00126,1,503,529,148,112,0.96351,-1,-1,-1
00126,1,406,554,96,84,0.95997345,-1,-1,-1
00126,1,1465,243,99,96,0.9567403,-1,-1,-1
00126,1,202,602,63,66,0.87352455,-1,-1,-1
00127,1,493,531,142,109,0.9859591,-1,-1,-1
00127,1,290,596,81,65,0.97681445,-1,-1,-1
00127,1,403,556,97,80,0.97472966,-1,-1,-1
00127,1,384,641,267,205,0.97050864,-1,-1,-1
00127,1,1464,248,98,91,0.94722986,-1,-1,-1
00127,1,202,601,62,66,0.88749516,-1,-1,-1
00128,1,293,594,83,68,0.9906002,-1,-1,-1
00128,1,484,532,141,108,0.9856851,-1,-1,-1
00128,1,393,639,313,231,0.98413473,-1,-1,-1
00128,1,394,555,107,81,0.9476677,-1,-1,-1
00128,1,1463,248,100,93,0.93619317,-1,-1,-1
00128,1,201,602,63,64,0.9288107,-1,-1,-1
00129,1,424,625,338,271,0.99556965,-1,-1,-1
00129,1,294,595,86,70,0.9918854,-1,-1,-1
00129,1,476,537,138,101,0.9824568,-1,-1,-1
00129,1,199,601,66,65,0.9415131,-1,-1,-1
00129,1,1462,247,101,94,0.86630875,-1,-1,-1
00129,1,387,560,103,77,0.8503299,-1,-1,-1
00130,1,445,624,393,323,0.9962379,-1,-1,-1
00130,1,471,536,139,100,0.9904207,-1,-1,-1
00130,1,297,595,86,73,0.98931026,-1,-1,-1
00130,1,384,557,98,79,0.94004613,-1,-1,-1
00130,1,199,601,67,65,0.9361571,-1,-1,-1
00130,1,1461,249,102,95,0.9138345,-1,-1,-1
00131,1,476,621,474,379,0.995876,-1,-1,-1
00131,1,299,595,88,74,0.989296,-1,-1,-1
00131,1,460,538,143,97,0.98859507,-1,-1,-1
00131,1,197,598,69,71,0.9437117,-1,-1,-1
00131,1,1461,249,102,97,0.931755,-1,-1,-1
00131,1,381,557,98,78,0.9097062,-1,-1,-1
00132,1,507,648,604,452,0.9994097,-1,-1,-1
00132,1,302,594,93,77,0.98644894,-1,-1,-1
00132,1,1459,248,105,99,0.9487021,-1,-1,-1
00132,1,459,534,130,100,0.9425666,-1,-1,-1
00132,1,200,603,66,64,0.8816327,-1,-1,-1
00133,1,606,649,760,536,0.9943012,-1,-1,-1
00133,1,302,594,100,78,0.9914043,-1,-1,-1
00133,1,1458,249,104,99,0.96589166,-1,-1,-1
00133,1,451,538,131,100,0.9482206,-1,-1,-1
00133,1,197,600,71,69,0.94781435,-1,-1,-1
00134,1,307,594,97,77,0.99579763,-1,-1,-1
00134,1,630,643,971,558,0.9904392,-1,-1,-1
00134,1,1457,250,105,99,0.96842134,-1,-1,-1
00134,1,195,595,73,76,0.9004022,-1,-1,-1
00134,1,443,540,131,99,0.8920446,-1,-1,-1
00134,1,370,561,91,73,0.7391512,-1,-1,-1
00135,1,311,591,100,79,0.99006546,-1,-1,-1
00135,1,765,639,836,562,0.98033386,-1,-1,-1
00135,1,1453,253,110,96,0.9667963,-1,-1,-1
00135,1,200,602,67,66,0.8925726,-1,-1,-1
00135,1,438,546,123,90,0.8571641,-1,-1,-1
00136,1,902,630,699,571,0.9900709,-1,-1,-1
00136,1,314,590,102,80,0.97845435,-1,-1,-1
00136,1,1455,253,106,99,0.94637495,-1,-1,-1
00136,1,199,600,69,68,0.9419266,-1,-1,-1
00136,1,432,550,123,86,0.8596969,-1,-1,-1
00136,1,559,521,113,87,0.855361,-1,-1,-1
00137,1,320,591,98,80,0.99053156,-1,-1,-1
00137,1,1453,253,108,101,0.9645933,-1,-1,-1
00137,1,434,551,111,83,0.9498458,-1,-1,-1
00137,1,558,521,113,87,0.93713284,-1,-1,-1
00137,1,198,598,71,70,0.9207823,-1,-1,-1
00138,1,323,590,105,81,0.98962957,-1,-1,-1
00138,1,1451,253,111,103,0.96419775,-1,-1,-1
00138,1,557,521,114,86,0.9523756,-1,-1,-1
00138,1,197,597,72,71,0.9261222,-1,-1,-1
00139,1,327,577,114,93,0.9859715,-1,-1,-1
00139,1,557,521,113,87,0.96559995,-1,-1,-1
00139,1,1450,253,112,105,0.9542298,-1,-1,-1
00139,1,201,596,67,70,0.91951656,-1,-1,-1
00139,1,422,551,105,84,0.86503184,-1,-1,-1
00140,1,335,585,116,92,0.9868433,-1,-1,-1
00140,1,556,521,114,87,0.96740913,-1,-1,-1
00140,1,1449,256,110,104,0.9559988,-1,-1,-1
00140,1,201,601,67,65,0.84458464,-1,-1,-1
00140,1,419,552,109,81,0.70248556,-1,-1,-1
00141,1,342,576,111,98,0.98965985,-1,-1,-1
00141,1,1449,254,115,105,0.93553483,-1,-1,-1
00141,1,554,523,124,85,0.8633562,-1,-1,-1
00141,1,201,599,67,65,0.8405109,-1,-1,-1
00142,1,345,576,112,100,0.99295795,-1,-1,-1
00142,1,1447,255,118,106,0.92938584,-1,-1,-1
00142,1,553,523,125,85,0.85607177,-1,-1,-1
00142,1,201,593,66,70,0.8265962,-1,-1,-1
00143,1,347,573,113,103,0.9939551,-1,-1,-1
00143,1,1447,255,118,107,0.92344934,-1,-1,-1
00143,1,553,522,126,86,0.8758005,-1,-1,-1
00143,1,201,598,67,67,0.85957676,-1,-1,-1
00144,1,354,576,120,103,0.9871156,-1,-1,-1
00144,1,1446,261,114,103,0.94838077,-1,-1,-1
00144,1,553,522,126,86,0.8573159,-1,-1,-1
00144,1,201,597,67,68,0.8570099,-1,-1,-1
00145,1,365,591,117,89,0.95458364,-1,-1,-1
00145,1,554,522,125,86,0.90431076,-1,-1,-1
00145,1,1442,259,122,105,0.89771366,-1,-1,-1
00145,1,201,598,66,67,0.87814265,-1,-1,-1
00145,1,396,561,101,76,0.79484963,-1,-1,-1
00146,1,374,590,118,93,0.93108195,-1,-1,-1
00146,1,554,522,125,86,0.90234315,-1,-1,-1
00146,1,197,594,71,73,0.86372477,-1,-1,-1
00146,1,1443,261,112,110,0.8498929,-1,-1,-1
00147,1,378,583,131,98,0.96807635,-1,-1,-1
00147,1,554,522,125,86,0.908517,-1,-1,-1
00147,1,1442,261,113,111,0.8478828,-1,-1,-1
00147,1,202,592,65,72,0.8417045,-1,-1,-1
00148,1,384,580,130,102,0.97663283,-1,-1,-1
00148,1,1440,264,118,110,0.9512131,-1,-1,-1
00148,1,553,522,126,86,0.9104051,-1,-1,-1
00148,1,203,593,64,70,0.8593764,-1,-1,-1
00149,1,394,586,132,100,0.97496414,-1,-1,-1
00149,1,553,522,126,85,0.9130526,-1,-1,-1
00149,1,1443,267,115,110,0.8830648,-1,-1,-1
00149,1,331,571,81,66,0.813639,-1,-1,-1
00149,1,203,596,64,67,0.8090941,-1,-1,-1
00150,1,402,587,138,104,0.99141204,-1,-1,-1
00150,1,554,522,125,85,0.90268916,-1,-1,-1
00150,1,328,572,79,64,0.8453176,-1,-1,-1
00150,1,203,595,64,68,0.8301523,-1,-1,-1
00150,1,1434,268,120,110,0.8054122,-1,-1,-1
00151,1,405,582,150,113,0.9763435,-1,-1,-1
00151,1,201,594,66,69,0.8388524,-1,-1,-1
00151,1,1432,270,123,109,0.82403475,-1,-1,-1
00151,1,552,522,129,85,0.8233013,-1,-1,-1
00151,1,325,572,80,64,0.77726173,-1,-1,-1
00152,1,413,583,162,116,0.97148275,-1,-1,-1
00152,1,1437,271,119,111,0.86512345,-1,-1,-1
00152,1,553,522,128,86,0.843372,-1,-1,-1
00152,1,201,592,67,71,0.8357482,-1,-1,-1
00152,1,322,573,83,63,0.7695888,-1,-1,-1
00153,1,423,583,169,116,0.98429614,-1,-1,-1
00153,1,1433,272,124,110,0.8432896,-1,-1,-1
00153,1,554,523,127,85,0.841834,-1,-1,-1
00153,1,202,594,66,69,0.8170256,-1,-1,-1
00153,1,322,571,79,65,0.76442707,-1,-1,-1
00154,1,439,585,170,119,0.98806316,-1,-1,-1
00154,1,319,572,79,63,0.8629329,-1,-1,-1
00154,1,202,594,67,70,0.8411941,-1,-1,-1
00154,1,555,524,125,84,0.79825264,-1,-1,-1
00154,1,1434,273,122,113,0.77068216,-1,-1,-1
00155,1,454,574,179,136,0.9603204,-1,-1,-1
00155,1,318,572,78,63,0.86499757,-1,-1,-1
00155,1,203,592,67,71,0.8522159,-1,-1,-1
00155,1,1428,272,129,118,0.7380328,-1,-1,-1
00156,1,475,572,187,141,0.8576356,-1,-1,-1
00156,1,202,592,68,71,0.83304256,-1,-1,-1
00156,1,315,570,79,65,0.74693125,-1,-1,-1
00156,1,1426,273,131,123,0.74216664,-1,-1,-1
00157,1,489,566,191,150,0.93599606,-1,-1,-1
00157,1,202,593,68,69,0.8310261,-1,-1,-1
00157,1,1425,276,131,121,0.7475505,-1,-1,-1
00158,1,508,568,215,151,0.977786,-1,-1,-1
00158,1,203,591,67,72,0.86881167,-1,-1,-1
00158,1,1431,280,124,121,0.8042052,-1,-1,-1
00159,1,520,568,244,158,0.98184764,-1,-1,-1
00159,1,204,590,66,73,0.8572961,-1,-1,-1
00159,1,1428,283,127,119,0.8315944,-1,-1,-1
00160,1,539,559,263,178,0.97641414,-1,-1,-1
00160,1,1424,285,131,118,0.8656425,-1,-1,-1
00160,1,203,589,67,72,0.8016591,-1,-1,-1
00160,1,307,571,80,66,0.71920025,-1,-1,-1
00161,1,565,554,289,194,0.98974705,-1,-1,-1
00161,1,548,521,120,87,0.85320246,-1,-1,-1
00161,1,1422,286,134,120,0.83110404,-1,-1,-1
00161,1,305,571,78,66,0.7706705,-1,-1,-1
00161,1,207,588,65,70,0.7347755,-1,-1,-1
00162,1,556,519,114,88,0.94804895,-1,-1,-1
00162,1,591,545,317,210,0.9451602,-1,-1,-1
00162,1,1422,288,131,119,0.898287,-1,-1,-1
00162,1,207,589,65,70,0.7472908,-1,-1,-1
00163,1,556,521,115,87,0.9646054,-1,-1,-1
00163,1,632,541,343,225,0.94040865,-1,-1,-1
00163,1,1419,287,132,124,0.86282825,-1,-1,-1
00163,1,204,590,68,71,0.81726944,-1,-1,-1
00163,1,337,567,87,69,0.79242754,-1,-1,-1
00164,1,689,525,376,253,0.9826837,-1,-1,-1
00164,1,1417,288,135,124,0.83040714,-1,-1,-1
00164,1,335,567,86,71,0.801425,-1,-1,-1
00164,1,553,521,125,87,0.77842253,-1,-1,-1
00164,1,207,588,66,71,0.7451461,-1,-1,-1
00165,1,735,521,442,269,0.98430854,-1,-1,-1
00165,1,555,521,117,87,0.9611039,-1,-1,-1
00165,1,1415,288,139,128,0.83578753,-1,-1,-1
00165,1,203,590,70,71,0.80017865,-1,-1,-1
00165,1,334,568,84,69,0.71610034,-1,-1,-1
00166,1,787,512,523,307,0.9801995,-1,-1,-1
00166,1,555,521,117,87,0.9672213,-1,-1,-1
00166,1,1414,289,141,129,0.8508558,-1,-1,-1
00166,1,207,589,66,70,0.77298945,-1,-1,-1
00166,1,333,572,81,64,0.74856615,-1,-1,-1
00167,1,892,485,585,354,0.98779404,-1,-1,-1
00167,1,554,521,118,87,0.9735483,-1,-1,-1
00167,1,1412,289,143,131,0.8163425,-1,-1,-1
00167,1,207,588,66,71,0.7615845,-1,-1,-1
00167,1,332,573,79,63,0.72791255,-1,-1,-1
00168,1,993,458,608,429,0.9927248,-1,-1,-1
00168,1,553,522,127,87,0.9466147,-1,-1,-1
00168,1,1410,293,142,127,0.7771529,-1,-1,-1
00168,1,207,588,68,71,0.7574146,-1,-1,-1
00168,1,292,573,79,62,0.7273834,-1,-1,-1
00169,1,1089,448,512,425,0.99650073,-1,-1,-1
00169,1,552,521,128,87,0.9582239,-1,-1,-1
00169,1,207,587,68,73,0.77835554,-1,-1,-1
00169,1,291,572,80,64,0.7029789,-1,-1,-1
00170,1,551,521,130,88,0.9564557,-1,-1,-1
00170,1,1226,486,357,405,0.9506954,-1,-1,-1
00170,1,205,590,70,71,0.82003474,-1,-1,-1
00171,1,552,520,120,88,0.972232,-1,-1,-1
00171,1,308,567,90,72,0.7330676,-1,-1,-1
00171,1,207,588,70,72,0.70470756,-1,-1,-1
00172,1,552,520,120,88,0.9725127,-1,-1,-1
00172,1,309,564,87,74,0.75203556,-1,-1,-1
00173,1,552,520,120,88,0.9726353,-1,-1,-1
00173,1,312,567,83,70,0.8192849,-1,-1,-1
00173,1,212,588,66,68,0.7153238,-1,-1,-1
00174,1,552,520,120,88,0.97251636,-1,-1,-1
00174,1,310,566,83,71,0.812869,-1,-1,-1
00174,1,211,589,67,67,0.7058556,-1,-1,-1
00175,1,552,520,120,88,0.9730339,-1,-1,-1
00175,1,205,591,74,70,0.72583693,-1,-1,-1
00176,1,551,520,130,89,0.9509121,-1,-1,-1
00177,1,551,520,130,89,0.9492064,-1,-1,-1
00177,1,1401,309,146,130,0.7624584,-1,-1,-1
00178,1,552,520,120,88,0.97458357,-1,-1,-1
00178,1,1399,309,148,132,0.7501837,-1,-1,-1
00179,1,552,520,120,88,0.974683,-1,-1,-1
00179,1,1398,309,150,135,0.7995918,-1,-1,-1
00180,1,552,520,120,88,0.97464967,-1,-1,-1
00180,1,1396,310,152,132,0.7190547,-1,-1,-1
00181,1,552,520,129,88,0.94449586,-1,-1,-1
00182,1,552,521,129,87,0.9435286,-1,-1,-1
00182,1,1396,311,151,132,0.70579994,-1,-1,-1
00183,1,552,521,129,87,0.94352883,-1,-1,-1
00183,1,281,571,94,66,0.8168393,-1,-1,-1
00183,1,1396,310,150,134,0.7019226,-1,-1,-1
00184,1,552,520,120,87,0.96930355,-1,-1,-1
00184,1,1396,311,150,133,0.7107083,-1,-1,-1
00184,1,283,568,88,70,0.7089368,-1,-1,-1
00185,1,552,519,120,88,0.9677048,-1,-1,-1
00186,1,552,519,121,88,0.96877176,-1,-1,-1
00186,1,1392,315,154,129,0.71677107,-1,-1,-1
00187,1,551,520,130,88,0.9444778,-1,-1,-1
00187,1,1393,314,154,130,0.70805657,-1,-1,-1
00188,1,551,520,130,88,0.94440836,-1,-1,-1
00188,1,1393,314,154,130,0.71025157,-1,-1,-1
00189,1,551,520,130,88,0.9439366,-1,-1,-1
00189,1,1393,313,154,131,0.7350584,-1,-1,-1
00190,1,551,520,130,88,0.9422009,-1,-1,-1
00190,1,1393,313,155,131,0.74630433,-1,-1,-1
00191,1,551,521,131,87,0.9287258,-1,-1,-1
00192,1,552,521,130,87,0.9325227,-1,-1,-1
00193,1,554,520,118,87,0.97150326,-1,-1,-1
00194,1,554,520,118,87,0.97164404,-1,-1,-1
00195,1,554,521,118,86,0.9719615,-1,-1,-1
00195,1,200,593,75,71,0.71792513,-1,-1,-1
00196,1,554,521,118,86,0.972056,-1,-1,-1
00196,1,204,593,70,70,0.79176414,-1,-1,-1
00197,1,554,520,118,87,0.97180915,-1,-1,-1
00197,1,203,592,76,71,0.7239217,-1,-1,-1
00198,1,554,520,118,87,0.97168565,-1,-1,-1
00199,1,554,520,118,87,0.9710226,-1,-1,-1
00199,1,204,592,76,72,0.72682077,-1,-1,-1
00199,1,1393,311,157,133,0.70575345,-1,-1,-1
00200,1,554,520,118,87,0.969191,-1,-1,-1
00200,1,203,592,76,73,0.77197623,-1,-1,-1
00200,1,1393,311,158,134,0.70415187,-1,-1,-1
00201,1,554,520,118,87,0.96899647,-1,-1,-1
00201,1,203,597,70,68,0.74752766,-1,-1,-1
00201,1,1393,311,158,133,0.70209503,-1,-1,-1
00202,1,554,522,127,86,0.9412839,-1,-1,-1
00202,1,202,592,77,74,0.744379,-1,-1,-1
00202,1,1394,311,157,133,0.72012526,-1,-1,-1
00203,1,554,522,126,86,0.9389867,-1,-1,-1
00203,1,203,592,75,74,0.7774806,-1,-1,-1
00203,1,1394,311,157,133,0.74014956,-1,-1,-1
00204,1,554,520,118,87,0.9707785,-1,-1,-1
00204,1,204,595,68,69,0.79756224,-1,-1,-1
00204,1,1394,311,157,133,0.75078404,-1,-1,-1
00205,1,554,522,126,86,0.9356104,-1,-1,-1
00205,1,204,592,75,74,0.78237945,-1,-1,-1
00205,1,1394,312,157,133,0.7704606,-1,-1,-1
00206,1,554,521,118,86,0.9709085,-1,-1,-1
00206,1,204,592,74,74,0.85220426,-1,-1,-1
00206,1,1394,311,157,134,0.7678074,-1,-1,-1
00207,1,554,520,118,87,0.970688,-1,-1,-1
00207,1,204,595,69,70,0.873416,-1,-1,-1
00207,1,1395,311,157,134,0.78621256,-1,-1,-1
00208,1,554,521,118,86,0.9707253,-1,-1,-1
00208,1,204,592,75,75,0.8338977,-1,-1,-1
00208,1,1394,311,158,134,0.7868759,-1,-1,-1
00209,1,554,521,118,86,0.9703917,-1,-1,-1
00209,1,202,592,75,75,0.8488955,-1,-1,-1
00209,1,1394,312,158,133,0.78170633,-1,-1,-1
00210,1,554,520,118,87,0.97047925,-1,-1,-1
00210,1,203,593,72,72,0.80732226,-1,-1,-1
00210,1,1394,312,158,133,0.8021849,-1,-1,-1
00211,1,555,520,117,87,0.96979094,-1,-1,-1
00211,1,202,592,74,74,0.8471957,-1,-1,-1
00211,1,1394,312,158,133,0.79492134,-1,-1,-1
00212,1,554,522,127,86,0.9371887,-1,-1,-1
00212,1,1394,311,158,134,0.7912724,-1,-1,-1
00212,1,201,592,79,72,0.7386899,-1,-1,-1
00213,1,554,522,127,86,0.93780214,-1,-1,-1
00213,1,1394,311,158,134,0.79080856,-1,-1,-1
00214,1,554,522,127,86,0.9372939,-1,-1,-1
00214,1,1394,311,158,134,0.7811176,-1,-1,-1
00215,1,554,522,127,86,0.938406,-1,-1,-1
00215,1,1394,311,158,134,0.77194947,-1,-1,-1
00216,1,554,522,127,86,0.9386499,-1,-1,-1
00216,1,1394,311,158,134,0.7704013,-1,-1,-1
00217,1,554,522,127,86,0.9411544,-1,-1,-1
00217,1,1394,311,158,134,0.77002084,-1,-1,-1
00218,1,554,522,127,86,0.93933886,-1,-1,-1
00218,1,1394,311,158,134,0.77079666,-1,-1,-1
00218,1,255,582,85,73,0.70520604,-1,-1,-1
00219,1,554,522,127,86,0.9383194,-1,-1,-1
00219,1,1394,311,157,134,0.7724297,-1,-1,-1
00219,1,256,581,85,74,0.76266617,-1,-1,-1
00220,1,554,522,127,86,0.940481,-1,-1,-1
00220,1,1394,311,157,134,0.7772934,-1,-1,-1
00220,1,260,581,83,73,0.7262568,-1,-1,-1
00221,1,554,522,127,86,0.94162345,-1,-1,-1
00221,1,260,582,86,74,0.836757,-1,-1,-1
00221,1,1394,312,157,133,0.77262545,-1,-1,-1
00222,1,554,522,127,86,0.9428395,-1,-1,-1
00222,1,261,583,87,73,0.8898383,-1,-1,-1
00222,1,1394,312,157,133,0.7694163,-1,-1,-1
00222,1,200,597,72,69,0.7208843,-1,-1,-1
00223,1,554,522,127,86,0.940597,-1,-1,-1
00223,1,265,584,85,72,0.93764466,-1,-1,-1
00223,1,1394,312,157,133,0.77544004,-1,-1,-1
00223,1,201,598,71,67,0.7292137,-1,-1,-1
00224,1,554,522,127,86,0.9372407,-1,-1,-1
00224,1,264,582,88,74,0.89030343,-1,-1,-1
00224,1,1394,311,157,134,0.7678058,-1,-1,-1
00225,1,554,522,127,86,0.9349554,-1,-1,-1
00225,1,263,582,92,75,0.8753452,-1,-1,-1
00225,1,1394,312,157,133,0.7687007,-1,-1,-1
00226,1,554,522,127,86,0.9354825,-1,-1,-1
00226,1,265,583,96,73,0.79730433,-1,-1,-1
00226,1,1394,312,157,133,0.7615687,-1,-1,-1
00226,1,200,595,73,71,0.7302681,-1,-1,-1
00227,1,553,521,128,87,0.93601495,-1,-1,-1
00227,1,269,585,92,71,0.8241366,-1,-1,-1
00227,1,1394,312,157,133,0.7653945,-1,-1,-1
00227,1,200,596,72,70,0.74983126,-1,-1,-1
00228,1,554,521,127,87,0.93496615,-1,-1,-1
00228,1,274,585,89,71,0.8013996,-1,-1,-1
00228,1,200,598,71,69,0.76954013,-1,-1,-1
00228,1,1394,312,157,133,0.7652778,-1,-1,-1
00229,1,554,521,127,87,0.9362577,-1,-1,-1
00229,1,277,585,88,71,0.80229884,-1,-1,-1
00229,1,1394,311,158,134,0.73874766,-1,-1,-1
00229,1,199,600,71,66,0.7345567,-1,-1,-1
00230,1,554,521,127,87,0.93706137,-1,-1,-1
00230,1,279,586,88,73,0.78801966,-1,-1,-1
00230,1,1394,311,158,134,0.74464464,-1,-1,-1
00230,1,199,600,71,66,0.7300207,-1,-1,-1
00231,1,284,586,84,72,0.96012706,-1,-1,-1
00231,1,554,521,127,87,0.9362891,-1,-1,-1
00231,1,199,600,71,66,0.75341606,-1,-1,-1
00231,1,1395,311,157,134,0.73636293,-1,-1,-1
00232,1,287,586,85,75,0.96381444,-1,-1,-1
00232,1,554,521,127,87,0.934338,-1,-1,-1
00232,1,1394,311,158,134,0.73470205,-1,-1,-1
00232,1,199,602,70,64,0.7218114,-1,-1,-1
00233,1,282,585,95,76,0.9520014,-1,-1,-1
00233,1,554,521,127,87,0.9338613,-1,-1,-1
00233,1,198,592,83,73,0.7779719,-1,-1,-1
00233,1,1394,311,158,134,0.7325327,-1,-1,-1
00234,1,284,586,96,75,0.9589041,-1,-1,-1
00234,1,554,521,127,87,0.9355864,-1,-1,-1
00234,1,199,593,82,73,0.7711145,-1,-1,-1
00234,1,1394,311,158,134,0.7410494,-1,-1,-1
00235,1,288,586,94,73,0.9416834,-1,-1,-1
00235,1,553,521,128,87,0.9314141,-1,-1,-1
00235,1,1394,312,158,132,0.8065292,-1,-1,-1
00235,1,200,593,80,74,0.75916076,-1,-1,-1
00236,1,292,585,92,74,0.96445435,-1,-1,-1
00236,1,553,521,128,88,0.9396997,-1,-1,-1
00236,1,1394,312,158,132,0.8149243,-1,-1,-1
00236,1,198,599,69,71,0.74088836,-1,-1,-1
00237,1,554,520,118,88,0.97078717,-1,-1,-1
00237,1,293,585,100,75,0.96849144,-1,-1,-1
00237,1,1394,312,158,132,0.82297623,-1,-1,-1
00238,1,554,520,118,88,0.9729101,-1,-1,-1
00238,1,301,585,91,74,0.9605529,-1,-1,-1
00238,1,1394,313,157,131,0.82283914,-1,-1,-1
00238,1,199,598,70,72,0.76012546,-1,-1,-1
00238,1,253,593,84,67,0.73489815,-1,-1,-1
00239,1,304,585,94,78,0.97653663,-1,-1,-1
00239,1,554,520,117,89,0.97364694,-1,-1,-1
00239,1,1394,312,157,133,0.806631,-1,-1,-1
00239,1,254,592,85,69,0.75983685,-1,-1,-1
00239,1,199,606,70,61,0.7486729,-1,-1,-1
00240,1,305,585,95,75,0.9810688,-1,-1,-1
00240,1,554,520,117,89,0.9732808,-1,-1,-1
00240,1,255,592,85,69,0.86137295,-1,-1,-1
00240,1,1394,313,157,131,0.8145464,-1,-1,-1
00240,1,199,606,70,61,0.70097256,-1,-1,-1
00241,1,308,582,96,82,0.9899249,-1,-1,-1
00241,1,552,521,129,88,0.9513102,-1,-1,-1
00241,1,256,590,84,71,0.8653927,-1,-1,-1
00241,1,1394,312,157,133,0.8026301,-1,-1,-1
00242,1,313,580,94,83,0.9734657,-1,-1,-1
00242,1,553,521,128,88,0.9503196,-1,-1,-1
00242,1,257,593,83,68,0.84406716,-1,-1,-1
00242,1,1394,312,157,133,0.80206686,-1,-1,-1
00243,1,312,581,103,83,0.9769092,-1,-1,-1
00243,1,552,521,129,88,0.94967055,-1,-1,-1
00243,1,257,593,86,69,0.8409766,-1,-1,-1
00243,1,1393,312,158,133,0.8002415,-1,-1,-1
00244,1,318,584,104,77,0.9818596,-1,-1,-1
00244,1,552,521,129,88,0.95156515,-1,-1,-1
00244,1,258,595,86,68,0.8909012,-1,-1,-1
00244,1,1394,312,157,133,0.79609686,-1,-1,-1
00245,1,323,584,107,80,0.9925585,-1,-1,-1
00245,1,552,521,129,88,0.9516349,-1,-1,-1
00245,1,258,596,88,68,0.912305,-1,-1,-1
00245,1,1394,312,157,132,0.7951175,-1,-1,-1
00246,1,322,584,114,81,0.97660136,-1,-1,-1
00246,1,552,521,129,88,0.9513438,-1,-1,-1
00246,1,259,597,88,68,0.9331307,-1,-1,-1
00246,1,1394,312,157,132,0.7985791,-1,-1,-1
00247,1,552,521,129,88,0.9498344,-1,-1,-1
00247,1,327,582,111,88,0.9450169,-1,-1,-1
00247,1,262,598,86,68,0.9282217,-1,-1,-1
00247,1,1394,312,158,132,0.8076377,-1,-1,-1
00248,1,552,521,129,88,0.9527587,-1,-1,-1
00248,1,263,597,84,70,0.9434473,-1,-1,-1
00248,1,332,582,113,86,0.9005267,-1,-1,-1
00248,1,1394,312,158,132,0.8063764,-1,-1,-1
00249,1,339,581,114,89,0.97922003,-1,-1,-1
00249,1,262,595,89,75,0.9574599,-1,-1,-1
00249,1,552,521,129,88,0.95476705,-1,-1,-1
00249,1,1394,312,158,132,0.8022988,-1,-1,-1
00250,1,343,579,116,91,0.9811615,-1,-1,-1
00250,1,262,597,90,75,0.9715044,-1,-1,-1
00250,1,552,521,129,87,0.95018524,-1,-1,-1
00250,1,1394,313,158,131,0.79077286,-1,-1,-1
00251,1,261,595,92,80,0.9559109,-1,-1,-1
00251,1,552,520,129,88,0.9512443,-1,-1,-1
00251,1,346,574,123,98,0.9353732,-1,-1,-1
00251,1,1394,312,157,132,0.8061872,-1,-1,-1
00252,1,263,598,91,79,0.97613347,-1,-1,-1
00252,1,552,520,129,88,0.95133793,-1,-1,-1
00252,1,352,572,127,101,0.94368154,-1,-1,-1
00252,1,1394,313,157,131,0.79769677,-1,-1,-1
00253,1,267,600,91,81,0.99012685,-1,-1,-1
00253,1,553,521,128,87,0.94537026,-1,-1,-1
00253,1,358,571,130,103,0.9383735,-1,-1,-1
00253,1,1393,313,158,131,0.7873704,-1,-1,-1
00254,1,269,600,93,83,0.9839792,-1,-1,-1
00254,1,358,572,139,105,0.96825355,-1,-1,-1
00254,1,552,521,129,87,0.9372558,-1,-1,-1
00254,1,1393,313,158,131,0.7965593,-1,-1,-1
00255,1,266,600,102,86,0.9885566,-1,-1,-1
00255,1,363,572,144,106,0.9490459,-1,-1,-1
00255,1,553,521,128,87,0.9413348,-1,-1,-1
00255,1,1393,312,158,132,0.8020693,-1,-1,-1
00256,1,268,600,101,89,0.99031657,-1,-1,-1
00256,1,554,521,119,87,0.9702121,-1,-1,-1
00256,1,372,572,147,107,0.9676922,-1,-1,-1
00256,1,1393,313,158,131,0.801595,-1,-1,-1
00257,1,270,602,102,91,0.9900894,-1,-1,-1
00257,1,555,521,117,87,0.9685204,-1,-1,-1
00257,1,380,569,147,109,0.9326119,-1,-1,-1
00257,1,1394,313,157,130,0.8179631,-1,-1,-1
00258,1,278,604,100,89,0.9910563,-1,-1,-1
00258,1,378,566,159,120,0.95394456,-1,-1,-1
00258,1,553,521,126,87,0.8285138,-1,-1,-1
00258,1,1395,312,157,132,0.7786219,-1,-1,-1
00259,1,277,605,105,91,0.9912436,-1,-1,-1
00259,1,557,521,113,87,0.9666982,-1,-1,-1
00259,1,388,568,166,118,0.9502918,-1,-1,-1
00259,1,1395,312,157,132,0.7895694,-1,-1,-1
00260,1,278,605,110,94,0.9911016,-1,-1,-1
00260,1,559,522,111,85,0.9488965,-1,-1,-1
00260,1,398,562,171,127,0.9080057,-1,-1,-1
00260,1,1395,313,157,131,0.79780966,-1,-1,-1
00261,1,280,608,108,94,0.9891924,-1,-1,-1
00261,1,403,556,181,136,0.90621233,-1,-1,-1
00261,1,1395,312,157,132,0.76762986,-1,-1,-1
00261,1,554,522,127,85,0.7120101,-1,-1,-1
00262,1,282,608,117,102,0.9916053,-1,-1,-1
00262,1,422,557,180,137,0.92486095,-1,-1,-1
00262,1,1395,312,157,132,0.7548178,-1,-1,-1
00263,1,286,611,119,102,0.9942621,-1,-1,-1
00263,1,433,546,192,155,0.90698457,-1,-1,-1
00263,1,1395,312,157,132,0.7386259,-1,-1,-1
00264,1,289,610,123,107,0.99432963,-1,-1,-1
00264,1,443,539,198,165,0.8746366,-1,-1,-1
00264,1,247,602,79,71,0.7509735,-1,-1,-1
00264,1,1395,312,157,132,0.7201721,-1,-1,-1
00265,1,293,610,128,113,0.99195474,-1,-1,-1
00265,1,453,543,217,166,0.94725114,-1,-1,-1
00265,1,247,603,82,73,0.91828954,-1,-1,-1
00265,1,1394,312,158,132,0.7461878,-1,-1,-1
00266,1,287,612,146,120,0.9846373,-1,-1,-1
00266,1,249,601,84,82,0.9401205,-1,-1,-1
00266,1,473,521,217,194,0.8642384,-1,-1,-1
00266,1,1394,312,158,133,0.7519424,-1,-1,-1
00267,1,296,611,146,133,0.992187,-1,-1,-1
00267,1,249,605,84,75,0.9459152,-1,-1,-1
00267,1,1394,312,158,133,0.7596689,-1,-1,-1
00267,1,482,528,253,188,0.7501229,-1,-1,-1
00268,1,293,613,165,137,0.98183686,-1,-1,-1
00268,1,248,605,87,77,0.85985553,-1,-1,-1
00268,1,493,518,261,202,0.83850396,-1,-1,-1
00268,1,1394,311,158,134,0.71856755,-1,-1,-1
00269,1,302,614,166,145,0.96437097,-1,-1,-1
00269,1,248,605,84,77,0.9301258,-1,-1,-1
00269,1,526,526,276,205,0.8967046,-1,-1,-1
00269,1,1394,311,158,134,0.72039276,-1,-1,-1
00270,1,311,613,174,156,0.9876695,-1,-1,-1
00270,1,546,518,303,219,0.98262376,-1,-1,-1
00270,1,248,605,87,77,0.9723384,-1,-1,-1
00270,1,1394,312,158,133,0.71582085,-1,-1,-1
00271,1,580,510,329,235,0.98756903,-1,-1,-1
00271,1,314,614,198,173,0.9808857,-1,-1,-1
00271,1,249,607,88,75,0.9782541,-1,-1,-1
00271,1,1394,311,158,134,0.7091273,-1,-1,-1
00272,1,324,614,216,195,0.9937621,-1,-1,-1
00272,1,599,496,374,259,0.993508,-1,-1,-1
00272,1,251,607,91,79,0.9860497,-1,-1,-1
00272,1,560,519,112,89,0.9036752,-1,-1,-1
00272,1,1394,311,158,134,0.709173,-1,-1,-1
00273,1,642,489,408,274,0.99712735,-1,-1,-1
00273,1,331,615,249,212,0.99368733,-1,-1,-1
00273,1,253,608,91,80,0.98550075,-1,-1,-1
00273,1,555,521,115,85,0.8859385,-1,-1,-1
00273,1,1394,312,158,133,0.7121347,-1,-1,-1
00274,1,690,480,453,297,0.9958253,-1,-1,-1
00274,1,350,620,264,232,0.9930269,-1,-1,-1
00274,1,254,610,93,82,0.98361105,-1,-1,-1
00274,1,556,519,112,86,0.89416814,-1,-1,-1
00274,1,1394,312,158,133,0.71265805,-1,-1,-1
00275,1,724,465,532,331,0.99632734,-1,-1,-1
00275,1,365,621,299,263,0.9923528,-1,-1,-1
00275,1,254,608,96,85,0.9864563,-1,-1,-1
00275,1,556,518,112,88,0.8450431,-1,-1,-1
00275,1,1394,312,158,132,0.7222696,-1,-1,-1
00276,1,393,623,336,299,0.9949763,-1,-1,-1
00276,1,806,438,613,364,0.99423015,-1,-1,-1
00276,1,253,607,101,87,0.9915935,-1,-1,-1
00276,1,558,518,110,88,0.8126367,-1,-1,-1
00276,1,200,614,66,50,0.70276266,-1,-1,-1
00277,1,850,411,751,469,0.99908113,-1,-1,-1
00277,1,416,615,427,369,0.9928959,-1,-1,-1
00277,1,256,609,102,90,0.99191684,-1,-1,-1
00277,1,549,523,130,82,0.85053074,-1,-1,-1
00277,1,201,614,65,50,0.73154455,-1,-1,-1
00277,1,1395,311,158,135,0.70440996,-1,-1,-1
00278,1,901,365,700,577,0.9992107,-1,-1,-1
00278,1,437,619,558,466,0.99569654,-1,-1,-1
00278,1,256,610,105,91,0.98610306,-1,-1,-1
00278,1,1395,312,158,130,0.72787225,-1,-1,-1
00278,1,553,522,125,86,0.71952766,-1,-1,-1
00279,1,977,392,624,492,0.99890816,-1,-1,-1
00279,1,491,620,753,581,0.99887675,-1,-1,-1
00279,1,256,611,108,94,0.98202366,-1,-1,-1
00279,1,554,523,127,84,0.8285315,-1,-1,-1
00280,1,1139,375,462,536,0.99384886,-1,-1,-1
00280,1,258,608,115,98,0.99053395,-1,-1,-1
00280,1,553,703,1048,498,0.9864696,-1,-1,-1
00280,1,554,523,127,85,0.8868776,-1,-1,-1
00281,1,258,611,121,98,0.9953753,-1,-1,-1
00281,1,795,650,806,548,0.99170965,-1,-1,-1
00281,1,553,522,128,86,0.9197426,-1,-1,-1
00281,1,1395,310,158,134,0.78768533,-1,-1,-1
00282,1,261,615,122,100,0.99637717,-1,-1,-1
00282,1,553,523,128,85,0.9230328,-1,-1,-1
00282,1,1394,309,158,135,0.74556124,-1,-1,-1
00282,1,202,615,63,47,0.7275346,-1,-1,-1
00283,1,265,614,126,108,0.982165,-1,-1,-1
00283,1,553,522,128,86,0.9258869,-1,-1,-1
00283,1,1394,309,158,134,0.7804653,-1,-1,-1
00283,1,202,609,64,55,0.734452,-1,-1,-1
00284,1,262,616,132,109,0.97511464,-1,-1,-1
00284,1,553,523,128,85,0.92976177,-1,-1,-1
00284,1,266,565,68,57,0.84088534,-1,-1,-1
00284,1,1395,310,157,133,0.7746534,-1,-1,-1
00284,1,202,608,64,55,0.7674809,-1,-1,-1
00285,1,264,617,140,115,0.98863786,-1,-1,-1
00285,1,553,522,128,86,0.928882,-1,-1,-1
00285,1,202,609,64,54,0.7847004,-1,-1,-1
00285,1,1395,309,157,135,0.7730107,-1,-1,-1
00285,1,266,565,68,57,0.76755285,-1,-1,-1
00286,1,269,616,141,121,0.98582655,-1,-1,-1
00286,1,553,522,128,86,0.93375725,-1,-1,-1
00286,1,1395,309,157,134,0.77802217,-1,-1,-1
00286,1,266,565,70,57,0.73909223,-1,-1,-1
00286,1,202,614,64,49,0.70725584,-1,-1,-1
00287,1,271,616,148,128,0.9776488,-1,-1,-1
00287,1,553,522,128,86,0.9323746,-1,-1,-1
00287,1,1394,309,158,135,0.7727204,-1,-1,-1
00288,1,274,613,159,136,0.9778406,-1,-1,-1
00288,1,553,522,127,86,0.9165219,-1,-1,-1
00288,1,201,609,64,55,0.77712715,-1,-1,-1
00288,1,1397,309,153,135,0.71402127,-1,-1,-1
00289,1,552,522,128,86,0.9087773,-1,-1,-1
00289,1,277,617,170,141,0.87730795,-1,-1,-1
00289,1,1395,310,157,134,0.7194352,-1,-1,-1
00290,1,282,617,176,149,0.95095694,-1,-1,-1
00290,1,552,522,128,86,0.9001794,-1,-1,-1
00291,1,284,613,191,165,0.90180236,-1,-1,-1
00291,1,552,522,128,86,0.8868192,-1,-1,-1
00291,1,1395,309,158,135,0.704632,-1,-1,-1
00292,1,290,611,207,185,0.9238956,-1,-1,-1
00292,1,552,522,128,86,0.8740803,-1,-1,-1
00292,1,200,607,66,57,0.73247087,-1,-1,-1
00293,1,298,610,223,200,0.94849086,-1,-1,-1
00293,1,553,522,126,86,0.87707865,-1,-1,-1
00293,1,201,605,64,62,0.71827865,-1,-1,-1
00293,1,1394,310,158,134,0.7005888,-1,-1,-1
00294,1,309,609,241,223,0.9391381,-1,-1,-1
00294,1,553,522,126,85,0.8667544,-1,-1,-1
00294,1,200,606,65,60,0.73079723,-1,-1,-1
00295,1,316,609,268,244,0.9768315,-1,-1,-1
00295,1,553,523,126,84,0.8569188,-1,-1,-1
00296,1,334,619,293,254,0.9823429,-1,-1,-1
00296,1,554,523,124,84,0.8490562,-1,-1,-1
00296,1,1397,310,152,135,0.7058821,-1,-1,-1
00297,1,347,617,332,285,0.99378693,-1,-1,-1
00297,1,1399,317,202,321,0.8293389,-1,-1,-1
00297,1,554,522,125,85,0.80263245,-1,-1,-1
00297,1,202,604,65,61,0.7848701,-1,-1,-1
00298,1,367,613,387,328,0.99086714,-1,-1,-1
00298,1,1279,271,322,372,0.9484071,-1,-1,-1
00298,1,200,605,67,63,0.9087851,-1,-1,-1
00299,1,389,610,468,396,0.99176604,-1,-1,-1
00299,1,1181,255,420,391,0.96175724,-1,-1,-1
00299,1,201,604,66,64,0.9348229,-1,-1,-1
00300,1,425,591,563,484,0.99917513,-1,-1,-1
00300,1,1093,253,508,405,0.99431795,-1,-1,-1
00300,1,201,604,66,64,0.94849837,-1,-1,-1
00300,1,552,521,129,87,0.8960527,-1,-1,-1
00301,1,455,663,795,538,0.9970798,-1,-1,-1
00301,1,1008,256,555,397,0.9922714,-1,-1,-1
00301,1,200,604,67,65,0.95729864,-1,-1,-1
00301,1,554,521,126,87,0.86895823,-1,-1,-1
00301,1,1480,274,97,95,0.85384077,-1,-1,-1
00302,1,528,604,1073,597,0.98968035,-1,-1,-1
00302,1,940,302,486,347,0.9826318,-1,-1,-1
00302,1,200,604,67,64,0.9524026,-1,-1,-1
00302,1,553,521,128,88,0.8864766,-1,-1,-1
00303,1,898,321,423,333,0.9824683,-1,-1,-1
00303,1,639,674,962,527,0.9642188,-1,-1,-1
00303,1,200,603,67,65,0.9507097,-1,-1,-1
00303,1,553,521,128,88,0.91290706,-1,-1,-1
00304,1,839,362,376,281,0.9836992,-1,-1,-1
00304,1,200,603,67,66,0.96105886,-1,-1,-1
00304,1,552,521,129,87,0.9214998,-1,-1,-1
00304,1,710,667,877,534,0.90662396,-1,-1,-1
00305,1,200,602,67,67,0.9642664,-1,-1,-1
00305,1,789,383,350,262,0.9518696,-1,-1,-1
00305,1,552,521,128,87,0.9217422,-1,-1,-1
00305,1,1398,310,151,135,0.72130346,-1,-1,-1
00306,1,200,604,67,64,0.9715101,-1,-1,-1
00306,1,554,520,117,88,0.9629542,-1,-1,-1
00306,1,751,401,322,239,0.93697834,-1,-1,-1
00306,1,1398,310,151,135,0.73477215,-1,-1,-1
00307,1,201,604,66,64,0.9759805,-1,-1,-1
00307,1,555,520,116,88,0.9658039,-1,-1,-1
00307,1,709,405,307,240,0.92149514,-1,-1,-1
00307,1,1398,310,151,135,0.7463505,-1,-1,-1
00308,1,201,611,65,54,0.93640894,-1,-1,-1
00308,1,554,521,124,87,0.9027755,-1,-1,-1
00309,1,200,605,67,62,0.9698668,-1,-1,-1
00309,1,652,452,270,193,0.72667855,-1,-1,-1
00309,1,555,521,127,86,0.7208718,-1,-1,-1
00310,1,199,606,67,63,0.92804307,-1,-1,-1
00311,1,199,605,68,63,0.96896714,-1,-1,-1
00312,1,199,604,68,64,0.9703311,-1,-1,-1
00313,1,201,610,66,55,0.8789848,-1,-1,-1
00314,1,199,606,67,62,0.8904052,-1,-1,-1
00315,1,201,610,65,56,0.90218025,-1,-1,-1
00316,1,201,610,65,56,0.9060782,-1,-1,-1
00317,1,198,606,68,61,0.9657964,-1,-1,-1
00318,1,199,606,68,61,0.9539756,-1,-1,-1
00319,1,199,606,67,61,0.9566421,-1,-1,-1
00319,1,492,511,157,126,0.78426236,-1,-1,-1
00320,1,200,607,66,60,0.95036083,-1,-1,-1
00320,1,486,516,141,124,0.9394845,-1,-1,-1
00321,1,201,608,64,59,0.95709145,-1,-1,-1
00321,1,466,521,151,118,0.9093201,-1,-1,-1
00322,1,460,523,142,117,0.9752219,-1,-1,-1
00322,1,201,608,64,59,0.9639378,-1,-1,-1
00323,1,200,608,65,60,0.96260625,-1,-1,-1
00323,1,434,524,161,110,0.910607,-1,-1,-1
00324,1,443,522,137,115,0.97051877,-1,-1,-1
00324,1,201,608,64,59,0.96820664,-1,-1,-1
00325,1,433,527,133,111,0.94550323,-1,-1,-1
00325,1,199,606,66,62,0.93920165,-1,-1,-1
00326,1,199,607,66,61,0.93567586,-1,-1,-1
00326,1,428,531,130,107,0.92235345,-1,-1,-1
00326,1,558,521,115,87,0.80330324,-1,-1,-1
00327,1,419,532,126,106,0.95450705,-1,-1,-1
00327,1,200,607,66,61,0.9500768,-1,-1,-1
00327,1,559,520,112,87,0.90370446,-1,-1,-1
00328,1,557,520,114,88,0.9665364,-1,-1,-1
00328,1,201,608,65,60,0.9598567,-1,-1,-1
00328,1,415,538,122,98,0.8530382,-1,-1,-1
00329,1,556,519,116,89,0.9647477,-1,-1,-1
00329,1,200,607,66,61,0.95384955,-1,-1,-1
00329,1,412,541,112,94,0.8383726,-1,-1,-1
00330,1,556,520,116,88,0.9713596,-1,-1,-1
00330,1,200,607,66,60,0.9585724,-1,-1,-1
00330,1,403,540,111,98,0.8958231,-1,-1,-1
00331,1,556,520,115,88,0.97380644,-1,-1,-1
00331,1,200,606,66,61,0.961407,-1,-1,-1
00331,1,394,542,111,95,0.89067495,-1,-1,-1
00331,1,265,565,71,58,0.73446465,-1,-1,-1
00332,1,200,607,66,60,0.9650693,-1,-1,-1
00332,1,389,544,110,94,0.9495725,-1,-1,-1
00332,1,555,522,125,86,0.9389554,-1,-1,-1
00332,1,265,566,70,57,0.7120878,-1,-1,-1
00333,1,202,611,64,54,0.9501632,-1,-1,-1
00333,1,383,544,110,93,0.94422543,-1,-1,-1
00333,1,555,522,125,86,0.92107016,-1,-1,-1
00333,1,266,563,70,61,0.7714496,-1,-1,-1
00334,1,202,611,63,54,0.95108825,-1,-1,-1
00334,1,555,522,126,86,0.91729844,-1,-1,-1
00334,1,267,563,68,61,0.798368,-1,-1,-1
00334,1,375,550,113,92,0.7935227,-1,-1,-1
00335,1,375,550,102,87,0.9753015,-1,-1,-1
00335,1,200,608,65,59,0.9642357,-1,-1,-1
00335,1,554,521,127,88,0.9225775,-1,-1,-1
00335,1,267,563,69,61,0.819005,-1,-1,-1
00336,1,199,608,66,59,0.9644641,-1,-1,-1
00336,1,372,549,101,86,0.96306777,-1,-1,-1
00336,1,555,521,126,88,0.93927336,-1,-1,-1
00336,1,267,563,69,61,0.8506009,-1,-1,-1
00337,1,199,607,66,60,0.9742192,-1,-1,-1
00337,1,370,549,93,88,0.9730153,-1,-1,-1
00337,1,554,521,127,88,0.9459275,-1,-1,-1
00337,1,267,563,68,60,0.8307798,-1,-1,-1
00338,1,363,554,96,82,0.951926,-1,-1,-1
00338,1,197,606,69,63,0.94583565,-1,-1,-1
00338,1,553,521,127,87,0.9372093,-1,-1,-1
00338,1,265,565,69,58,0.86809325,-1,-1,-1
00339,1,358,556,97,80,0.9636918,-1,-1,-1
00339,1,197,606,69,63,0.94879586,-1,-1,-1
00339,1,553,521,127,87,0.9328831,-1,-1,-1
00339,1,267,567,69,55,0.8528071,-1,-1,-1
00340,1,354,555,98,81,0.98268294,-1,-1,-1
00340,1,197,606,69,63,0.9515222,-1,-1,-1
00340,1,553,521,127,87,0.93559986,-1,-1,-1
00340,1,267,567,69,55,0.82120955,-1,-1,-1
00341,1,350,556,95,80,0.9770388,-1,-1,-1
00341,1,197,606,69,62,0.9411655,-1,-1,-1
00341,1,553,521,127,87,0.9287341,-1,-1,-1
00341,1,266,567,70,55,0.7669352,-1,-1,-1
00342,1,348,554,91,84,0.98224014,-1,-1,-1
00342,1,553,521,127,87,0.93056023,-1,-1,-1
00342,1,197,606,69,62,0.921191,-1,-1,-1
00343,1,345,556,89,85,0.95778996,-1,-1,-1
00343,1,553,521,127,87,0.93044484,-1,-1,-1
00343,1,197,606,69,62,0.9102517,-1,-1,-1
00344,1,342,558,87,81,0.97258025,-1,-1,-1
00344,1,553,521,127,87,0.93146044,-1,-1,-1
00344,1,197,606,69,62,0.9064323,-1,-1,-1
00345,1,338,556,85,86,0.9839414,-1,-1,-1
00345,1,553,521,127,87,0.92607003,-1,-1,-1
00345,1,196,605,70,63,0.9211807,-1,-1,-1
00346,1,334,560,90,79,0.98861,-1,-1,-1
00346,1,553,521,127,87,0.9269732,-1,-1,-1
00346,1,197,604,69,64,0.9258386,-1,-1,-1
00346,1,263,565,71,57,0.7482389,-1,-1,-1
00347,1,328,562,93,78,0.9712803,-1,-1,-1
00347,1,197,604,69,64,0.9273387,-1,-1,-1
00347,1,553,521,127,87,0.9270821,-1,-1,-1
00347,1,264,567,68,54,0.8189571,-1,-1,-1
00348,1,330,562,84,77,0.9689484,-1,-1,-1
00348,1,553,521,127,88,0.9327711,-1,-1,-1
00348,1,197,605,69,63,0.9112344,-1,-1,-1
00348,1,264,567,67,55,0.81132054,-1,-1,-1
00349,1,329,563,80,78,0.97805554,-1,-1,-1
00349,1,553,521,127,88,0.94772065,-1,-1,-1
00349,1,198,606,70,61,0.8921966,-1,-1,-1
00350,1,326,562,79,78,0.9673514,-1,-1,-1
00350,1,553,521,127,88,0.9475575,-1,-1,-1
00350,1,202,610,65,55,0.8884374,-1,-1,-1
00351,1,324,561,77,80,0.98082894,-1,-1,-1
00351,1,553,521,127,88,0.94903946,-1,-1,-1
00351,1,202,610,65,55,0.8935678,-1,-1,-1
00352,1,322,563,79,77,0.9762323,-1,-1,-1
00352,1,553,521,127,88,0.95009875,-1,-1,-1
00352,1,202,611,64,54,0.89461106,-1,-1,-1
00353,1,318,565,76,74,0.9779716,-1,-1,-1
00353,1,553,521,127,88,0.9489208,-1,-1,-1
00353,1,202,611,65,54,0.90431046,-1,-1,-1
00354,1,317,565,76,73,0.97025037,-1,-1,-1
00354,1,553,521,127,88,0.95006967,-1,-1,-1
00354,1,201,610,66,55,0.9061634,-1,-1,-1
00355,1,315,565,77,72,0.9705756,-1,-1,-1
00355,1,556,519,114,89,0.96796095,-1,-1,-1
00355,1,200,610,67,55,0.89964473,-1,-1,-1
00356,1,314,567,76,69,0.9723174,-1,-1,-1
00356,1,554,521,126,88,0.95386755,-1,-1,-1
00356,1,201,610,66,55,0.9044551,-1,-1,-1
00357,1,554,521,126,88,0.9530327,-1,-1,-1
00357,1,310,565,78,72,0.94319886,-1,-1,-1
00357,1,201,610,66,55,0.9045725,-1,-1,-1
00358,1,554,521,126,88,0.9535387,-1,-1,-1
00358,1,307,566,80,71,0.9223175,-1,-1,-1
00358,1,201,610,66,55,0.8991708,-1,-1,-1
00359,1,307,566,79,71,0.9731088,-1,-1,-1
00359,1,556,519,114,89,0.9689664,-1,-1,-1
00359,1,202,611,64,54,0.8817997,-1,-1,-1
00360,1,304,566,79,71,0.9683975,-1,-1,-1
00360,1,553,521,127,88,0.9537731,-1,-1,-1
00360,1,202,611,64,54,0.87240356,-1,-1,-1
00361,1,302,566,78,70,0.9675723,-1,-1,-1
00361,1,554,521,126,88,0.9494392,-1,-1,-1
00361,1,200,612,66,54,0.87747943,-1,-1,-1
00362,1,300,566,76,70,0.9776987,-1,-1,-1
00362,1,554,521,126,88,0.9490872,-1,-1,-1
00362,1,200,612,66,54,0.8953711,-1,-1,-1
00363,1,299,567,74,68,0.9786719,-1,-1,-1
00363,1,554,521,126,88,0.9492932,-1,-1,-1
00363,1,200,612,65,54,0.89368117,-1,-1,-1
00364,1,298,568,72,68,0.97586876,-1,-1,-1
00364,1,554,521,126,88,0.9494531,-1,-1,-1
00364,1,200,612,65,54,0.90332925,-1,-1,-1
00365,1,297,568,70,67,0.97261363,-1,-1,-1
00365,1,554,521,126,87,0.9491891,-1,-1,-1
00365,1,198,607,66,61,0.9186392,-1,-1,-1
00366,1,296,568,71,67,0.97984934,-1,-1,-1
00366,1,554,521,126,87,0.9495084,-1,-1,-1
00366,1,198,607,66,61,0.93135226,-1,-1,-1
00367,1,294,567,72,68,0.9730313,-1,-1,-1
00367,1,554,521,126,87,0.95058453,-1,-1,-1
00367,1,198,608,66,60,0.9418261,-1,-1,-1
00368,1,292,565,71,70,0.97627693,-1,-1,-1
00368,1,554,521,126,88,0.95072395,-1,-1,-1
00368,1,199,608,65,60,0.9436224,-1,-1,-1
00369,1,290,566,71,69,0.98159033,-1,-1,-1
00369,1,199,608,65,60,0.9523141,-1,-1,-1
00369,1,554,521,126,87,0.9497428,-1,-1,-1
00370,1,289,566,69,70,0.97286624,-1,-1,-1
00370,1,199,607,65,61,0.95408094,-1,-1,-1
00370,1,554,521,126,87,0.9502552,-1,-1,-1
00371,1,287,567,69,69,0.98204595,-1,-1,-1
00371,1,199,607,65,61,0.960112,-1,-1,-1
00371,1,554,521,126,87,0.95036405,-1,-1,-1
00372,1,284,567,69,69,0.98005736,-1,-1,-1
00372,1,199,607,65,61,0.9591976,-1,-1,-1
00372,1,554,521,126,87,0.9508624,-1,-1,-1
00372,1,1395,313,155,129,0.7001607,-1,-1,-1
00373,1,279,566,71,70,0.9762248,-1,-1,-1
00373,1,555,519,115,89,0.96595967,-1,-1,-1
00373,1,201,611,63,55,0.961421,-1,-1,-1
00374,1,555,519,115,89,0.96585053,-1,-1,-1
00374,1,198,607,66,61,0.964275,-1,-1,-1
00374,1,275,567,73,68,0.96127254,-1,-1,-1
00375,1,275,568,71,68,0.95951456,-1,-1,-1
00375,1,201,611,63,55,0.9523761,-1,-1,-1
00375,1,553,521,127,87,0.9247093,-1,-1,-1
00375,1,1394,312,156,131,0.76631933,-1,-1,-1
00376,1,275,568,69,68,0.96357155,-1,-1,-1
00376,1,201,611,63,55,0.94915134,-1,-1,-1
00376,1,553,521,127,87,0.9253328,-1,-1,-1
00376,1,1395,312,155,131,0.7701793,-1,-1,-1
00377,1,274,569,69,65,0.9658986,-1,-1,-1
00377,1,202,611,63,55,0.9418492,-1,-1,-1
00377,1,553,521,127,87,0.92579204,-1,-1,-1
00377,1,1395,313,155,130,0.7512258,-1,-1,-1
00378,1,272,568,69,66,0.96834993,-1,-1,-1
00378,1,201,611,64,55,0.9552737,-1,-1,-1
00378,1,553,521,128,87,0.9248138,-1,-1,-1
00378,1,1395,313,155,130,0.7479829,-1,-1,-1
00379,1,270,569,70,65,0.97622615,-1,-1,-1
00379,1,201,611,63,56,0.95547825,-1,-1,-1
00379,1,553,521,127,87,0.9239929,-1,-1,-1
00379,1,1395,313,154,130,0.74857956,-1,-1,-1
00380,1,270,569,67,65,0.9728708,-1,-1,-1
00380,1,202,611,63,55,0.9527642,-1,-1,-1
00380,1,553,521,128,87,0.91992736,-1,-1,-1
00380,1,1394,313,155,130,0.73498666,-1,-1,-1
00381,1,270,568,67,66,0.975342,-1,-1,-1
00381,1,202,611,63,55,0.9524837,-1,-1,-1
00381,1,553,521,128,87,0.92101485,-1,-1,-1
00381,1,1394,313,155,130,0.73546743,-1,-1,-1
00382,1,268,569,69,65,0.98300016,-1,-1,-1
00382,1,202,611,63,56,0.94779164,-1,-1,-1
00382,1,553,521,128,87,0.9232169,-1,-1,-1
00382,1,1394,313,155,130,0.7392394,-1,-1,-1
00383,1,268,568,67,65,0.9840427,-1,-1,-1
00383,1,201,611,64,56,0.9465634,-1,-1,-1
00383,1,553,521,128,87,0.92246765,-1,-1,-1
00383,1,1395,313,154,130,0.7328651,-1,-1,-1
00384,1,269,568,63,66,0.98192364,-1,-1,-1
00384,1,198,607,67,62,0.94846356,-1,-1,-1
00384,1,553,521,128,87,0.92499053,-1,-1,-1
00384,1,1394,314,155,129,0.73775864,-1,-1,-1
00385,1,266,567,65,67,0.98784107,-1,-1,-1
00385,1,201,608,67,60,0.9798678,-1,-1,-1
00385,1,554,522,127,86,0.8891233,-1,-1,-1
00385,1,1393,314,156,129,0.7181497,-1,-1,-1
00386,1,266,566,64,69,0.98589754,-1,-1,-1
00386,1,201,611,64,57,0.94130236,-1,-1,-1
00386,1,554,522,127,86,0.88758403,-1,-1,-1
00386,1,1393,314,156,129,0.7134518,-1,-1,-1
00387,1,264,567,66,67,0.98754954,-1,-1,-1
00387,1,200,610,65,58,0.93959886,-1,-1,-1
00387,1,554,522,127,86,0.88686204,-1,-1,-1
00387,1,1393,313,156,130,0.70129246,-1,-1,-1
00388,1,263,569,67,63,0.99087536,-1,-1,-1
00388,1,198,606,66,63,0.94565123,-1,-1,-1
00388,1,554,522,127,86,0.886981,-1,-1,-1
00388,1,1394,313,155,130,0.70296645,-1,-1,-1
00389,1,262,571,67,60,0.9855709,-1,-1,-1
00389,1,199,606,65,63,0.95038396,-1,-1,-1
00389,1,554,522,127,86,0.88752794,-1,-1,-1
00389,1,1393,313,156,130,0.7063506,-1,-1,-1
00390,1,263,569,65,63,0.98152876,-1,-1,-1
00390,1,199,606,65,63,0.9307651,-1,-1,-1
00390,1,554,522,127,86,0.8866272,-1,-1,-1
00391,1,261,570,64,62,0.95760816,-1,-1,-1
00391,1,200,610,65,57,0.9008219,-1,-1,-1
00391,1,554,522,127,86,0.8884895,-1,-1,-1
00392,1,259,569,66,62,0.9646956,-1,-1,-1
00392,1,200,610,66,57,0.8962751,-1,-1,-1
00392,1,554,522,127,86,0.8876508,-1,-1,-1
00393,1,257,569,64,63,0.9601142,-1,-1,-1
00393,1,198,607,66,61,0.9100579,-1,-1,-1
00393,1,554,522,127,86,0.88585466,-1,-1,-1
00394,1,255,569,66,62,0.97183776,-1,-1,-1
00394,1,553,522,128,86,0.88976854,-1,-1,-1
00394,1,199,610,67,57,0.8686413,-1,-1,-1
00395,1,254,570,64,62,0.97388905,-1,-1,-1
00395,1,553,522,128,86,0.8897774,-1,-1,-1
00395,1,199,610,67,57,0.8823266,-1,-1,-1
00396,1,253,570,65,62,0.97691184,-1,-1,-1
00396,1,554,522,127,86,0.88481665,-1,-1,-1
00396,1,199,610,67,57,0.85899204,-1,-1,-1
00397,1,253,571,63,61,0.9723847,-1,-1,-1
00397,1,553,522,128,86,0.88949156,-1,-1,-1
00397,1,200,610,66,56,0.8758026,-1,-1,-1
00398,1,251,570,66,61,0.96966213,-1,-1,-1
00398,1,553,522,128,86,0.89021564,-1,-1,-1
00398,1,199,611,67,55,0.87915844,-1,-1,-1
00398,1,1392,314,157,133,0.7045508,-1,-1,-1
00399,1,250,571,66,60,0.9774534,-1,-1,-1
00399,1,553,522,128,86,0.8909818,-1,-1,-1
00399,1,199,610,67,56,0.840737,-1,-1,-1
00400,1,248,569,68,64,0.97178316,-1,-1,-1
00400,1,553,522,128,86,0.89144635,-1,-1,-1
00400,1,200,611,66,55,0.82308143,-1,-1,-1
00401,1,247,569,68,64,0.97391814,-1,-1,-1
00401,1,553,522,128,86,0.89005274,-1,-1,-1
00401,1,199,610,66,56,0.8272674,-1,-1,-1
00402,1,247,571,68,58,0.97925043,-1,-1,-1
00402,1,553,522,128,86,0.88991106,-1,-1,-1
00402,1,199,610,66,56,0.8366193,-1,-1,-1
00403,1,247,566,70,65,0.9857356,-1,-1,-1
00403,1,553,522,128,86,0.8903491,-1,-1,-1
00403,1,199,611,66,55,0.8682264,-1,-1,-1
00404,1,246,570,70,59,0.98025185,-1,-1,-1
00404,1,553,522,128,86,0.8918919,-1,-1,-1
00404,1,199,610,67,56,0.8498854,-1,-1,-1
00405,1,245,571,68,57,0.9792082,-1,-1,-1
00405,1,554,523,126,85,0.8780117,-1,-1,-1
00405,1,200,610,65,56,0.8705553,-1,-1,-1
00406,1,246,571,66,58,0.97767276,-1,-1,-1
00406,1,554,523,127,85,0.8755938,-1,-1,-1
00406,1,200,611,65,55,0.8712269,-1,-1,-1
00407,1,244,567,73,64,0.97563154,-1,-1,-1
00407,1,554,523,127,85,0.87842864,-1,-1,-1
00407,1,200,610,65,57,0.8566738,-1,-1,-1
00407,1,1371,321,169,148,0.7242331,-1,-1,-1
00408,1,245,570,65,60,0.9708873,-1,-1,-1
00408,1,200,610,65,57,0.88628906,-1,-1,-1
00408,1,554,523,127,85,0.8769532,-1,-1,-1
00409,1,555,521,117,87,0.9680283,-1,-1,-1
00409,1,244,570,67,60,0.9649515,-1,-1,-1
00409,1,201,610,63,56,0.923166,-1,-1,-1
00410,1,555,521,117,87,0.96913236,-1,-1,-1
00410,1,244,569,65,61,0.9656965,-1,-1,-1
00410,1,201,611,63,55,0.9266135,-1,-1,-1
00411,1,243,569,65,61,0.97376966,-1,-1,-1
00411,1,555,521,117,87,0.9692058,-1,-1,-1
00411,1,201,611,63,55,0.9381778,-1,-1,-1
00412,1,242,570,64,59,0.9863327,-1,-1,-1
00412,1,556,521,116,87,0.9686943,-1,-1,-1
00412,1,201,611,63,55,0.94122714,-1,-1,-1
00413,1,242,571,62,57,0.9820988,-1,-1,-1
00413,1,555,521,117,87,0.9683921,-1,-1,-1
00413,1,201,611,63,55,0.93874127,-1,-1,-1
00414,1,241,570,62,58,0.9762053,-1,-1,-1
00414,1,556,521,117,87,0.97010034,-1,-1,-1
00414,1,202,611,62,55,0.94183123,-1,-1,-1
00415,1,239,564,64,69,0.9573476,-1,-1,-1
00415,1,202,609,60,57,0.9207596,-1,-1,-1
00415,1,553,522,128,86,0.91919404,-1,-1,-1
00416,1,240,566,60,64,0.9811251,-1,-1,-1
00416,1,201,609,62,57,0.9188811,-1,-1,-1
00416,1,553,522,128,86,0.91585326,-1,-1,-1
00417,1,240,565,61,65,0.97610897,-1,-1,-1
00417,1,553,522,128,86,0.91433126,-1,-1,-1
00417,1,202,612,62,53,0.8786131,-1,-1,-1
00418,1,240,565,62,64,0.96452034,-1,-1,-1
00418,1,202,609,61,56,0.9230645,-1,-1,-1
00418,1,553,523,127,85,0.9203802,-1,-1,-1
00418,1,1459,270,123,118,0.7380824,-1,-1,-1
00419,1,240,563,61,68,0.9560565,-1,-1,-1
00419,1,553,523,127,85,0.9208732,-1,-1,-1
00419,1,202,612,62,53,0.8978809,-1,-1,-1
00419,1,1458,270,124,121,0.80242693,-1,-1,-1
00420,1,553,523,127,86,0.9241742,-1,-1,-1
00420,1,240,562,59,67,0.9082561,-1,-1,-1
00420,1,201,609,62,56,0.8982102,-1,-1,-1
00420,1,1457,271,124,121,0.85147375,-1,-1,-1
00420,1,1273,357,228,199,0.7339812,-1,-1,-1
00421,1,239,559,55,70,0.9311135,-1,-1,-1
00421,1,202,609,61,56,0.930739,-1,-1,-1
00421,1,552,523,129,85,0.9165237,-1,-1,-1
00421,1,1455,272,125,122,0.83472025,-1,-1,-1
00422,1,201,608,63,57,0.9410314,-1,-1,-1
00422,1,552,523,129,85,0.91192675,-1,-1,-1
00422,1,239,562,60,67,0.9054618,-1,-1,-1
00422,1,1453,272,127,123,0.7797608,-1,-1,-1
00422,1,1247,365,243,208,0.72944593,-1,-1,-1
00423,1,200,608,65,57,0.94147825,-1,-1,-1
00423,1,553,523,128,85,0.9150921,-1,-1,-1
00423,1,1253,379,219,206,0.90365404,-1,-1,-1
00423,1,238,560,61,67,0.8745519,-1,-1,-1
00424,1,201,608,63,57,0.9477531,-1,-1,-1
00424,1,552,523,129,85,0.9137272,-1,-1,-1
00424,1,1232,373,246,217,0.8556586,-1,-1,-1
00424,1,238,561,52,64,0.7750297,-1,-1,-1
00425,1,200,609,65,56,0.9399876,-1,-1,-1
00425,1,551,522,129,86,0.9380563,-1,-1,-1
00425,1,1228,377,250,223,0.81802976,-1,-1,-1
00425,1,238,563,53,61,0.77375084,-1,-1,-1
00426,1,200,609,64,57,0.94476265,-1,-1,-1
00426,1,551,522,129,86,0.93432903,-1,-1,-1
00426,1,237,562,57,63,0.9278592,-1,-1,-1
00426,1,1225,371,257,241,0.9208137,-1,-1,-1
00427,1,200,610,64,56,0.94676065,-1,-1,-1
00427,1,551,522,129,86,0.925349,-1,-1,-1
00427,1,1229,377,253,248,0.9074583,-1,-1,-1
00427,1,237,561,56,64,0.8789132,-1,-1,-1
00428,1,237,562,52,63,0.94295853,-1,-1,-1
00428,1,200,610,63,56,0.9399529,-1,-1,-1
00428,1,551,522,129,86,0.9266075,-1,-1,-1
00428,1,1231,380,260,257,0.9142675,-1,-1,-1
00429,1,1230,388,277,256,0.9572188,-1,-1,-1
00429,1,200,609,64,58,0.9416666,-1,-1,-1
00429,1,551,522,129,86,0.9245861,-1,-1,-1
00429,1,237,561,52,64,0.91333556,-1,-1,-1
00430,1,1229,387,297,276,0.9682396,-1,-1,-1
00430,1,200,609,64,57,0.9486089,-1,-1,-1
00430,1,237,563,55,60,0.93700576,-1,-1,-1
00430,1,551,522,129,86,0.9234942,-1,-1,-1
00431,1,1228,385,324,295,0.96906227,-1,-1,-1
00431,1,200,609,64,57,0.9448327,-1,-1,-1
00431,1,237,562,55,62,0.9373225,-1,-1,-1
00431,1,551,522,129,86,0.92605376,-1,-1,-1
00432,1,1232,386,345,310,0.95444095,-1,-1,-1
00432,1,200,608,64,58,0.95144814,-1,-1,-1
00432,1,551,522,129,86,0.9265399,-1,-1,-1
00432,1,237,562,56,62,0.9181356,-1,-1,-1
00433,1,1237,385,364,335,0.9624168,-1,-1,-1
00433,1,203,611,62,54,0.95141435,-1,-1,-1
00433,1,551,521,129,87,0.9237596,-1,-1,-1
00433,1,236,564,59,60,0.8508838,-1,-1,-1
00434,1,1268,383,333,364,0.9838431,-1,-1,-1
00434,1,199,608,65,58,0.9526734,-1,-1,-1
00434,1,551,521,129,87,0.92322713,-1,-1,-1
00434,1,236,563,58,60,0.76632684,-1,-1,-1
00435,1,1249,391,352,387,0.98309416,-1,-1,-1
00435,1,202,613,62,52,0.95572233,-1,-1,-1
00435,1,555,522,125,86,0.906789,-1,-1,-1
00435,1,237,562,50,60,0.8498443,-1,-1,-1
00436,1,1256,388,345,424,0.9766989,-1,-1,-1
00436,1,555,522,125,86,0.9108979,-1,-1,-1
00436,1,203,613,60,52,0.8542377,-1,-1,-1
00437,1,1275,377,326,480,0.98763555,-1,-1,-1
00437,1,202,612,61,54,0.92846143,-1,-1,-1
00437,1,555,522,125,86,0.91123587,-1,-1,-1
00438,1,1291,394,310,495,0.98155874,-1,-1,-1
00438,1,555,522,125,86,0.9083927,-1,-1,-1
00438,1,202,611,61,56,0.9016677,-1,-1,-1
00439,1,1315,382,286,539,0.9869424,-1,-1,-1
00439,1,555,522,125,86,0.90964997,-1,-1,-1
00439,1,202,611,61,56,0.90347207,-1,-1,-1
00440,1,1328,433,273,412,0.9477168,-1,-1,-1
00440,1,554,522,126,86,0.908636,-1,-1,-1
00440,1,202,610,61,58,0.8491781,-1,-1,-1
00441,1,1361,422,240,431,0.92654455,-1,-1,-1
00441,1,202,610,61,57,0.9227268,-1,-1,-1
00441,1,554,522,126,86,0.914178,-1,-1,-1
00442,1,554,522,126,86,0.91341203,-1,-1,-1
00442,1,201,610,63,58,0.8384863,-1,-1,-1
00443,1,554,522,126,86,0.91554934,-1,-1,-1
00443,1,202,610,62,57,0.91441685,-1,-1,-1
00444,1,201,608,63,60,0.931128,-1,-1,-1
00444,1,554,522,126,86,0.9154725,-1,-1,-1
00445,1,201,610,63,53,0.93381876,-1,-1,-1
00445,1,551,522,130,86,0.92211545,-1,-1,-1
00445,1,1376,344,206,186,0.847053,-1,-1,-1
00446,1,551,522,130,86,0.9249359,-1,-1,-1
00446,1,201,609,63,54,0.92061126,-1,-1,-1
00446,1,1379,348,213,188,0.8862797,-1,-1,-1
00447,1,201,609,63,54,0.9260263,-1,-1,-1
00447,1,551,522,130,86,0.9248075,-1,-1,-1
00447,1,1379,350,222,191,0.8776014,-1,-1,-1
00448,1,1384,350,217,199,0.95794123,-1,-1,-1
00448,1,551,522,130,86,0.92636967,-1,-1,-1
00448,1,200,607,64,57,0.91841453,-1,-1,-1
00449,1,201,608,63,56,0.94386333,-1,-1,-1
00449,1,1384,349,217,207,0.9337659,-1,-1,-1
00449,1,551,522,130,86,0.9265223,-1,-1,-1
00450,1,201,608,63,56,0.9397052,-1,-1,-1
00450,1,551,522,130,86,0.9263101,-1,-1,-1
00450,1,1382,353,219,210,0.8178618,-1,-1,-1
00451,1,201,607,64,57,0.93168277,-1,-1,-1
00451,1,551,522,130,86,0.92594135,-1,-1,-1
00452,1,201,607,63,57,0.936506,-1,-1,-1
00452,1,551,522,130,86,0.9263151,-1,-1,-1
00453,1,202,608,62,56,0.94540554,-1,-1,-1
00453,1,551,522,130,86,0.9244606,-1,-1,-1
00454,1,202,609,62,55,0.9498496,-1,-1,-1
00454,1,551,522,130,86,0.92452425,-1,-1,-1
