00001,1,1305,737,336,222,0.9871718,-1,-1,-1
00001,1,2012,907,223,172,0.95635927,-1,-1,-1
00001,1,0,505,497,501,0.8749367,-1,-1,-1
00002,1,2023,907,201,173,0.9929315,-1,-1,-1
00002,1,1292,732,335,226,0.97966045,-1,-1,-1
00002,1,0,500,479,499,0.7996598,-1,-1,-1
00003,1,1272,737,363,223,0.98038596,-1,-1,-1
00003,1,2030,908,195,169,0.976856,-1,-1,-1
00003,1,0,500,480,500,0.79745424,-1,-1,-1
00004,1,2033,904,192,169,0.98850363,-1,-1,-1
00004,1,1251,731,365,231,0.9856235,-1,-1,-1
00004,1,0,500,481,500,0.7993765,-1,-1,-1
00005,1,1234,735,365,227,0.9845812,-1,-1,-1
00005,1,2035,891,205,173,0.9767482,-1,-1,-1
00005,1,1948,830,108,89,0.81535935,-1,-1,-1
00005,1,0,500,481,500,0.7971146,-1,-1,-1
00006,1,1223,730,357,236,0.98393077,-1,-1,-1
00006,1,2034,896,201,169,0.9715963,-1,-1,-1
00006,1,1945,829,106,91,0.8092127,-1,-1,-1
00006,1,0,500,481,500,0.79637516,-1,-1,-1
00007,1,2045,893,196,165,0.9789644,-1,-1,-1
00007,1,1196,723,390,242,0.9776534,-1,-1,-1
00007,1,0,500,481,500,0.7926797,-1,-1,-1
00008,1,1180,722,404,242,0.9813494,-1,-1,-1
00008,1,2057,891,177,166,0.9665735,-1,-1,-1
00008,1,1937,824,115,97,0.81098014,-1,-1,-1
00008,1,0,500,481,500,0.79266554,-1,-1,-1
00009,1,2059,885,185,168,0.98928946,-1,-1,-1
00009,1,1154,717,407,247,0.98331213,-1,-1,-1
00009,1,1930,821,113,100,0.86407024,-1,-1,-1
00009,1,0,500,481,499,0.7940014,-1,-1,-1
00010,1,2058,889,186,161,0.98780894,-1,-1,-1
00010,1,1142,717,409,249,0.9866816,-1,-1,-1
00010,1,1921,820,121,104,0.9391941,-1,-1,-1
00010,1,0,500,481,499,0.7939674,-1,-1,-1
00011,1,2064,894,173,156,0.99465704,-1,-1,-1
00011,1,1114,714,428,250,0.9777905,-1,-1,-1
00011,1,1921,821,117,100,0.9345395,-1,-1,-1
00011,1,0,502,478,497,0.78575015,-1,-1,-1
00012,1,2065,892,172,156,0.9916014,-1,-1,-1
00012,1,1103,711,428,257,0.97814685,-1,-1,-1
00012,1,1917,823,119,97,0.9322271,-1,-1,-1
00012,1,0,502,477,497,0.7843082,-1,-1,-1
00013,1,2065,893,172,155,0.9909117,-1,-1,-1
00013,1,1082,710,431,256,0.97461075,-1,-1,-1
00013,1,1913,822,120,99,0.93557245,-1,-1,-1
00013,1,0,504,493,499,0.84104383,-1,-1,-1
00014,1,2068,894,173,150,0.9940447,-1,-1,-1
00014,1,1062,704,445,265,0.98334193,-1,-1,-1
00014,1,1909,820,122,103,0.95631963,-1,-1,-1
00014,1,0,504,493,499,0.8435932,-1,-1,-1
00015,1,2077,893,168,149,0.98972815,-1,-1,-1
00015,1,1052,702,446,265,0.975935,-1,-1,-1
00015,1,1907,820,116,102,0.96035767,-1,-1,-1
00015,1,0,504,477,494,0.77757186,-1,-1,-1
00016,1,2080,893,165,147,0.99638844,-1,-1,-1
00016,1,1036,698,451,270,0.97435445,-1,-1,-1
00016,1,1901,819,121,106,0.95868105,-1,-1,-1
00016,1,0,504,493,499,0.8490127,-1,-1,-1
00017,1,2082,891,168,148,0.9978789,-1,-1,-1
00017,1,1014,696,460,273,0.9819558,-1,-1,-1
00017,1,1896,819,122,109,0.9520593,-1,-1,-1
00017,1,0,501,492,501,0.85494375,-1,-1,-1
00018,1,2086,891,165,147,0.99798393,-1,-1,-1
00018,1,991,692,473,278,0.98157114,-1,-1,-1
00018,1,1894,817,118,113,0.91831315,-1,-1,-1
00018,1,0,501,492,501,0.8528994,-1,-1,-1
00019,1,2084,893,165,144,0.9969965,-1,-1,-1
00019,1,973,689,485,283,0.9890115,-1,-1,-1
00019,1,1889,816,121,114,0.95387614,-1,-1,-1
00019,1,0,497,490,503,0.8589093,-1,-1,-1
00020,1,2090,891,168,144,0.9933188,-1,-1,-1
00020,1,957,682,490,288,0.98370117,-1,-1,-1
00020,1,1880,816,131,111,0.9696256,-1,-1,-1
00020,1,0,499,491,502,0.86179394,-1,-1,-1
00021,1,2093,889,163,146,0.9953236,-1,-1,-1
00021,1,938,680,501,292,0.98860615,-1,-1,-1
00021,1,1875,815,132,110,0.9629113,-1,-1,-1
00021,1,0,506,493,499,0.8717878,-1,-1,-1
00022,1,2104,889,158,142,0.99494153,-1,-1,-1
00022,1,939,677,482,296,0.98955965,-1,-1,-1
00022,1,1868,814,129,117,0.9712999,-1,-1,-1
00022,1,0,504,492,500,0.8766581,-1,-1,-1
00023,1,2105,888,154,141,0.9950511,-1,-1,-1
00023,1,919,679,502,293,0.99024945,-1,-1,-1
00023,1,1868,812,124,111,0.99000084,-1,-1,-1
00023,1,0,504,492,500,0.87733346,-1,-1,-1
00024,1,2099,890,153,141,0.9969214,-1,-1,-1
00024,1,899,677,515,297,0.9900619,-1,-1,-1
00024,1,1860,816,131,105,0.9834931,-1,-1,-1
00024,1,0,506,478,494,0.80747235,-1,-1,-1
00025,1,2108,888,151,137,0.9957241,-1,-1,-1
00025,1,1853,814,125,112,0.98448133,-1,-1,-1
00025,1,893,670,507,301,0.9798707,-1,-1,-1
00025,1,0,505,478,496,0.8187913,-1,-1,-1
00026,1,2106,890,156,135,0.99432796,-1,-1,-1
00026,1,1846,814,127,111,0.9890927,-1,-1,-1
00026,1,885,665,515,308,0.98896676,-1,-1,-1
00026,1,0,505,478,496,0.8206673,-1,-1,-1
00027,1,1836,813,132,114,0.99706775,-1,-1,-1
00027,1,2106,891,152,133,0.995199,-1,-1,-1
00027,1,866,668,519,303,0.98500466,-1,-1,-1
00027,1,0,505,479,496,0.8206284,-1,-1,-1
00028,1,1833,811,129,113,0.99507624,-1,-1,-1
00028,1,866,666,512,309,0.99431145,-1,-1,-1
00028,1,2116,890,151,133,0.99412304,-1,-1,-1
00028,1,0,505,478,496,0.8239517,-1,-1,-1
00029,1,2113,892,144,129,0.9966312,-1,-1,-1
00029,1,856,666,523,308,0.9938955,-1,-1,-1
00029,1,1824,811,135,112,0.9930139,-1,-1,-1
00029,1,0,505,479,497,0.82639635,-1,-1,-1
00030,1,2114,891,152,127,0.99617875,-1,-1,-1
00030,1,1817,814,138,108,0.9947803,-1,-1,-1
00030,1,845,665,522,309,0.9943552,-1,-1,-1
00030,1,0,506,478,495,0.8351023,-1,-1,-1
00031,1,2118,893,143,128,0.9964805,-1,-1,-1
00031,1,835,665,526,307,0.99410844,-1,-1,-1
00031,1,1810,811,135,111,0.9902166,-1,-1,-1
00031,1,0,964,603,724,0.9723175,-1,-1,-1
00031,1,0,496,480,511,0.72212595,-1,-1,-1
00032,1,2123,890,143,127,0.99792564,-1,-1,-1
00032,1,1800,810,143,111,0.9955908,-1,-1,-1
00032,1,827,667,532,310,0.9895495,-1,-1,-1
00032,1,0,801,871,858,0.98936754,-1,-1,-1
00033,1,2122,889,146,128,0.9979075,-1,-1,-1
00033,1,819,663,527,308,0.9863019,-1,-1,-1
00033,1,1792,810,138,114,0.9828273,-1,-1,-1
00033,1,0,677,1146,1036,0.9763565,-1,-1,-1
00033,1,0,517,485,405,0.70739675,-1,-1,-1
00034,1,2124,891,146,127,0.99792093,-1,-1,-1
00034,1,1786,807,141,115,0.9928075,-1,-1,-1
00034,1,0,682,1412,1066,0.9618721,-1,-1,-1
00034,1,812,663,530,306,0.951053,-1,-1,-1
00034,1,0,512,474,397,0.7099345,-1,-1,-1
00035,1,2123,889,171,126,0.99414176,-1,-1,-1
00035,1,1770,804,154,118,0.98802406,-1,-1,-1
00035,1,0,751,1520,935,0.98230976,-1,-1,-1
00035,1,803,661,535,326,0.9647226,-1,-1,-1
00035,1,0,509,486,468,0.8474395,-1,-1,-1
00036,1,2126,890,170,124,0.99423695,-1,-1,-1
00036,1,143,822,1465,821,0.99335384,-1,-1,-1
00036,1,793,661,547,320,0.98465675,-1,-1,-1
00036,1,1761,804,157,120,0.98124504,-1,-1,-1
00037,1,1757,801,152,124,0.99352735,-1,-1,-1
00037,1,2135,888,150,122,0.99332845,-1,-1,-1
00037,1,444,850,1198,701,0.99223644,-1,-1,-1
00037,1,794,658,537,311,0.9920324,-1,-1,-1
00037,1,0,509,476,493,0.8124995,-1,-1,-1
00037,1,2042,845,105,78,0.7458776,-1,-1,-1
00038,1,2136,888,148,123,0.9966967,-1,-1,-1
00038,1,660,893,1063,643,0.9966107,-1,-1,-1
00038,1,1746,801,156,121,0.995255,-1,-1,-1
00038,1,793,662,534,315,0.97813696,-1,-1,-1
00038,1,0,506,482,496,0.84836197,-1,-1,-1
00039,1,2139,888,147,123,0.9958758,-1,-1,-1
00039,1,1738,801,155,120,0.99525887,-1,-1,-1
00039,1,888,879,861,584,0.9933495,-1,-1,-1
00039,1,783,655,554,330,0.98939383,-1,-1,-1
00039,1,0,505,482,498,0.8456278,-1,-1,-1
00040,1,2141,888,146,122,0.99713624,-1,-1,-1
00040,1,1018,902,814,557,0.995902,-1,-1,-1
00040,1,1735,800,149,118,0.9956204,-1,-1,-1
00040,1,763,655,572,333,0.9868421,-1,-1,-1
00040,1,0,503,480,500,0.8316802,-1,-1,-1
00041,1,2142,887,144,122,0.9979559,-1,-1,-1
00041,1,767,652,551,330,0.9926641,-1,-1,-1
00041,1,1727,799,156,117,0.99062866,-1,-1,-1
00041,1,1147,933,731,485,0.9904793,-1,-1,-1
00041,1,2040,848,101,76,0.8784471,-1,-1,-1
00041,1,0,504,483,499,0.8035901,-1,-1,-1
00042,1,2142,886,146,123,0.99664044,-1,-1,-1
00042,1,756,656,558,323,0.99623775,-1,-1,-1
00042,1,1276,951,642,434,0.9831185,-1,-1,-1
00042,1,1713,799,162,118,0.9773202,-1,-1,-1
00042,1,2040,844,99,81,0.8904319,-1,-1,-1
00042,1,0,505,488,503,0.7887293,-1,-1,-1
00043,1,743,653,566,322,0.9952237,-1,-1,-1
00043,1,2144,886,147,122,0.9951218,-1,-1,-1
00043,1,1705,797,162,121,0.9800562,-1,-1,-1
00043,1,1364,936,594,437,0.97816145,-1,-1,-1
00043,1,2040,842,94,84,0.85306555,-1,-1,-1
00043,1,0,505,482,494,0.7577206,-1,-1,-1
00044,1,734,649,572,332,0.9928215,-1,-1,-1
00044,1,2148,888,143,120,0.9878741,-1,-1,-1
00044,1,1698,798,157,121,0.9801067,-1,-1,-1
00044,1,1445,950,549,399,0.9654205,-1,-1,-1
00044,1,2034,840,100,86,0.87589,-1,-1,-1
00044,1,0,505,483,495,0.7143601,-1,-1,-1
00045,1,730,652,571,323,0.9935455,-1,-1,-1
00045,1,1680,797,167,120,0.98393863,-1,-1,-1
00045,1,1513,954,518,377,0.9827946,-1,-1,-1
00045,1,2151,888,141,119,0.9819905,-1,-1,-1
00045,1,0,507,481,495,0.8257767,-1,-1,-1
00045,1,2035,846,99,74,0.8145781,-1,-1,-1
00046,1,722,653,579,322,0.99393165,-1,-1,-1
00046,1,1677,793,158,128,0.9825867,-1,-1,-1
00046,1,1582,963,469,349,0.9809482,-1,-1,-1
00046,1,2156,885,139,119,0.94414663,-1,-1,-1
00046,1,2031,837,102,88,0.83981836,-1,-1,-1
00046,1,0,493,476,515,0.8039023,-1,-1,-1
00047,1,714,651,583,326,0.99308217,-1,-1,-1
00047,1,1659,793,172,124,0.978683,-1,-1,-1
00047,1,1619,952,454,343,0.9774316,-1,-1,-1
00047,1,0,506,479,499,0.8681464,-1,-1,-1
00047,1,2158,885,140,119,0.8607114,-1,-1,-1
00048,1,721,649,571,330,0.9932781,-1,-1,-1
00048,1,1649,791,173,125,0.98511535,-1,-1,-1
00048,1,1654,945,437,333,0.9501415,-1,-1,-1
00048,1,2159,886,138,118,0.8877165,-1,-1,-1
00048,1,0,514,469,491,0.85855025,-1,-1,-1
00049,1,708,651,579,330,0.99394107,-1,-1,-1
00049,1,1635,790,173,124,0.9829002,-1,-1,-1
00049,1,1707,964,386,298,0.965165,-1,-1,-1
00049,1,0,517,461,483,0.7885284,-1,-1,-1
00049,1,2155,888,142,117,0.7428497,-1,-1,-1
00050,1,700,649,576,329,0.9976108,-1,-1,-1
00050,1,1614,790,187,127,0.9847735,-1,-1,-1
00050,1,1733,943,376,306,0.9743522,-1,-1,-1
00050,1,2160,888,137,118,0.737748,-1,-1,-1
00051,1,696,654,580,324,0.99756277,-1,-1,-1
00051,1,1601,780,195,135,0.97730446,-1,-1,-1
00051,1,1763,944,356,285,0.935738,-1,-1,-1
00051,1,0,529,429,479,0.7323301,-1,-1,-1
00052,1,674,645,594,337,0.9950991,-1,-1,-1
00052,1,1579,776,209,139,0.98690796,-1,-1,-1
00052,1,1792,945,329,271,0.95924366,-1,-1,-1
00052,1,2165,888,127,116,0.7728641,-1,-1,-1
00052,1,2029,840,95,82,0.7335051,-1,-1,-1
00053,1,672,653,596,325,0.9952018,-1,-1,-1
00053,1,1564,777,212,137,0.98458904,-1,-1,-1
00053,1,1814,948,319,256,0.9593674,-1,-1,-1
00053,1,2022,834,99,87,0.8197767,-1,-1,-1
00054,1,657,647,600,333,0.99811256,-1,-1,-1
00054,1,1557,775,202,143,0.97350097,-1,-1,-1
00054,1,1839,942,302,252,0.96177,-1,-1,-1
00054,1,2017,842,110,78,0.76941967,-1,-1,-1
00055,1,640,645,611,333,0.9981187,-1,-1,-1
00055,1,1546,772,207,141,0.9915917,-1,-1,-1
00055,1,1851,947,294,235,0.9843939,-1,-1,-1
00056,1,630,645,621,334,0.99773055,-1,-1,-1
00056,1,1532,771,210,140,0.9885703,-1,-1,-1
00056,1,1878,947,275,219,0.9802699,-1,-1,-1
00057,1,616,640,627,341,0.9973145,-1,-1,-1
00057,1,1514,769,214,145,0.9908242,-1,-1,-1
00057,1,1894,950,265,212,0.98372585,-1,-1,-1
00058,1,619,633,613,349,0.9946649,-1,-1,-1
00058,1,1492,766,219,151,0.98458374,-1,-1,-1
00058,1,1908,947,251,207,0.971159,-1,-1,-1
00059,1,587,635,633,344,0.9978917,-1,-1,-1
00059,1,1484,763,210,156,0.98876846,-1,-1,-1
00059,1,1921,946,242,207,0.9689437,-1,-1,-1
00060,1,565,627,651,367,0.99079263,-1,-1,-1
00060,1,1458,770,225,141,0.99015605,-1,-1,-1
00060,1,1935,945,235,190,0.975647,-1,-1,-1
00061,1,558,627,647,351,0.9967012,-1,-1,-1
00061,1,1442,766,228,145,0.98847187,-1,-1,-1
00061,1,1943,945,227,192,0.95851916,-1,-1,-1
00062,1,533,625,660,361,0.99730587,-1,-1,-1
00062,1,1418,753,241,159,0.9807417,-1,-1,-1
00062,1,1962,946,207,177,0.9300399,-1,-1,-1
00063,1,531,621,647,363,0.9903502,-1,-1,-1
00063,1,1394,752,247,158,0.9736472,-1,-1,-1
00063,1,1964,943,213,170,0.9108924,-1,-1,-1
00064,1,468,620,691,374,0.98738134,-1,-1,-1
00064,1,1374,746,253,162,0.962045,-1,-1,-1
00064,1,1977,940,197,172,0.9257443,-1,-1,-1
00065,1,459,613,673,375,0.9895377,-1,-1,-1
00065,1,1350,745,252,165,0.98148876,-1,-1,-1
00065,1,1982,941,194,163,0.9375197,-1,-1,-1
00066,1,450,606,658,372,0.9910176,-1,-1,-1
00066,1,1328,743,259,167,0.9729307,-1,-1,-1
00066,1,1986,937,199,159,0.9510183,-1,-1,-1
00067,1,385,603,712,384,0.98688424,-1,-1,-1
00067,1,1303,741,257,164,0.97323656,-1,-1,-1
00067,1,1989,935,197,155,0.9566998,-1,-1,-1
00068,1,358,596,716,394,0.98910636,-1,-1,-1
00068,1,1278,733,279,174,0.96641815,-1,-1,-1
00068,1,1998,933,193,155,0.9310969,-1,-1,-1
00069,1,339,607,703,384,0.9862997,-1,-1,-1
00069,1,1241,733,287,174,0.9581163,-1,-1,-1
00069,1,2001,934,193,149,0.9335951,-1,-1,-1
00070,1,260,582,758,397,0.9890497,-1,-1,-1
00070,1,2010,927,185,155,0.95722896,-1,-1,-1
00070,1,1222,724,285,186,0.9433006,-1,-1,-1
00071,1,194,574,806,410,0.9898617,-1,-1,-1
00071,1,2016,926,180,154,0.9782348,-1,-1,-1
00071,1,1187,726,297,177,0.9459776,-1,-1,-1
00072,1,155,573,818,432,0.99048096,-1,-1,-1
00072,1,2019,927,176,151,0.96494627,-1,-1,-1
00072,1,1159,718,298,191,0.96162504,-1,-1,-1
00073,1,50,552,877,445,0.99167764,-1,-1,-1
00073,1,2018,927,186,146,0.9835173,-1,-1,-1
00073,1,1121,716,311,189,0.9677724,-1,-1,-1
00074,1,12,553,880,437,0.9896668,-1,-1,-1
00074,1,2031,917,171,155,0.97315353,-1,-1,-1
00074,1,1088,708,319,202,0.97206926,-1,-1,-1
00075,1,0,543,854,458,0.99361634,-1,-1,-1
00075,1,2033,915,169,153,0.9736361,-1,-1,-1
00075,1,1058,710,345,192,0.96874803,-1,-1,-1
00076,1,2036,918,171,144,0.99317247,-1,-1,-1
00076,1,0,528,794,485,0.9928005,-1,-1,-1
00076,1,1017,702,353,202,0.92101496,-1,-1,-1
00077,1,2043,919,165,142,0.99463993,-1,-1,-1
00077,1,0,538,756,462,0.98509675,-1,-1,-1
00077,1,976,693,373,210,0.9460218,-1,-1,-1
00077,1,1936,806,114,119,0.7131359,-1,-1,-1
00078,1,0,525,706,455,0.98937994,-1,-1,-1
00078,1,2046,915,162,143,0.9859319,-1,-1,-1
00078,1,944,686,353,221,0.9593646,-1,-1,-1
00079,1,2045,908,171,146,0.99295205,-1,-1,-1
00079,1,0,514,652,465,0.98268396,-1,-1,-1
00079,1,882,677,411,225,0.9555141,-1,-1,-1
00079,1,1919,817,121,103,0.86479557,-1,-1,-1
00080,1,2048,908,167,143,0.9914894,-1,-1,-1
00080,1,0,497,594,505,0.96707344,-1,-1,-1
00080,1,831,668,427,232,0.9650455,-1,-1,-1
00080,1,1917,817,119,103,0.88144886,-1,-1,-1
00081,1,2055,907,164,141,0.9909424,-1,-1,-1
00081,1,782,661,445,240,0.96746206,-1,-1,-1
00081,1,1913,815,119,106,0.95238173,-1,-1,-1
00081,1,0,496,508,506,0.89963347,-1,-1,-1
00082,1,2059,909,157,138,0.99349123,-1,-1,-1
00082,1,1908,814,121,108,0.97656804,-1,-1,-1
00082,1,728,659,457,239,0.9705108,-1,-1,-1
00082,1,0,505,428,489,0.782874,-1,-1,-1
00083,1,2060,903,156,143,0.9933923,-1,-1,-1
00083,1,1901,817,126,105,0.9808317,-1,-1,-1
00083,1,669,648,474,245,0.9588282,-1,-1,-1
00084,1,2063,912,151,129,0.99123365,-1,-1,-1
00084,1,1894,817,126,106,0.97532064,-1,-1,-1
00084,1,633,651,462,240,0.87561786,-1,-1,-1
00085,1,2060,911,154,130,0.98993194,-1,-1,-1
00085,1,1887,812,132,112,0.9829627,-1,-1,-1
00085,1,548,625,498,264,0.9396479,-1,-1,-1
00086,1,2058,905,165,135,0.9969422,-1,-1,-1
00086,1,1882,812,129,116,0.9784404,-1,-1,-1
00086,1,470,617,546,263,0.8889738,-1,-1,-1
00086,1,2316,916,97,98,0.7597788,-1,-1,-1
00087,1,2059,896,164,145,0.9943845,-1,-1,-1
00087,1,1874,811,132,117,0.9843544,-1,-1,-1
00087,1,401,604,571,276,0.9330515,-1,-1,-1
00087,1,2316,915,98,100,0.7682486,-1,-1,-1
00088,1,2065,898,160,143,0.9927487,-1,-1,-1
00088,1,1874,813,130,112,0.9919201,-1,-1,-1
00088,1,352,590,532,289,0.7533423,-1,-1,-1
00089,1,2066,904,164,134,0.9966743,-1,-1,-1
00089,1,1868,812,127,112,0.99355376,-1,-1,-1
00089,1,260,578,595,299,0.81632406,-1,-1,-1
00090,1,2074,898,156,137,0.9938519,-1,-1,-1
00090,1,1862,811,133,111,0.9914629,-1,-1,-1
00090,1,176,562,624,307,0.92685217,-1,-1,-1
00090,1,2313,916,99,99,0.72247297,-1,-1,-1
00091,1,2082,901,144,132,0.9945939,-1,-1,-1
00091,1,1854,811,129,113,0.99441373,-1,-1,-1
00091,1,80,550,677,306,0.9237898,-1,-1,-1
00092,1,2083,896,146,136,0.9972319,-1,-1,-1
00092,1,1846,810,130,114,0.9928583,-1,-1,-1
00092,1,13,550,662,326,0.9420581,-1,-1,-1
00093,1,1837,811,133,110,0.9974233,-1,-1,-1
00093,1,2087,899,138,131,0.9943663,-1,-1,-1
00093,1,0,835,538,622,0.9930397,-1,-1,-1
00093,1,0,551,623,318,0.88260156,-1,-1,-1
00094,1,2090,899,135,130,0.9965939,-1,-1,-1
00094,1,1828,808,138,113,0.99350893,-1,-1,-1
00094,1,0,714,810,746,0.97634727,-1,-1,-1
00094,1,0,531,557,327,0.7283629,-1,-1,-1
00095,1,2090,899,138,127,0.9954039,-1,-1,-1
00095,1,1822,808,133,111,0.9942673,-1,-1,-1
00095,1,0,689,1007,836,0.98482925,-1,-1,-1
00096,1,1810,808,138,111,0.9955585,-1,-1,-1
00096,1,2098,892,140,131,0.99333245,-1,-1,-1
00096,1,0,603,1125,893,0.99113727,-1,-1,-1
00097,1,2092,900,138,124,0.99715036,-1,-1,-1
00097,1,1807,808,135,111,0.99702376,-1,-1,-1
00097,1,0,649,1243,750,0.9952952,-1,-1,-1
00098,1,2094,899,137,124,0.996793,-1,-1,-1
00098,1,357,703,961,621,0.996601,-1,-1,-1
00098,1,1797,805,140,115,0.9880655,-1,-1,-1
00099,1,2098,899,135,121,0.9976065,-1,-1,-1
00099,1,1791,803,138,117,0.98773175,-1,-1,-1
00099,1,553,736,848,541,0.9837239,-1,-1,-1
00100,1,2105,895,135,122,0.996653,-1,-1,-1
00100,1,1780,801,144,119,0.98842657,-1,-1,-1
00100,1,732,747,752,509,0.98770034,-1,-1,-1
00100,1,2044,844,100,80,0.7425,-1,-1,-1
00101,1,2104,895,139,123,0.99767905,-1,-1,-1
00101,1,879,740,649,480,0.98191446,-1,-1,-1
00101,1,1764,802,151,117,0.97324014,-1,-1,-1
00101,1,2044,845,100,77,0.71131724,-1,-1,-1
00102,1,2106,896,140,121,0.99768317,-1,-1,-1
00102,1,1758,799,148,120,0.97968334,-1,-1,-1
00102,1,993,759,595,438,0.9668005,-1,-1,-1
00102,1,2041,845,100,78,0.89313465,-1,-1,-1
00103,1,2108,896,141,121,0.99764735,-1,-1,-1
00103,1,1750,798,146,114,0.978741,-1,-1,-1
00103,1,1098,764,561,397,0.96966034,-1,-1,-1
00103,1,2038,845,101,78,0.9460742,-1,-1,-1
00104,1,2109,897,141,121,0.9957755,-1,-1,-1
00104,1,1741,789,142,124,0.98701847,-1,-1,-1
00104,1,1189,780,519,370,0.9782827,-1,-1,-1
00104,1,2038,846,101,77,0.93938833,-1,-1,-1
00105,1,2112,898,141,119,0.9956975,-1,-1,-1
00105,1,1737,792,150,122,0.98359144,-1,-1,-1
00105,1,2036,845,102,78,0.96585023,-1,-1,-1
00105,1,1273,805,450,337,0.9421292,-1,-1,-1
00106,1,2117,900,137,119,0.99212074,-1,-1,-1
00106,1,1330,812,456,310,0.96948975,-1,-1,-1
00106,1,2034,846,106,75,0.9494613,-1,-1,-1
00106,1,1729,785,143,126,0.94553643,-1,-1,-1
00107,1,2127,900,137,117,0.98895407,-1,-1,-1
00107,1,2030,841,104,82,0.9491318,-1,-1,-1
00107,1,1392,815,422,298,0.8917766,-1,-1,-1
00107,1,1716,793,143,120,0.8034354,-1,-1,-1
00108,1,2130,894,154,128,0.98629785,-1,-1,-1
00108,1,2031,844,102,79,0.91850764,-1,-1,-1
00108,1,1703,797,145,118,0.83496594,-1,-1,-1
00108,1,1446,824,396,278,0.7633126,-1,-1,-1
00109,1,2131,888,158,134,0.986979,-1,-1,-1
00109,1,1509,824,353,272,0.86863714,-1,-1,-1
00110,1,2137,891,157,131,0.9911157,-1,-1,-1
00110,1,1547,823,326,262,0.91831475,-1,-1,-1
00111,1,2139,888,157,133,0.9943545,-1,-1,-1
00111,1,1593,844,309,230,0.9683078,-1,-1,-1
00112,1,2142,890,156,134,0.9933082,-1,-1,-1
00112,1,1636,856,283,211,0.99208224,-1,-1,-1
00112,1,1653,776,170,145,0.7442024,-1,-1,-1
00113,1,2146,890,153,135,0.9924563,-1,-1,-1
00113,1,1653,854,286,206,0.9842663,-1,-1,-1
00113,1,1641,777,174,143,0.8892253,-1,-1,-1
00114,1,1683,854,272,203,0.9903369,-1,-1,-1
00114,1,2149,892,150,132,0.98891956,-1,-1,-1
00114,1,1628,783,184,131,0.9335836,-1,-1,-1
00115,1,1710,857,253,199,0.99085546,-1,-1,-1
00115,1,2154,892,145,134,0.98297095,-1,-1,-1
00115,1,1605,782,184,131,0.9735381,-1,-1,-1
00116,1,1733,853,252,196,0.99329835,-1,-1,-1
00116,1,2157,892,144,133,0.98195213,-1,-1,-1
00116,1,1579,780,202,134,0.97576946,-1,-1,-1
00116,1,0,843,535,520,0.93454576,-1,-1,-1
00117,1,2159,893,150,131,0.99005353,-1,-1,-1
00117,1,1761,852,229,190,0.9858133,-1,-1,-1
00117,1,1552,779,202,131,0.9764857,-1,-1,-1
00117,1,0,755,807,594,0.96635246,-1,-1,-1
00118,1,1778,852,226,183,0.9950749,-1,-1,-1
00118,1,1548,773,197,140,0.9936614,-1,-1,-1
00118,1,0,651,1045,708,0.96613723,-1,-1,-1
00118,1,2169,893,133,134,0.95852214,-1,-1,-1
00119,1,1529,773,210,138,0.989363,-1,-1,-1
00119,1,1800,860,217,167,0.98203,-1,-1,-1
00119,1,2177,895,124,133,0.95205814,-1,-1,-1
00119,1,35,722,1087,592,0.9363147,-1,-1,-1
00120,1,1513,764,203,148,0.99360776,-1,-1,-1
00120,1,1812,859,207,168,0.9795376,-1,-1,-1
00120,1,396,758,836,518,0.97330564,-1,-1,-1
00120,1,2188,894,120,128,0.96034217,-1,-1,-1
00121,1,1497,757,208,154,0.98416615,-1,-1,-1
00121,1,606,743,723,493,0.9732318,-1,-1,-1
00121,1,1837,861,190,158,0.951474,-1,-1,-1
00121,1,2190,898,134,124,0.94063413,-1,-1,-1
00121,1,2301,917,111,117,0.84493506,-1,-1,-1
00122,1,1465,761,204,143,0.982447,-1,-1,-1
00122,1,789,770,628,423,0.96899635,-1,-1,-1
00122,1,1848,870,194,144,0.9486604,-1,-1,-1
00122,1,2195,901,112,123,0.7006437,-1,-1,-1
00123,1,1450,753,217,156,0.9808863,-1,-1,-1
00123,1,940,794,562,367,0.9490942,-1,-1,-1
00123,1,1863,866,191,146,0.91384983,-1,-1,-1
00124,1,1051,800,511,343,0.95375955,-1,-1,-1
00124,1,1879,862,179,148,0.9440054,-1,-1,-1
00124,1,1420,748,223,159,0.91843534,-1,-1,-1
00125,1,1890,856,177,150,0.96797746,-1,-1,-1
00125,1,1146,816,465,308,0.93516636,-1,-1,-1
00125,1,1400,740,226,167,0.7723004,-1,-1,-1
00126,1,1901,865,176,138,0.9739831,-1,-1,-1
00126,1,1227,823,432,293,0.9664954,-1,-1,-1
00127,1,1313,832,386,266,0.9913127,-1,-1,-1
00127,1,1911,866,178,136,0.9829244,-1,-1,-1
00127,1,1355,737,235,160,0.7990513,-1,-1,-1
00128,1,1920,866,165,134,0.9918612,-1,-1,-1
00128,1,1377,840,369,247,0.98291725,-1,-1,-1
00128,1,1329,743,252,156,0.9663476,-1,-1,-1
00129,1,1927,867,160,129,0.992376,-1,-1,-1
00129,1,1437,839,327,243,0.9914473,-1,-1,-1
00129,1,1295,730,270,180,0.97921765,-1,-1,-1
00130,1,1933,867,168,136,0.9930749,-1,-1,-1
00130,1,1486,839,313,234,0.9885656,-1,-1,-1
00130,1,1255,725,283,186,0.97484404,-1,-1,-1
00130,1,2292,939,125,103,0.7863224,-1,-1,-1
00131,1,1948,865,159,131,0.99540293,-1,-1,-1
00131,1,1224,718,295,197,0.98525953,-1,-1,-1
00131,1,1538,851,288,210,0.9693815,-1,-1,-1
00132,1,1957,866,151,130,0.99709177,-1,-1,-1
00132,1,1195,719,291,193,0.98867875,-1,-1,-1
00132,1,1573,853,276,204,0.9793627,-1,-1,-1
00132,1,0,742,649,530,0.9577994,-1,-1,-1
00133,1,1961,866,152,125,0.99765414,-1,-1,-1
00133,1,1162,706,297,209,0.98137295,-1,-1,-1
00133,1,0,730,855,571,0.9627587,-1,-1,-1
00133,1,1607,856,261,197,0.9616365,-1,-1,-1
00134,1,1973,865,141,127,0.99643576,-1,-1,-1
00134,1,1638,860,255,181,0.982505,-1,-1,-1
00134,1,1108,708,337,198,0.9729557,-1,-1,-1
00134,1,46,663,1002,603,0.96169305,-1,-1,-1
00135,1,1979,864,138,126,0.99615437,-1,-1,-1
00135,1,1086,700,342,208,0.98280644,-1,-1,-1
00135,1,1671,863,244,175,0.98257935,-1,-1,-1
00135,1,368,734,786,478,0.9475911,-1,-1,-1
00136,1,1988,868,134,120,0.9967014,-1,-1,-1
00136,1,1699,865,226,166,0.9853506,-1,-1,-1
00136,1,592,733,683,423,0.9718963,-1,-1,-1
00136,1,1071,692,321,218,0.73825735,-1,-1,-1
00137,1,1995,866,134,121,0.9952708,-1,-1,-1
00137,1,1725,865,218,163,0.9817653,-1,-1,-1
00137,1,773,756,595,376,0.93337905,-1,-1,-1
00138,1,2004,864,137,116,0.99676764,-1,-1,-1
00138,1,1746,866,207,158,0.9721406,-1,-1,-1
00138,1,907,792,549,331,0.91042364,-1,-1,-1
00139,1,2007,863,137,116,0.9975879,-1,-1,-1
00139,1,1769,867,207,152,0.9705446,-1,-1,-1
00139,1,1022,803,496,310,0.9589224,-1,-1,-1
00139,1,918,672,375,222,0.95694363,-1,-1,-1
00140,1,2010,863,138,118,0.99701995,-1,-1,-1
00140,1,1123,806,462,288,0.9903799,-1,-1,-1
00140,1,856,663,425,234,0.98360634,-1,-1,-1
00140,1,1786,865,202,148,0.98354715,-1,-1,-1
00141,1,2013,865,138,114,0.9960997,-1,-1,-1
00141,1,812,661,429,237,0.9832144,-1,-1,-1
00141,1,1218,815,409,269,0.98176277,-1,-1,-1
00141,1,1810,864,190,148,0.9816688,-1,-1,-1
00142,1,2017,864,134,113,0.9942356,-1,-1,-1
00142,1,1298,820,380,253,0.9848772,-1,-1,-1
00142,1,742,651,459,246,0.9837173,-1,-1,-1
00142,1,1827,865,182,142,0.9749716,-1,-1,-1
00143,1,2025,867,126,106,0.9941017,-1,-1,-1
00143,1,1848,846,180,159,0.98769414,-1,-1,-1
00143,1,690,635,464,267,0.98262537,-1,-1,-1
00143,1,0,980,1214,941,0.9736424,-1,-1,-1
00143,1,1367,827,352,238,0.9391355,-1,-1,-1
00144,1,2029,868,125,105,0.9927464,-1,-1,-1
00144,1,0,993,1475,928,0.9777425,-1,-1,-1
00144,1,1862,864,168,140,0.97085047,-1,-1,-1
00144,1,626,628,492,264,0.9669594,-1,-1,-1
00144,1,1428,832,322,223,0.96622187,-1,-1,-1
00145,1,2032,865,125,108,0.9943988,-1,-1,-1
00145,1,22,846,1563,1061,0.9936312,-1,-1,-1
00145,1,1873,864,163,139,0.98877794,-1,-1,-1
00145,1,574,616,490,277,0.98114,-1,-1,-1
00145,1,1487,838,297,210,0.9591237,-1,-1,-1
00146,1,478,995,1188,833,0.9986798,-1,-1,-1
00146,1,484,594,560,304,0.9941854,-1,-1,-1
00146,1,2031,864,130,111,0.99411184,-1,-1,-1
00146,1,1888,872,155,131,0.99398625,-1,-1,-1
00146,1,1530,847,277,195,0.96746236,-1,-1,-1
00147,1,833,958,945,682,0.997815,-1,-1,-1
00147,1,1901,865,158,141,0.9955564,-1,-1,-1
00147,1,2037,866,123,109,0.9953041,-1,-1,-1
00147,1,406,583,586,315,0.98917913,-1,-1,-1
00147,1,1568,848,268,185,0.9823157,-1,-1,-1
00148,1,1902,864,158,134,0.9946419,-1,-1,-1
00148,1,325,579,617,306,0.9896825,-1,-1,-1
00148,1,2040,868,116,107,0.98015904,-1,-1,-1
00148,1,1603,848,249,183,0.97986674,-1,-1,-1
00148,1,1109,936,705,560,0.97376853,-1,-1,-1
00149,1,1919,866,156,129,0.9970722,-1,-1,-1
00149,1,221,568,685,331,0.98909,-1,-1,-1
00149,1,1284,932,602,489,0.97484016,-1,-1,-1
00149,1,2043,861,121,111,0.9198266,-1,-1,-1
00149,1,1639,858,235,174,0.839458,-1,-1,-1
00150,1,1921,868,167,120,0.9965342,-1,-1,-1
00150,1,141,547,693,345,0.99432266,-1,-1,-1
00150,1,1398,940,534,426,0.96866536,-1,-1,-1
00150,1,1661,856,244,169,0.9095602,-1,-1,-1
00150,1,2052,868,120,98,0.89269733,-1,-1,-1
00151,1,1938,874,143,120,0.9969434,-1,-1,-1
00151,1,31,532,754,353,0.9869931,-1,-1,-1
00151,1,1500,937,488,383,0.8813358,-1,-1,-1
00151,1,1698,854,223,176,0.8677923,-1,-1,-1
00151,1,2056,870,122,95,0.83572066,-1,-1,-1
00152,1,1947,867,152,115,0.9954608,-1,-1,-1
00152,1,0,524,713,348,0.98395675,-1,-1,-1
00152,1,1581,938,427,342,0.94018036,-1,-1,-1
00152,1,1719,850,226,163,0.84625274,-1,-1,-1
00152,1,2054,864,126,107,0.74227417,-1,-1,-1
00153,1,1957,870,138,110,0.9916027,-1,-1,-1
00153,1,0,516,646,368,0.99109125,-1,-1,-1
00153,1,1733,861,219,143,0.9421145,-1,-1,-1
00153,1,1632,918,405,332,0.9319415,-1,-1,-1
00154,1,0,502,592,368,0.99287814,-1,-1,-1
00154,1,1961,869,143,110,0.97882503,-1,-1,-1
00154,1,1688,931,365,280,0.95006895,-1,-1,-1
00154,1,1764,850,199,154,0.9344635,-1,-1,-1
00155,1,0,486,540,382,0.95498365,-1,-1,-1
00155,1,1977,867,140,110,0.9478555,-1,-1,-1
00155,1,1745,921,331,255,0.9452951,-1,-1,-1
00155,1,1796,828,173,143,0.93816376,-1,-1,-1
00156,1,1976,865,136,114,0.9850738,-1,-1,-1
00156,1,1802,832,179,148,0.97345996,-1,-1,-1
00156,1,1781,915,300,250,0.96800005,-1,-1,-1
00156,1,0,483,472,387,0.8900124,-1,-1,-1
00157,1,1807,922,290,239,0.9767185,-1,-1,-1
00157,1,1984,866,127,112,0.97241825,-1,-1,-1
00157,1,1816,847,176,139,0.9432483,-1,-1,-1
00158,1,1827,927,281,215,0.9856631,-1,-1,-1
00158,1,1991,858,133,117,0.96404684,-1,-1,-1
00158,1,1838,860,167,137,0.959635,-1,-1,-1
00159,1,1854,903,258,215,0.9856036,-1,-1,-1
00159,1,1992,858,134,121,0.9774122,-1,-1,-1
00159,1,1850,862,160,131,0.96764565,-1,-1,-1
00160,1,1883,937,243,184,0.98105407,-1,-1,-1
00160,1,2000,859,137,120,0.9710026,-1,-1,-1
00160,1,1865,861,164,132,0.8984785,-1,-1,-1
00160,1,1764,799,149,118,0.8762536,-1,-1,-1
00161,1,1904,920,230,192,0.9859627,-1,-1,-1
00161,1,1749,799,155,119,0.9691134,-1,-1,-1
00161,1,1998,860,143,118,0.96094227,-1,-1,-1
00161,1,1880,867,157,122,0.8875626,-1,-1,-1
00162,1,1917,911,236,195,0.9919356,-1,-1,-1
00162,1,1740,795,157,127,0.98264366,-1,-1,-1
00162,1,1894,862,152,134,0.71654594,-1,-1,-1
00163,1,1935,911,227,186,0.9829927,-1,-1,-1
00163,1,1730,793,163,128,0.96513945,-1,-1,-1
00163,1,1905,864,141,120,0.8424005,-1,-1,-1
00164,1,1950,911,218,181,0.99116427,-1,-1,-1
00164,1,1711,782,172,135,0.98406905,-1,-1,-1
00164,1,1913,869,141,108,0.78715444,-1,-1,-1
00165,1,1702,787,163,128,0.9836023,-1,-1,-1
00165,1,1967,902,211,182,0.976005,-1,-1,-1
00166,1,1979,903,200,171,0.9851053,-1,-1,-1
00166,1,1686,793,172,121,0.9756832,-1,-1,-1
00166,1,1936,861,137,114,0.74392915,-1,-1,-1
00167,1,1989,903,192,169,0.9926604,-1,-1,-1
00167,1,1665,788,180,130,0.983844,-1,-1,-1
00168,1,1999,901,181,165,0.99390775,-1,-1,-1
00168,1,1651,786,187,135,0.9819406,-1,-1,-1
00168,1,1938,857,160,119,0.870316,-1,-1,-1
00169,1,2012,898,179,163,0.993601,-1,-1,-1
00169,1,1641,778,181,142,0.98635095,-1,-1,-1
00169,1,1955,857,137,119,0.8546611,-1,-1,-1
00170,1,2021,897,177,159,0.9928665,-1,-1,-1
00170,1,1626,784,181,131,0.98142254,-1,-1,-1
00170,1,1961,863,135,112,0.7754868,-1,-1,-1
00171,1,2027,879,177,171,0.9925092,-1,-1,-1
00171,1,1609,781,194,139,0.9814129,-1,-1,-1
00171,1,1970,865,135,106,0.8181871,-1,-1,-1
00172,1,2027,874,178,171,0.994333,-1,-1,-1
00172,1,1591,782,193,137,0.9865969,-1,-1,-1
00172,1,1981,865,125,105,0.9456149,-1,-1,-1
00173,1,2042,884,166,165,0.9957332,-1,-1,-1
00173,1,1569,775,200,143,0.98766,-1,-1,-1
00173,1,1987,866,126,103,0.94836706,-1,-1,-1
00174,1,2048,886,171,163,0.9962024,-1,-1,-1
00174,1,1544,769,207,146,0.99541336,-1,-1,-1
00174,1,1996,864,123,104,0.96197814,-1,-1,-1
00174,1,1901,827,125,101,0.8786272,-1,-1,-1
00175,1,2051,888,174,153,0.99672407,-1,-1,-1
00175,1,1526,771,222,143,0.98000574,-1,-1,-1
00175,1,2002,867,119,101,0.9432149,-1,-1,-1
00175,1,1894,828,121,102,0.9010097,-1,-1,-1
00176,1,2061,885,166,154,0.9958584,-1,-1,-1
00176,1,1501,763,225,154,0.9925924,-1,-1,-1
00176,1,1887,827,120,103,0.9488681,-1,-1,-1
00176,1,2007,868,114,99,0.895812,-1,-1,-1
00177,1,2066,886,159,145,0.9945668,-1,-1,-1
00177,1,1486,759,213,157,0.9707901,-1,-1,-1
00177,1,1875,825,129,102,0.94065046,-1,-1,-1
00177,1,2011,860,123,108,0.8950541,-1,-1,-1
00178,1,2064,886,164,144,0.99318475,-1,-1,-1
00178,1,1457,751,237,161,0.97468036,-1,-1,-1
00178,1,1870,822,125,108,0.9570324,-1,-1,-1
00178,1,2016,865,120,100,0.73943555,-1,-1,-1
00179,1,2081,886,148,139,0.9923248,-1,-1,-1
00179,1,1437,745,237,172,0.9657205,-1,-1,-1
00179,1,1861,825,124,102,0.95259947,-1,-1,-1
00179,1,0,799,693,567,0.8664426,-1,-1,-1
00179,1,2025,866,105,100,0.8274623,-1,-1,-1
00180,1,2082,884,159,138,0.9937634,-1,-1,-1
00180,1,0,751,930,670,0.97512347,-1,-1,-1
00180,1,1401,737,256,180,0.96711963,-1,-1,-1
00180,1,1851,824,127,103,0.96634334,-1,-1,-1
00180,1,2031,864,100,106,0.78854966,-1,-1,-1
00181,1,2083,884,153,135,0.99200106,-1,-1,-1
00181,1,1842,819,124,110,0.97965795,-1,-1,-1
00181,1,0,707,1121,623,0.96554625,-1,-1,-1
00181,1,1367,739,265,177,0.92834204,-1,-1,-1
00181,1,2034,859,111,113,0.9176327,-1,-1,-1
00182,1,2091,886,149,131,0.9943632,-1,-1,-1
00182,1,1828,816,134,117,0.9812424,-1,-1,-1
00182,1,371,764,849,507,0.96706086,-1,-1,-1
00182,1,1344,737,264,180,0.96414554,-1,-1,-1
00182,1,2038,861,112,110,0.82802314,-1,-1,-1
00183,1,2102,885,138,130,0.9960627,-1,-1,-1
00183,1,1313,734,275,184,0.98338693,-1,-1,-1
00183,1,1822,814,133,113,0.9826726,-1,-1,-1
00183,1,610,749,742,485,0.97501206,-1,-1,-1
00183,1,2039,863,114,107,0.8403546,-1,-1,-1
00184,1,2107,886,135,129,0.99212414,-1,-1,-1
00184,1,1809,817,133,112,0.98636186,-1,-1,-1
00184,1,795,776,642,428,0.95926493,-1,-1,-1
00184,1,1292,723,275,200,0.8791823,-1,-1,-1
00184,1,2042,864,113,104,0.76576793,-1,-1,-1
00185,1,2110,882,133,133,0.9953927,-1,-1,-1
00185,1,1800,818,130,109,0.9888321,-1,-1,-1
00185,1,964,787,563,374,0.86384135,-1,-1,-1
00185,1,2049,858,136,113,0.72528005,-1,-1,-1
00186,1,2111,881,134,133,0.9949032,-1,-1,-1
00186,1,1784,812,139,118,0.9895633,-1,-1,-1
00186,1,1087,805,515,337,0.87837017,-1,-1,-1
00186,1,2048,860,123,108,0.78747654,-1,-1,-1
00187,1,2115,882,129,131,0.9970702,-1,-1,-1
00187,1,1185,812,466,317,0.9949071,-1,-1,-1
00187,1,1773,810,141,120,0.9825386,-1,-1,-1
00187,1,2052,858,122,110,0.92296964,-1,-1,-1
00187,1,1173,711,262,185,0.8896616,-1,-1,-1
00188,1,2124,882,130,130,0.9961171,-1,-1,-1
00188,1,1291,818,389,296,0.98303705,-1,-1,-1
00188,1,1762,809,143,119,0.9825754,-1,-1,-1
00188,1,1120,708,334,209,0.9172521,-1,-1,-1
00188,1,2058,861,115,103,0.9158383,-1,-1,-1
00189,1,2117,883,130,128,0.9954495,-1,-1,-1
00189,1,1743,808,148,116,0.9874905,-1,-1,-1
00189,1,1077,703,363,217,0.968507,-1,-1,-1
00189,1,1354,828,384,275,0.9392216,-1,-1,-1
00189,1,2062,860,112,108,0.9298268,-1,-1,-1
00190,1,2120,882,128,129,0.9957417,-1,-1,-1
00190,1,1428,828,350,260,0.9737082,-1,-1,-1
00190,1,1019,694,387,224,0.9710212,-1,-1,-1
00190,1,1730,808,148,115,0.9671259,-1,-1,-1
00190,1,2060,861,124,106,0.92129225,-1,-1,-1
00191,1,2120,877,128,128,0.992753,-1,-1,-1
00191,1,966,676,402,238,0.9823658,-1,-1,-1
00191,1,1484,833,331,240,0.9729687,-1,-1,-1
00191,1,2065,860,128,110,0.80652666,-1,-1,-1
00192,1,907,673,438,240,0.9849989,-1,-1,-1
00192,1,2128,875,128,128,0.98343545,-1,-1,-1
00192,1,1540,843,306,216,0.9675817,-1,-1,-1
00192,1,2069,860,124,110,0.75899345,-1,-1,-1
00193,1,857,661,435,246,0.98576385,-1,-1,-1
00193,1,2127,874,127,124,0.9746056,-1,-1,-1
00193,1,1575,856,272,196,0.93733007,-1,-1,-1
00194,1,789,654,470,253,0.9845226,-1,-1,-1
00194,1,1617,859,265,189,0.9526215,-1,-1,-1
00194,1,2130,870,125,131,0.94460106,-1,-1,-1
00195,1,1652,865,254,181,0.9842994,-1,-1,-1
00195,1,710,638,500,267,0.9821988,-1,-1,-1
00195,1,2126,865,133,134,0.90550107,-1,-1,-1
00196,1,1680,866,245,168,0.9960989,-1,-1,-1
00196,1,638,619,516,293,0.9829779,-1,-1,-1
00196,1,2134,867,127,134,0.9347013,-1,-1,-1
00196,1,1653,796,164,126,0.8759636,-1,-1,-1
00197,1,1709,869,224,164,0.9930269,-1,-1,-1
00197,1,570,609,528,297,0.9903329,-1,-1,-1
00197,1,2143,870,123,125,0.9742276,-1,-1,-1
00197,1,1631,793,181,125,0.91233903,-1,-1,-1
00197,1,2079,862,108,97,0.7906954,-1,-1,-1
00198,1,1735,866,220,158,0.990842,-1,-1,-1
00198,1,484,583,556,323,0.9889675,-1,-1,-1
00198,1,2143,871,130,128,0.979142,-1,-1,-1
00198,1,1613,794,169,123,0.97903466,-1,-1,-1
00199,1,374,578,631,328,0.98761266,-1,-1,-1
00199,1,1762,868,213,156,0.9874719,-1,-1,-1
00199,1,2145,869,126,126,0.9835855,-1,-1,-1
00199,1,1583,794,181,124,0.9737794,-1,-1,-1
00200,1,251,552,698,351,0.9913174,-1,-1,-1
00200,1,1558,794,184,125,0.9766316,-1,-1,-1
00200,1,1788,870,199,147,0.97542155,-1,-1,-1
00200,1,2145,868,126,124,0.9604985,-1,-1,-1
00201,1,164,543,705,360,0.9908269,-1,-1,-1
00201,1,1803,872,195,145,0.9907968,-1,-1,-1
00201,1,1545,795,182,118,0.9854645,-1,-1,-1
00201,1,2144,869,133,127,0.90781486,-1,-1,-1
00202,1,1829,868,179,142,0.984976,-1,-1,-1
00202,1,31,526,770,377,0.9839107,-1,-1,-1
00202,1,1521,792,193,123,0.97160035,-1,-1,-1
00202,1,2149,872,129,119,0.90542716,-1,-1,-1
00203,1,1834,872,183,136,0.9885493,-1,-1,-1
00203,1,1499,791,194,125,0.9845903,-1,-1,-1
00203,1,0,500,732,398,0.9820915,-1,-1,-1
00203,1,2149,872,126,119,0.9155542,-1,-1,-1
00204,1,1855,871,169,135,0.98707527,-1,-1,-1
00204,1,10,487,651,387,0.9755687,-1,-1,-1
00204,1,1472,777,205,134,0.9689324,-1,-1,-1
00204,1,2153,874,118,113,0.8274638,-1,-1,-1
00205,1,1456,787,200,123,0.98983544,-1,-1,-1
00205,1,1870,875,171,130,0.98915243,-1,-1,-1
00205,1,0,471,572,415,0.86883134,-1,-1,-1
00205,1,2152,875,117,108,0.7340489,-1,-1,-1
00206,1,1881,876,169,127,0.98671246,-1,-1,-1
00206,1,1419,775,221,137,0.98297566,-1,-1,-1
00206,1,2148,873,115,106,0.75460166,-1,-1,-1
00207,1,1892,880,164,121,0.9882564,-1,-1,-1
00207,1,1395,773,226,139,0.9706543,-1,-1,-1
00208,1,1907,879,159,124,0.9908133,-1,-1,-1
00208,1,1370,763,226,150,0.9714877,-1,-1,-1
00209,1,1913,880,164,119,0.9925378,-1,-1,-1
00209,1,1347,768,235,141,0.9614881,-1,-1,-1
00210,1,1925,879,153,115,0.9913325,-1,-1,-1
00210,1,1319,764,234,142,0.9784833,-1,-1,-1
00211,1,1936,881,146,114,0.9938852,-1,-1,-1
00211,1,1280,758,246,148,0.9731256,-1,-1,-1
00212,1,1945,881,143,114,0.9909875,-1,-1,-1
00212,1,1241,751,266,154,0.8693441,-1,-1,-1
00213,1,1958,875,141,117,0.9837939,-1,-1,-1
00213,1,1209,745,254,162,0.96859044,-1,-1,-1
00214,1,1961,874,145,122,0.9792332,-1,-1,-1
00214,1,1176,737,273,167,0.9609525,-1,-1,-1
00215,1,1130,734,279,172,0.98424673,-1,-1,-1
00215,1,1974,872,136,115,0.9748062,-1,-1,-1
00216,1,1983,870,136,114,0.9736762,-1,-1,-1
00216,1,1089,730,294,177,0.9567301,-1,-1,-1
00217,1,1984,854,164,126,0.97472554,-1,-1,-1
00217,1,1040,724,313,181,0.95954126,-1,-1,-1
00218,1,1987,866,149,119,0.989347,-1,-1,-1
00218,1,994,715,320,193,0.97677314,-1,-1,-1
00219,1,1999,855,146,127,0.9931611,-1,-1,-1
00219,1,939,712,340,192,0.9736925,-1,-1,-1
00220,1,2005,855,151,122,0.9898774,-1,-1,-1
00220,1,888,706,349,198,0.9804755,-1,-1,-1
00221,1,2005,856,160,118,0.99471587,-1,-1,-1
00221,1,839,693,367,209,0.9265136,-1,-1,-1
00222,1,2012,851,140,128,0.9941788,-1,-1,-1
00222,1,761,682,404,220,0.9542212,-1,-1,-1
00223,1,2013,851,150,123,0.9965179,-1,-1,-1
00223,1,689,676,425,222,0.95151085,-1,-1,-1
00223,1,2171,875,131,97,0.73066753,-1,-1,-1
00224,1,2017,851,151,124,0.9952226,-1,-1,-1
00224,1,626,668,442,227,0.92995214,-1,-1,-1
00224,1,2170,874,131,97,0.74003035,-1,-1,-1
00225,1,2018,850,148,124,0.99490017,-1,-1,-1
00225,1,525,656,495,234,0.92285246,-1,-1,-1
00226,1,2017,851,154,123,0.9922112,-1,-1,-1
00226,1,446,648,520,239,0.9305897,-1,-1,-1
00226,1,2169,873,134,97,0.7142769,-1,-1,-1
00227,1,2016,849,164,121,0.99504787,-1,-1,-1
00227,1,356,635,540,249,0.9414864,-1,-1,-1
00227,1,2168,875,133,95,0.85239506,-1,-1,-1
00228,1,2019,853,161,116,0.9930738,-1,-1,-1
00228,1,244,620,594,256,0.9034027,-1,-1,-1
00228,1,2166,875,135,96,0.8616645,-1,-1,-1
00229,1,2028,854,141,119,0.99117416,-1,-1,-1
00229,1,153,603,571,273,0.93542814,-1,-1,-1
00229,1,2167,875,131,97,0.87065226,-1,-1,-1
00230,1,2041,858,130,112,0.9868667,-1,-1,-1
00230,1,42,589,678,284,0.95825845,-1,-1,-1
00230,1,2173,878,123,92,0.91070366,-1,-1,-1
00231,1,2031,850,137,120,0.9878037,-1,-1,-1
00231,1,0,585,603,278,0.81534046,-1,-1,-1
00231,1,2168,876,135,97,0.77407384,-1,-1,-1
00232,1,2051,855,123,114,0.9769365,-1,-1,-1
00232,1,0,581,547,289,0.9373157,-1,-1,-1
00232,1,1999,834,121,106,0.7578831,-1,-1,-1
00232,1,2170,876,131,97,0.7132036,-1,-1,-1
00233,1,2051,855,122,113,0.980662,-1,-1,-1
00233,1,0,573,470,293,0.9013529,-1,-1,-1
00233,1,1996,836,124,106,0.85799855,-1,-1,-1
00234,1,2060,860,120,107,0.9789763,-1,-1,-1
00234,1,1990,837,122,102,0.9288922,-1,-1,-1
00234,1,2172,876,126,95,0.80548376,-1,-1,-1
00235,1,2059,862,125,105,0.9780397,-1,-1,-1
00235,1,1991,833,121,117,0.7628915,-1,-1,-1
00236,1,2065,865,120,101,0.9652745,-1,-1,-1
00236,1,1979,837,148,115,0.8123513,-1,-1,-1
00237,1,2058,861,127,105,0.94547915,-1,-1,-1
00237,1,1973,836,126,100,0.8827629,-1,-1,-1
00238,1,2062,860,125,107,0.98382694,-1,-1,-1
00238,1,1970,832,122,102,0.8875516,-1,-1,-1
00239,1,2060,858,126,106,0.96067464,-1,-1,-1
00239,1,1962,828,125,107,0.7541782,-1,-1,-1
00240,1,2051,854,135,110,0.9590052,-1,-1,-1
00240,1,1959,829,125,106,0.8979588,-1,-1,-1
00241,1,2082,868,106,97,0.9809826,-1,-1,-1
00241,1,1954,826,129,111,0.8979667,-1,-1,-1
00242,1,2092,872,97,91,0.96331704,-1,-1,-1
00242,1,1951,826,129,108,0.8771166,-1,-1,-1
00243,1,2090,871,104,95,0.9710537,-1,-1,-1
00243,1,1946,814,137,124,0.82951236,-1,-1,-1
00244,1,2098,878,100,83,0.9667736,-1,-1,-1
00244,1,1939,812,139,127,0.8476294,-1,-1,-1
00245,1,2093,871,104,96,0.96628565,-1,-1,-1
00245,1,1930,812,147,130,0.8661885,-1,-1,-1
00246,1,2102,876,100,85,0.8836126,-1,-1,-1
00246,1,1934,826,135,108,0.7602798,-1,-1,-1
00247,1,2105,875,98,86,0.87615615,-1,-1,-1
00247,1,1927,823,128,111,0.86343646,-1,-1,-1
00248,1,2103,873,100,86,0.918231,-1,-1,-1
00248,1,1922,823,128,114,0.8944927,-1,-1,-1
00249,1,1916,807,141,137,0.9372363,-1,-1,-1
00249,1,2108,875,99,85,0.92945075,-1,-1,-1
00250,1,1912,804,138,140,0.9345618,-1,-1,-1
00250,1,2109,875,100,84,0.8900055,-1,-1,-1
00251,1,2112,874,100,85,0.92046976,-1,-1,-1
00251,1,1904,802,149,136,0.8299413,-1,-1,-1
00252,1,1893,806,155,134,0.9930987,-1,-1,-1
00252,1,2115,873,96,86,0.93530244,-1,-1,-1
00253,1,1889,807,149,130,0.9957059,-1,-1,-1
00253,1,2117,873,97,87,0.9456108,-1,-1,-1
00253,1,1720,790,133,88,0.77065647,-1,-1,-1
00254,1,1879,815,146,128,0.9913692,-1,-1,-1
00254,1,2116,872,99,87,0.9364585,-1,-1,-1
00254,1,1723,791,133,88,0.84402394,-1,-1,-1
00255,1,1870,806,146,132,0.9920804,-1,-1,-1
00255,1,2117,872,98,88,0.92646074,-1,-1,-1
00255,1,1719,793,142,85,0.83413833,-1,-1,-1
00256,1,1860,806,155,134,0.99418974,-1,-1,-1
00256,1,2118,873,100,85,0.92658156,-1,-1,-1
00256,1,1717,792,140,86,0.8836013,-1,-1,-1
00257,1,1852,801,163,138,0.99654895,-1,-1,-1
00257,1,2116,871,108,89,0.866514,-1,-1,-1
00258,1,1839,803,169,139,0.996293,-1,-1,-1
00258,1,2120,872,99,83,0.86786526,-1,-1,-1
00259,1,1832,806,170,135,0.99592245,-1,-1,-1
00259,1,2121,873,100,80,0.83163804,-1,-1,-1
00260,1,1819,800,170,143,0.99431086,-1,-1,-1
00260,1,2122,873,100,81,0.8424689,-1,-1,-1
00261,1,1806,795,177,146,0.9939581,-1,-1,-1
00261,1,2121,867,110,92,0.8543234,-1,-1,-1
00262,1,1786,794,179,149,0.9880278,-1,-1,-1
00262,1,2121,868,110,89,0.8488395,-1,-1,-1
00263,1,1778,796,179,150,0.95728666,-1,-1,-1
00263,1,2122,868,111,89,0.8352742,-1,-1,-1
00264,1,1765,787,188,159,0.98962384,-1,-1,-1
00264,1,2128,873,98,78,0.72997457,-1,-1,-1
00265,1,1744,789,196,156,0.98614407,-1,-1,-1
00266,1,1729,784,204,162,0.9657369,-1,-1,-1
00266,1,2129,871,106,83,0.77013314,-1,-1,-1
00267,1,1715,778,193,165,0.9821155,-1,-1,-1
00267,1,1855,810,123,108,0.83848006,-1,-1,-1
00267,1,2131,871,105,83,0.7912783,-1,-1,-1
00268,1,1700,773,217,177,0.9814667,-1,-1,-1
00268,1,2134,873,102,79,0.74727446,-1,-1,-1
00269,1,1675,772,215,172,0.94907457,-1,-1,-1
00270,1,1651,763,220,183,0.9653436,-1,-1,-1
00271,1,1631,766,229,184,0.9498782,-1,-1,-1
00271,1,1864,815,166,116,0.937857,-1,-1,-1
00272,1,1605,762,234,187,0.957105,-1,-1,-1
00272,1,1882,820,158,112,0.9162545,-1,-1,-1
00273,1,1571,753,263,197,0.95383114,-1,-1,-1
00273,1,1900,819,155,118,0.8525753,-1,-1,-1
00274,1,1554,743,267,207,0.9619259,-1,-1,-1
00274,1,1916,814,150,120,0.820278,-1,-1,-1
00275,1,1927,831,154,102,0.99290127,-1,-1,-1
00275,1,1527,748,273,204,0.96447057,-1,-1,-1
00276,1,1942,830,154,108,0.9903342,-1,-1,-1
00276,1,1495,741,291,208,0.96449095,-1,-1,-1
00277,1,1954,844,142,92,0.9925368,-1,-1,-1
00277,1,1463,737,298,217,0.98343754,-1,-1,-1
00278,1,1962,842,151,99,0.99431086,-1,-1,-1
00278,1,1417,724,316,228,0.9820571,-1,-1,-1
00279,1,1980,848,143,94,0.9933554,-1,-1,-1
00279,1,1376,725,331,232,0.9897139,-1,-1,-1
00280,1,1990,852,140,96,0.9942988,-1,-1,-1
00280,1,1330,704,348,254,0.9858839,-1,-1,-1
00281,1,1991,851,159,98,0.997142,-1,-1,-1
00281,1,1282,706,374,254,0.97364026,-1,-1,-1
00282,1,2010,847,137,105,0.9968189,-1,-1,-1
00282,1,1225,687,406,271,0.9521434,-1,-1,-1
00283,1,2019,845,141,111,0.98904175,-1,-1,-1
00283,1,1168,679,420,282,0.9622604,-1,-1,-1
00284,1,2027,851,138,100,0.98812383,-1,-1,-1
00284,1,1096,671,452,292,0.97293806,-1,-1,-1
00285,1,2036,855,125,100,0.9941426,-1,-1,-1
00285,1,1034,652,458,317,0.961874,-1,-1,-1
00286,1,2037,856,128,104,0.9919241,-1,-1,-1
00286,1,946,629,505,336,0.983017,-1,-1,-1
00287,1,2043,854,130,103,0.978425,-1,-1,-1
00287,1,862,609,512,353,0.9750208,-1,-1,-1
00288,1,744,598,581,374,0.9862211,-1,-1,-1
00288,1,2055,865,123,89,0.9797076,-1,-1,-1
00288,1,0,1001,1364,916,0.8325682,-1,-1,-1
00289,1,2062,870,121,84,0.9907402,-1,-1,-1
00289,1,621,552,637,427,0.98821604,-1,-1,-1
00289,1,0,598,673,753,0.984003,-1,-1,-1
00289,1,87,1088,1590,833,0.9786471,-1,-1,-1
00290,1,625,936,1208,936,0.99843043,-1,-1,-1
00290,1,0,540,909,868,0.99112016,-1,-1,-1
00290,1,2066,865,115,92,0.9730872,-1,-1,-1
00290,1,544,555,620,407,0.76024824,-1,-1,-1
00291,1,1061,914,838,711,0.997373,-1,-1,-1
00291,1,2078,870,102,83,0.9846363,-1,-1,-1
00291,1,0,542,1107,841,0.9718817,-1,-1,-1
00292,1,1308,933,652,598,0.9872454,-1,-1,-1
00292,1,26,538,1237,776,0.98528045,-1,-1,-1
00292,1,2082,870,99,83,0.95784193,-1,-1,-1
00293,1,303,654,971,635,0.9931011,-1,-1,-1
00293,1,1474,929,542,491,0.9828551,-1,-1,-1
00293,1,2084,870,101,83,0.89194375,-1,-1,-1
00293,1,20,468,826,483,0.8518779,-1,-1,-1
00294,1,521,681,856,538,0.99512625,-1,-1,-1
00294,1,1583,922,481,434,0.980454,-1,-1,-1
00294,1,0,439,697,518,0.96457046,-1,-1,-1
00295,1,0,431,529,521,0.9892965,-1,-1,-1
00295,1,744,702,722,506,0.98555136,-1,-1,-1
00295,1,1663,928,416,378,0.9540151,-1,-1,-1
00296,1,922,720,642,449,0.98841363,-1,-1,-1
00296,1,1737,930,385,332,0.8857802,-1,-1,-1
00297,1,1034,739,584,416,0.9817918,-1,-1,-1
00298,1,1822,916,326,275,0.969606,-1,-1,-1
00298,1,1130,748,537,401,0.96526796,-1,-1,-1
00299,1,1210,752,524,378,0.9454878,-1,-1,-1
00299,1,1865,922,285,247,0.9298073,-1,-1,-1
00300,1,1902,924,259,227,0.9250283,-1,-1,-1
00300,1,1316,753,430,366,0.85196054,-1,-1,-1
00301,1,1358,768,448,330,0.91688657,-1,-1,-1
00301,1,1920,911,252,230,0.90860045,-1,-1,-1
00302,1,1951,911,234,210,0.88161385,-1,-1,-1
00302,1,1428,775,397,312,0.7644857,-1,-1,-1
00303,1,1975,914,219,197,0.94174016,-1,-1,-1
00303,1,1484,779,365,296,0.8343826,-1,-1,-1
00304,1,1984,909,220,190,0.95753914,-1,-1,-1
00304,1,1535,794,333,275,0.75371146,-1,-1,-1
00305,1,2001,910,209,180,0.9191033,-1,-1,-1
00305,1,1553,802,340,259,0.860753,-1,-1,-1
00306,1,1581,814,323,233,0.9549417,-1,-1,-1
00306,1,2021,917,192,163,0.91192555,-1,-1,-1
00307,1,2032,909,184,161,0.96955574,-1,-1,-1
00307,1,1628,819,290,229,0.9487265,-1,-1,-1
00308,1,2037,910,183,156,0.97853756,-1,-1,-1
00308,1,1654,828,285,214,0.9600933,-1,-1,-1
00309,1,2058,911,167,148,0.98488927,-1,-1,-1
00309,1,1681,831,270,205,0.9407998,-1,-1,-1
00310,1,2065,905,164,147,0.9880702,-1,-1,-1
00310,1,1707,833,255,195,0.9783505,-1,-1,-1
00311,1,2064,907,167,138,0.9859782,-1,-1,-1
00311,1,1729,837,250,188,0.9800397,-1,-1,-1
00311,1,7,1042,1501,830,0.75337225,-1,-1,-1
00312,1,2075,904,163,142,0.99053216,-1,-1,-1
00312,1,1753,837,237,186,0.9704167,-1,-1,-1
00313,1,244,1047,1460,874,0.99352723,-1,-1,-1
00313,1,2087,905,151,136,0.98526067,-1,-1,-1
00313,1,1766,831,236,180,0.9524822,-1,-1,-1
00314,1,764,952,1025,734,0.99302703,-1,-1,-1
00314,1,2088,906,152,129,0.9850004,-1,-1,-1
00314,1,1797,837,211,181,0.96438384,-1,-1,-1
00315,1,1089,963,808,563,0.9957249,-1,-1,-1
00315,1,1811,838,211,177,0.98345757,-1,-1,-1
00315,1,2094,894,147,146,0.9569484,-1,-1,-1
00316,1,2099,890,143,144,0.9788857,-1,-1,-1
00316,1,1320,903,678,549,0.9421457,-1,-1,-1
00316,1,1824,842,209,164,0.9302982,-1,-1,-1
00317,1,2101,885,141,143,0.9731909,-1,-1,-1
00317,1,1466,892,562,516,0.9613327,-1,-1,-1
00317,1,1837,841,201,163,0.89159566,-1,-1,-1
00318,1,2109,884,133,138,0.97403926,-1,-1,-1
00318,1,1573,905,480,433,0.959111,-1,-1,-1
00318,1,1849,855,192,154,0.92820203,-1,-1,-1
00319,1,2107,891,138,125,0.991552,-1,-1,-1
00319,1,1862,851,193,151,0.9457883,-1,-1,-1
00319,1,1657,917,419,373,0.9313318,-1,-1,-1
00320,1,2108,883,137,132,0.9538637,-1,-1,-1
00320,1,1712,907,388,361,0.8945298,-1,-1,-1
00321,1,2111,882,135,130,0.8423171,-1,-1,-1
00322,1,2116,883,124,126,0.9539793,-1,-1,-1
00322,1,1782,930,363,254,0.75417155,-1,-1,-1
00323,1,2114,882,134,122,0.91941065,-1,-1,-1
00323,1,1891,837,196,156,0.86801183,-1,-1,-1
00323,1,1836,912,314,259,0.74665636,-1,-1,-1
00324,1,2116,881,130,121,0.8002456,-1,-1,-1
00324,1,1874,919,299,237,0.7045704,-1,-1,-1
00325,1,1892,921,285,233,0.9359319,-1,-1,-1
00325,1,1925,853,154,128,0.86013424,-1,-1,-1
00326,1,1922,910,265,241,0.9525111,-1,-1,-1
00327,1,1937,919,249,209,0.8276667,-1,-1,-1
00328,1,1953,926,245,186,0.7896303,-1,-1,-1
00329,1,1971,922,233,180,0.93129563,-1,-1,-1
00329,1,1954,862,150,111,0.7110402,-1,-1,-1
00330,1,1987,921,221,169,0.9497657,-1,-1,-1
00331,1,2005,908,212,175,0.959007,-1,-1,-1
00331,1,1967,862,149,112,0.7981467,-1,-1,-1
00332,1,2017,898,211,186,0.97317773,-1,-1,-1
00333,1,2026,905,204,168,0.9922712,-1,-1,-1
00333,1,1980,856,149,115,0.9274325,-1,-1,-1
00334,1,2041,899,189,172,0.9909456,-1,-1,-1
00334,1,1987,852,137,123,0.8977781,-1,-1,-1
00335,1,2049,896,186,169,0.9932679,-1,-1,-1
00335,1,1992,850,136,121,0.8844999,-1,-1,-1
00336,1,2059,894,177,166,0.9882436,-1,-1,-1
00336,1,1993,854,137,114,0.9515431,-1,-1,-1
00337,1,2066,886,170,171,0.9950004,-1,-1,-1
00337,1,1999,857,142,111,0.9534023,-1,-1,-1
00338,1,2075,887,164,169,0.9963051,-1,-1,-1
00338,1,2002,851,163,124,0.94729996,-1,-1,-1
00339,1,2076,887,166,160,0.99611545,-1,-1,-1
00339,1,2008,852,152,120,0.95965385,-1,-1,-1
00340,1,2085,896,159,149,0.99706537,-1,-1,-1
00340,1,2014,854,142,116,0.925402,-1,-1,-1
00341,1,2086,886,163,156,0.99791306,-1,-1,-1
00341,1,2013,852,151,121,0.95812887,-1,-1,-1
00342,1,2093,885,159,149,0.9960627,-1,-1,-1
00342,1,2019,854,155,117,0.95618904,-1,-1,-1
00343,1,2105,884,152,151,0.9939714,-1,-1,-1
00343,1,2023,853,139,117,0.98552763,-1,-1,-1
00344,1,2100,885,157,141,0.9949531,-1,-1,-1
00344,1,2027,857,138,107,0.9738758,-1,-1,-1
00345,1,2115,889,145,137,0.99513227,-1,-1,-1
00345,1,2032,855,133,110,0.9749766,-1,-1,-1
00346,1,2121,885,141,139,0.99085593,-1,-1,-1
00346,1,2032,855,137,112,0.968936,-1,-1,-1
00347,1,2115,886,144,133,0.9886205,-1,-1,-1
00347,1,2042,844,157,134,0.9053929,-1,-1,-1
00348,1,2127,886,140,136,0.9924418,-1,-1,-1
00348,1,2038,857,135,115,0.7717534,-1,-1,-1
00349,1,2130,886,141,129,0.99059665,-1,-1,-1
00349,1,2036,857,139,114,0.9374105,-1,-1,-1
00350,1,2129,886,144,129,0.99210465,-1,-1,-1
00350,1,2044,860,138,109,0.83213025,-1,-1,-1
00351,1,2132,879,151,139,0.98990077,-1,-1,-1
00351,1,2047,863,128,106,0.7381128,-1,-1,-1
00352,1,2139,882,150,132,0.985672,-1,-1,-1
00352,1,2051,867,132,93,0.9369834,-1,-1,-1
00353,1,2141,883,151,127,0.99268264,-1,-1,-1
00353,1,2054,863,132,97,0.95995224,-1,-1,-1
00354,1,2141,882,141,130,0.9935813,-1,-1,-1
00354,1,2059,865,129,97,0.9583907,-1,-1,-1
00355,1,2144,883,139,128,0.9922454,-1,-1,-1
00355,1,2059,866,138,103,0.81757444,-1,-1,-1
00356,1,2146,884,136,127,0.993396,-1,-1,-1
00356,1,2058,866,138,103,0.8023213,-1,-1,-1
00357,1,2147,885,133,126,0.9898532,-1,-1,-1
00358,1,2150,884,134,127,0.9762792,-1,-1,-1
00358,1,2066,867,127,97,0.8662423,-1,-1,-1
00359,1,2156,888,135,120,0.97030985,-1,-1,-1
00359,1,2065,863,130,101,0.9066013,-1,-1,-1
00360,1,2148,881,138,124,0.9163074,-1,-1,-1
00360,1,2064,863,127,99,0.8646106,-1,-1,-1
00361,1,2063,861,130,100,0.87755245,-1,-1,-1
00361,1,2148,880,138,124,0.86752236,-1,-1,-1
00362,1,2152,880,144,122,0.8916089,-1,-1,-1
00362,1,2061,856,132,105,0.82773095,-1,-1,-1
00363,1,2159,883,141,122,0.92396295,-1,-1,-1
00363,1,2066,858,125,100,0.8555468,-1,-1,-1
00364,1,2155,877,142,121,0.8825481,-1,-1,-1
00365,1,2160,878,139,122,0.7492403,-1,-1,-1
00366,1,2167,883,129,122,0.861599,-1,-1,-1
00366,1,2088,863,111,93,0.8071952,-1,-1,-1
00368,1,2167,883,125,110,0.83449334,-1,-1,-1
00368,1,2088,859,125,103,0.8214159,-1,-1,-1
00369,1,2086,859,125,101,0.90123415,-1,-1,-1
00370,1,2091,859,121,101,0.8559261,-1,-1,-1
00370,1,2169,879,129,118,0.7653092,-1,-1,-1
00373,1,2002,845,107,75,0.763645,-1,-1,-1
00374,1,1998,846,111,73,0.77580416,-1,-1,-1
00375,1,1995,845,109,74,0.82801586,-1,-1,-1
00376,1,1995,843,103,75,0.82304364,-1,-1,-1
00379,1,2184,879,110,96,0.7265328,-1,-1,-1
00384,1,1969,837,101,81,0.7049246,-1,-1,-1
00395,1,1908,817,127,104,0.7600353,-1,-1,-1
00396,1,1907,816,124,106,0.896324,-1,-1,-1
00397,1,1904,817,121,104,0.8934928,-1,-1,-1
00398,1,1895,819,126,103,0.92607546,-1,-1,-1
00399,1,1890,818,126,111,0.90300435,-1,-1,-1
00400,1,1885,817,131,105,0.93679464,-1,-1,-1
00401,1,1878,814,130,114,0.9748447,-1,-1,-1
00402,1,1870,811,135,120,0.9629928,-1,-1,-1
00403,1,1864,812,138,113,0.97242886,-1,-1,-1
00404,1,1864,814,134,109,0.9789708,-1,-1,-1
00405,1,1856,813,131,109,0.9897432,-1,-1,-1
00406,1,1851,811,129,114,0.98406017,-1,-1,-1
00407,1,1840,812,136,112,0.99245113,-1,-1,-1
00408,1,1835,810,137,114,0.9953904,-1,-1,-1
00409,1,1823,811,141,112,0.9936465,-1,-1,-1
00410,1,1817,809,147,113,0.9896158,-1,-1,-1
00411,1,1809,811,146,110,0.98909736,-1,-1,-1
00412,1,1801,812,144,108,0.9816742,-1,-1,-1
00413,1,1789,808,156,112,0.99268484,-1,-1,-1
00414,1,1781,809,153,112,0.98476285,-1,-1,-1
00415,1,1765,805,162,115,0.98705786,-1,-1,-1
00416,1,1757,804,166,117,0.9739624,-1,-1,-1
00417,1,1759,803,163,119,0.9730722,-1,-1,-1
00418,1,1747,804,161,116,0.99526066,-1,-1,-1
00419,1,1734,802,164,117,0.9915195,-1,-1,-1
00420,1,1728,802,162,117,0.9915713,-1,-1,-1
00421,1,1722,796,165,121,0.99578345,-1,-1,-1
00422,1,1711,796,168,120,0.99432063,-1,-1,-1
00423,1,1700,800,165,120,0.99040776,-1,-1,-1
00424,1,1688,799,169,116,0.9920586,-1,-1,-1
00425,1,1673,793,182,125,0.9945766,-1,-1,-1
00426,1,1658,788,187,127,0.99419796,-1,-1,-1
00427,1,1652,788,184,128,0.99256647,-1,-1,-1
00428,1,1641,788,185,126,0.98715913,-1,-1,-1
00428,1,2065,852,110,83,0.8465144,-1,-1,-1
00429,1,1636,789,182,126,0.98795843,-1,-1,-1
00429,1,2069,855,107,79,0.90301776,-1,-1,-1
00430,1,1620,785,186,134,0.99058694,-1,-1,-1
00430,1,2069,856,103,78,0.879075,-1,-1,-1
00431,1,1605,779,192,134,0.977375,-1,-1,-1
00431,1,2067,856,105,79,0.91244113,-1,-1,-1
00432,1,1591,770,193,144,0.98646367,-1,-1,-1
00432,1,2061,854,110,81,0.8059975,-1,-1,-1
00433,1,1580,776,186,140,0.9777744,-1,-1,-1
00433,1,2062,855,99,81,0.8584495,-1,-1,-1
00434,1,1552,770,212,142,0.97815984,-1,-1,-1
00434,1,2061,854,97,81,0.88474005,-1,-1,-1
00435,1,1533,776,210,133,0.98632705,-1,-1,-1
00435,1,2055,851,101,82,0.83466786,-1,-1,-1
00436,1,1527,770,208,142,0.9776865,-1,-1,-1
00436,1,2055,851,96,84,0.95354706,-1,-1,-1
00437,1,1508,770,217,141,0.98726404,-1,-1,-1
00437,1,2050,850,99,81,0.9297576,-1,-1,-1
00438,1,1487,766,230,144,0.9744538,-1,-1,-1
00438,1,2049,850,98,82,0.9614973,-1,-1,-1
00438,1,1928,823,117,98,0.74992484,-1,-1,-1
00439,1,2040,850,106,85,0.9796051,-1,-1,-1
00439,1,1464,758,226,148,0.97471726,-1,-1,-1
00439,1,1924,822,117,99,0.8211892,-1,-1,-1
00440,1,1449,746,233,161,0.98381305,-1,-1,-1
00440,1,2039,849,107,85,0.97750777,-1,-1,-1
00440,1,1919,822,119,99,0.912202,-1,-1,-1
00441,1,2037,849,108,86,0.97588503,-1,-1,-1
00441,1,1424,732,239,174,0.9681634,-1,-1,-1
00441,1,1917,825,115,97,0.94036883,-1,-1,-1
00442,1,2038,847,102,82,0.9757568,-1,-1,-1
00442,1,1401,735,250,173,0.9635962,-1,-1,-1
00442,1,1912,822,112,102,0.9465003,-1,-1,-1
00443,1,2036,848,104,87,0.9887242,-1,-1,-1
00443,1,1388,739,242,171,0.9793316,-1,-1,-1
00443,1,1907,823,114,102,0.961211,-1,-1,-1
00444,1,2033,845,105,89,0.9900149,-1,-1,-1
00444,1,1357,735,266,176,0.9870543,-1,-1,-1
00444,1,1904,821,116,101,0.943616,-1,-1,-1
00445,1,1342,730,254,180,0.9839516,-1,-1,-1
00445,1,2032,847,105,88,0.96460086,-1,-1,-1
00445,1,1899,825,113,97,0.9263464,-1,-1,-1
00446,1,1317,731,262,176,0.98906577,-1,-1,-1
00446,1,2029,848,105,85,0.93469834,-1,-1,-1
00446,1,1894,825,114,98,0.92792624,-1,-1,-1
00447,1,1284,730,288,180,0.9816304,-1,-1,-1
00447,1,1885,818,122,109,0.9555649,-1,-1,-1
00447,1,2028,848,100,88,0.89880055,-1,-1,-1
00448,1,2025,847,100,91,0.9812335,-1,-1,-1
00448,1,1259,724,289,190,0.9761331,-1,-1,-1
00448,1,1883,825,120,98,0.95775664,-1,-1,-1
00449,1,2021,847,104,90,0.98512614,-1,-1,-1
00449,1,1230,725,295,182,0.98275316,-1,-1,-1
00449,1,1873,814,120,118,0.962741,-1,-1,-1
00450,1,2019,848,100,88,0.9891256,-1,-1,-1
00450,1,1867,817,121,112,0.98488325,-1,-1,-1
00450,1,1204,716,285,192,0.981505,-1,-1,-1
00451,1,2016,849,103,87,0.9919403,-1,-1,-1
00451,1,1863,815,119,113,0.98115426,-1,-1,-1
00451,1,1178,715,307,195,0.9809079,-1,-1,-1
00451,1,0,1164,500,756,0.7744675,-1,-1,-1
00452,1,0,1068,753,853,0.9894985,-1,-1,-1
00452,1,1855,815,120,111,0.98026687,-1,-1,-1
00452,1,1144,711,319,200,0.97324,-1,-1,-1
00452,1,2007,847,111,90,0.9722259,-1,-1,-1
00453,1,0,987,1130,934,0.9830238,-1,-1,-1
00453,1,1849,816,121,107,0.9799913,-1,-1,-1
00453,1,2005,852,110,84,0.9772636,-1,-1,-1
00453,1,1113,693,332,223,0.96897787,-1,-1,-1
00454,1,2000,850,112,88,0.9858234,-1,-1,-1
00454,1,1841,815,122,110,0.9855816,-1,-1,-1
00454,1,1075,698,349,207,0.9759448,-1,-1,-1
00454,1,0,914,1277,1007,0.9192872,-1,-1,-1
00455,1,1835,814,127,105,0.98759425,-1,-1,-1
00455,1,1998,850,110,89,0.98344433,-1,-1,-1
00455,1,1032,701,366,208,0.96718943,-1,-1,-1
00455,1,0,802,1420,1119,0.963324,-1,-1,-1
00455,1,2219,915,176,124,0.70539165,-1,-1,-1
00456,1,1823,811,132,112,0.99023217,-1,-1,-1
00456,1,0,791,1490,1130,0.9891924,-1,-1,-1
00456,1,1995,847,107,88,0.98242813,-1,-1,-1
00456,1,1006,690,379,219,0.9483847,-1,-1,-1
00456,1,2235,923,176,122,0.84024984,-1,-1,-1
00457,1,1820,814,129,106,0.98516995,-1,-1,-1
00457,1,0,808,1641,1110,0.98154056,-1,-1,-1
00457,1,1993,848,104,87,0.9807926,-1,-1,-1
00457,1,966,680,364,223,0.9686263,-1,-1,-1
00457,1,2214,895,85,116,0.7094768,-1,-1,-1
