00001,1,730,693,189,120,0.98866475,-1,-1,-1
00001,1,1179,665,420,218,0.97831583,-1,-1,-1
00001,1,266,844,208,178,0.9426977,-1,-1,-1
00001,1,550,686,121,117,0.9244346,-1,-1,-1
00001,1,451,698,117,88,0.72314936,-1,-1,-1
00002,1,1179,665,420,218,0.9807936,-1,-1,-1
00002,1,738,690,182,125,0.9629999,-1,-1,-1
00002,1,267,844,208,177,0.94490385,-1,-1,-1
00002,1,551,687,119,116,0.9311719,-1,-1,-1
00002,1,451,697,117,89,0.7760194,-1,-1,-1
00003,1,1179,665,421,218,0.9814092,-1,-1,-1
00003,1,738,689,181,126,0.96539736,-1,-1,-1
00003,1,267,845,208,176,0.9511741,-1,-1,-1
00003,1,551,687,119,116,0.9333287,-1,-1,-1
00003,1,451,697,116,89,0.7801333,-1,-1,-1
00004,1,1179,665,421,218,0.981398,-1,-1,-1
00004,1,738,689,181,126,0.96755946,-1,-1,-1
00004,1,267,844,208,177,0.9462776,-1,-1,-1
00004,1,551,687,119,116,0.9287184,-1,-1,-1
00004,1,451,698,116,89,0.7648812,-1,-1,-1
00005,1,1179,665,421,218,0.9813053,-1,-1,-1
00005,1,738,689,181,126,0.9678285,-1,-1,-1
00005,1,267,844,208,177,0.94879794,-1,-1,-1
00005,1,551,687,119,116,0.93260723,-1,-1,-1
00005,1,451,698,116,89,0.7785807,-1,-1,-1
00006,1,1179,665,421,218,0.9811018,-1,-1,-1
00006,1,738,689,181,126,0.9670647,-1,-1,-1
00006,1,267,845,208,177,0.9527795,-1,-1,-1
00006,1,551,687,119,116,0.93263763,-1,-1,-1
00006,1,452,697,115,90,0.7841814,-1,-1,-1
00007,1,1179,665,421,218,0.9810482,-1,-1,-1
00007,1,738,689,180,126,0.96605754,-1,-1,-1
00007,1,267,844,208,177,0.94944215,-1,-1,-1
00007,1,551,687,119,116,0.9307892,-1,-1,-1
00007,1,452,697,115,90,0.7801286,-1,-1,-1
00008,1,1179,665,421,218,0.9811422,-1,-1,-1
00008,1,739,689,179,126,0.96555173,-1,-1,-1
00008,1,267,844,208,177,0.95013964,-1,-1,-1
00008,1,551,687,119,116,0.930278,-1,-1,-1
00008,1,451,697,115,90,0.7731961,-1,-1,-1
00009,1,1179,665,421,218,0.9810471,-1,-1,-1
00009,1,738,690,181,125,0.96606165,-1,-1,-1
00009,1,267,844,208,177,0.95181483,-1,-1,-1
00009,1,551,687,119,116,0.92920333,-1,-1,-1
00009,1,450,696,116,91,0.76900697,-1,-1,-1
00010,1,1179,665,421,218,0.98111343,-1,-1,-1
00010,1,739,690,180,125,0.966373,-1,-1,-1
00010,1,267,844,208,177,0.9492958,-1,-1,-1
00010,1,550,687,120,116,0.92825305,-1,-1,-1
00010,1,450,696,116,91,0.7649541,-1,-1,-1
00011,1,1179,665,421,218,0.98118776,-1,-1,-1
00011,1,739,690,180,125,0.9655059,-1,-1,-1
00011,1,267,844,208,177,0.9508984,-1,-1,-1
00011,1,550,687,120,116,0.9239545,-1,-1,-1
00011,1,450,696,116,91,0.7456762,-1,-1,-1
00012,1,1179,665,421,218,0.9810963,-1,-1,-1
00012,1,739,690,180,125,0.9653521,-1,-1,-1
00012,1,267,844,208,177,0.95191944,-1,-1,-1
00012,1,550,687,120,116,0.9262581,-1,-1,-1
00012,1,449,696,117,91,0.7645494,-1,-1,-1
00013,1,1179,665,420,218,0.98033285,-1,-1,-1
00013,1,739,690,180,125,0.9547681,-1,-1,-1
00013,1,267,843,208,178,0.9495785,-1,-1,-1
00013,1,550,688,121,114,0.9235903,-1,-1,-1
00013,1,449,696,117,90,0.7594246,-1,-1,-1
00014,1,1179,665,420,218,0.9805963,-1,-1,-1
00014,1,739,690,178,125,0.9586631,-1,-1,-1
00014,1,267,844,208,177,0.949453,-1,-1,-1
00014,1,550,688,121,114,0.9203204,-1,-1,-1
00014,1,448,696,119,91,0.7590411,-1,-1,-1
00015,1,1179,665,420,218,0.9806384,-1,-1,-1
00015,1,739,690,178,125,0.9589097,-1,-1,-1
00015,1,267,844,208,177,0.9499428,-1,-1,-1
00015,1,550,688,121,114,0.9209782,-1,-1,-1
00015,1,448,696,119,90,0.7833189,-1,-1,-1
00016,1,1179,665,420,218,0.9806652,-1,-1,-1
00016,1,739,690,179,125,0.95858884,-1,-1,-1
00016,1,267,844,208,177,0.949681,-1,-1,-1
00016,1,550,688,121,115,0.9223215,-1,-1,-1
00016,1,448,696,119,91,0.8067583,-1,-1,-1
00017,1,1179,665,420,218,0.9806683,-1,-1,-1
00017,1,739,690,179,125,0.95831454,-1,-1,-1
00017,1,267,845,208,176,0.95002234,-1,-1,-1
00017,1,550,688,121,115,0.9233617,-1,-1,-1
00017,1,448,696,119,91,0.80117536,-1,-1,-1
00018,1,1179,665,420,218,0.9806908,-1,-1,-1
00018,1,739,690,179,125,0.9595971,-1,-1,-1
00018,1,267,845,208,176,0.9480171,-1,-1,-1
00018,1,550,688,122,114,0.9248577,-1,-1,-1
00018,1,447,696,121,90,0.8030725,-1,-1,-1
00019,1,1179,665,420,218,0.9805304,-1,-1,-1
00019,1,739,690,178,125,0.9584496,-1,-1,-1
00019,1,266,845,209,176,0.9479914,-1,-1,-1
00019,1,550,687,122,115,0.92372465,-1,-1,-1
00019,1,447,695,120,91,0.7847808,-1,-1,-1
00020,1,1179,665,420,218,0.9804915,-1,-1,-1
00020,1,739,690,178,125,0.9581418,-1,-1,-1
00020,1,267,845,208,176,0.94906443,-1,-1,-1
00020,1,550,687,122,115,0.92405194,-1,-1,-1
00020,1,447,694,120,92,0.7862743,-1,-1,-1
00021,1,1179,665,420,218,0.9802161,-1,-1,-1
00021,1,739,690,178,125,0.95900714,-1,-1,-1
00021,1,267,845,207,176,0.94828826,-1,-1,-1
00021,1,550,688,122,115,0.9218205,-1,-1,-1
00021,1,448,695,119,91,0.80647725,-1,-1,-1
00022,1,1179,665,420,218,0.9801829,-1,-1,-1
00022,1,739,690,178,125,0.959124,-1,-1,-1
00022,1,267,845,207,176,0.9478484,-1,-1,-1
00022,1,550,688,121,115,0.92229646,-1,-1,-1
00022,1,447,695,120,91,0.79969263,-1,-1,-1
00023,1,1179,665,420,218,0.9802731,-1,-1,-1
00023,1,739,690,178,125,0.95887583,-1,-1,-1
00023,1,267,845,208,176,0.9489221,-1,-1,-1
00023,1,550,688,121,115,0.9217014,-1,-1,-1
00023,1,447,694,120,92,0.77853614,-1,-1,-1
00024,1,1179,665,420,218,0.9803711,-1,-1,-1
00024,1,739,690,179,125,0.9587753,-1,-1,-1
00024,1,267,846,208,175,0.9473561,-1,-1,-1
00024,1,550,688,121,115,0.921768,-1,-1,-1
00024,1,446,694,121,92,0.75612426,-1,-1,-1
00025,1,734,694,182,119,0.9895856,-1,-1,-1
00025,1,1179,665,420,218,0.98000014,-1,-1,-1
00025,1,267,846,208,175,0.9444006,-1,-1,-1
00025,1,550,688,122,114,0.91563976,-1,-1,-1
00025,1,446,694,121,91,0.7297113,-1,-1,-1
00026,1,1179,665,420,218,0.97988427,-1,-1,-1
00026,1,739,690,179,125,0.95792174,-1,-1,-1
00026,1,267,846,208,175,0.946819,-1,-1,-1
00026,1,550,688,121,114,0.9137742,-1,-1,-1
00026,1,446,694,121,91,0.7204544,-1,-1,-1
00027,1,734,694,182,119,0.98965734,-1,-1,-1
00027,1,1179,665,420,218,0.9798703,-1,-1,-1
00027,1,267,846,207,174,0.9457995,-1,-1,-1
00027,1,550,688,121,114,0.9153545,-1,-1,-1
00027,1,446,694,121,91,0.72965294,-1,-1,-1
00028,1,734,694,181,119,0.9897584,-1,-1,-1
00028,1,1179,665,420,218,0.97987926,-1,-1,-1
00028,1,267,846,208,175,0.9459217,-1,-1,-1
00028,1,550,688,121,115,0.91831356,-1,-1,-1
00028,1,446,694,121,91,0.7404358,-1,-1,-1
00029,1,734,695,181,118,0.98979133,-1,-1,-1
00029,1,1179,665,420,218,0.97985774,-1,-1,-1
00029,1,267,845,208,175,0.9453414,-1,-1,-1
00029,1,550,688,121,115,0.91348326,-1,-1,-1
00029,1,447,694,120,91,0.73479605,-1,-1,-1
00030,1,734,695,181,118,0.98972744,-1,-1,-1
00030,1,1179,665,420,218,0.97990006,-1,-1,-1
00030,1,267,845,208,176,0.9438731,-1,-1,-1
00030,1,550,688,122,115,0.9121515,-1,-1,-1
00030,1,446,694,121,91,0.7125857,-1,-1,-1
00031,1,734,695,181,118,0.98987365,-1,-1,-1
00031,1,1179,665,420,218,0.9799375,-1,-1,-1
00031,1,267,845,208,176,0.94290245,-1,-1,-1
00031,1,550,688,122,115,0.911888,-1,-1,-1
00031,1,446,694,121,91,0.7459976,-1,-1,-1
00032,1,734,695,181,118,0.98992085,-1,-1,-1
00032,1,1179,665,420,218,0.97990155,-1,-1,-1
00032,1,267,845,208,176,0.94481534,-1,-1,-1
00032,1,550,688,122,115,0.9067977,-1,-1,-1
00032,1,447,695,120,90,0.7524649,-1,-1,-1
00033,1,734,695,181,118,0.98990494,-1,-1,-1
00033,1,1179,665,420,218,0.97985953,-1,-1,-1
00033,1,267,845,208,176,0.94308966,-1,-1,-1
00033,1,550,688,122,115,0.90029776,-1,-1,-1
00033,1,446,695,122,90,0.7549172,-1,-1,-1
00034,1,734,695,181,118,0.9899047,-1,-1,-1
00034,1,1179,665,420,218,0.97983027,-1,-1,-1
00034,1,267,844,208,177,0.94330496,-1,-1,-1
00034,1,549,688,123,115,0.8936568,-1,-1,-1
00034,1,447,696,121,89,0.73713005,-1,-1,-1
00035,1,734,695,181,118,0.98952776,-1,-1,-1
00035,1,1179,665,420,218,0.9797489,-1,-1,-1
00035,1,267,844,208,177,0.9419893,-1,-1,-1
00035,1,550,688,122,114,0.89504606,-1,-1,-1
00035,1,446,695,122,90,0.7607454,-1,-1,-1
00036,1,734,695,181,118,0.98970896,-1,-1,-1
00036,1,1179,665,420,218,0.97969407,-1,-1,-1
00036,1,267,844,208,177,0.9420948,-1,-1,-1
00036,1,550,688,122,115,0.8959726,-1,-1,-1
00036,1,445,695,124,90,0.76467913,-1,-1,-1
00037,1,1179,665,420,218,0.9795339,-1,-1,-1
00037,1,739,690,178,125,0.9612949,-1,-1,-1
00037,1,267,844,208,177,0.94802666,-1,-1,-1
00037,1,549,688,123,115,0.89907897,-1,-1,-1
00037,1,446,696,122,88,0.79813296,-1,-1,-1
00038,1,1179,665,420,218,0.9797332,-1,-1,-1
00038,1,739,690,178,125,0.96154666,-1,-1,-1
00038,1,267,844,208,177,0.9468678,-1,-1,-1
00038,1,549,688,123,114,0.8966977,-1,-1,-1
00038,1,447,696,122,88,0.81887674,-1,-1,-1
00039,1,1179,665,420,218,0.97967225,-1,-1,-1
00039,1,739,690,178,125,0.9609208,-1,-1,-1
00039,1,267,844,208,177,0.9463068,-1,-1,-1
00039,1,549,688,123,114,0.8939631,-1,-1,-1
00039,1,447,695,122,90,0.7794008,-1,-1,-1
00040,1,1179,665,420,218,0.97980624,-1,-1,-1
00040,1,739,690,178,125,0.9621712,-1,-1,-1
00040,1,267,844,208,177,0.94653404,-1,-1,-1
00040,1,550,688,122,114,0.89586926,-1,-1,-1
00040,1,445,694,123,91,0.7571187,-1,-1,-1
00041,1,1179,665,420,218,0.97980577,-1,-1,-1
00041,1,739,690,178,125,0.9628883,-1,-1,-1
00041,1,267,844,208,176,0.9448601,-1,-1,-1
00041,1,550,688,122,114,0.90452397,-1,-1,-1
00041,1,445,693,122,91,0.73742855,-1,-1,-1
00042,1,1179,665,420,218,0.9796792,-1,-1,-1
00042,1,739,690,178,124,0.9639933,-1,-1,-1
00042,1,267,844,208,176,0.9460874,-1,-1,-1
00042,1,551,688,120,114,0.91106826,-1,-1,-1
00042,1,446,691,120,93,0.70058656,-1,-1,-1
00043,1,1179,665,420,218,0.9797244,-1,-1,-1
00043,1,739,690,178,125,0.9637906,-1,-1,-1
00043,1,267,845,208,175,0.9438047,-1,-1,-1
00043,1,551,688,120,114,0.918081,-1,-1,-1
00044,1,1179,665,420,218,0.9795218,-1,-1,-1
00044,1,739,690,178,125,0.96459687,-1,-1,-1
00044,1,267,845,208,175,0.9401692,-1,-1,-1
00044,1,551,688,120,114,0.9151462,-1,-1,-1
00044,1,445,692,121,92,0.7410235,-1,-1,-1
00045,1,1179,665,420,218,0.9793748,-1,-1,-1
00045,1,739,690,178,125,0.96474254,-1,-1,-1
00045,1,267,845,208,175,0.93942595,-1,-1,-1
00045,1,551,687,120,116,0.9192326,-1,-1,-1
00045,1,446,693,120,91,0.7444256,-1,-1,-1
00046,1,1179,665,420,218,0.97954845,-1,-1,-1
00046,1,739,690,178,125,0.9655986,-1,-1,-1
00046,1,267,845,208,175,0.9409291,-1,-1,-1
00046,1,551,687,120,116,0.92370486,-1,-1,-1
00046,1,446,694,120,91,0.76758707,-1,-1,-1
00047,1,1179,665,420,218,0.9794083,-1,-1,-1
00047,1,739,690,178,125,0.9659099,-1,-1,-1
00047,1,267,845,208,175,0.941135,-1,-1,-1
00047,1,551,687,120,116,0.92643225,-1,-1,-1
00047,1,446,694,121,91,0.78864133,-1,-1,-1
00048,1,1179,665,420,218,0.9795482,-1,-1,-1
00048,1,739,690,178,125,0.9665368,-1,-1,-1
00048,1,267,845,208,175,0.9378889,-1,-1,-1
00048,1,551,687,120,116,0.92617494,-1,-1,-1
00048,1,447,693,119,92,0.7735009,-1,-1,-1
00049,1,1179,664,420,219,0.9786422,-1,-1,-1
00049,1,739,690,179,124,0.96674514,-1,-1,-1
00049,1,267,845,208,175,0.9358933,-1,-1,-1
00049,1,551,688,120,115,0.92672735,-1,-1,-1
00049,1,447,694,120,91,0.7501212,-1,-1,-1
00050,1,1179,664,420,219,0.9787853,-1,-1,-1
00050,1,739,690,179,124,0.9671118,-1,-1,-1
00050,1,267,845,208,175,0.9354568,-1,-1,-1
00050,1,550,688,121,115,0.9242589,-1,-1,-1
00050,1,447,694,119,91,0.74921614,-1,-1,-1
00051,1,1179,665,420,218,0.97888345,-1,-1,-1
00051,1,739,690,178,124,0.9669963,-1,-1,-1
00051,1,267,845,208,175,0.93454975,-1,-1,-1
00051,1,550,688,121,115,0.91913855,-1,-1,-1
00051,1,447,694,119,91,0.77169466,-1,-1,-1
00052,1,1179,665,420,218,0.9788689,-1,-1,-1
00052,1,739,690,178,124,0.9667368,-1,-1,-1
00052,1,266,846,208,174,0.9352543,-1,-1,-1
00052,1,550,688,121,115,0.9151469,-1,-1,-1
00052,1,447,694,119,91,0.7606699,-1,-1,-1
00053,1,1179,665,420,218,0.9788674,-1,-1,-1
00053,1,739,690,178,124,0.96731967,-1,-1,-1
00053,1,266,845,209,175,0.93599206,-1,-1,-1
00053,1,550,688,121,115,0.9169529,-1,-1,-1
00053,1,447,694,119,91,0.7550782,-1,-1,-1
00054,1,1179,665,420,218,0.9789145,-1,-1,-1
00054,1,739,690,178,124,0.96757674,-1,-1,-1
00054,1,267,845,208,175,0.93170106,-1,-1,-1
00054,1,550,688,121,115,0.91884315,-1,-1,-1
00054,1,447,695,119,90,0.75643885,-1,-1,-1
00055,1,1179,665,420,218,0.97891515,-1,-1,-1
00055,1,739,690,178,124,0.96726304,-1,-1,-1
00055,1,267,845,208,175,0.93324,-1,-1,-1
00055,1,550,688,121,115,0.9201078,-1,-1,-1
00055,1,447,694,119,91,0.7454493,-1,-1,-1
00056,1,1179,665,421,218,0.9788978,-1,-1,-1
00056,1,739,690,178,124,0.96768224,-1,-1,-1
00056,1,267,845,208,175,0.93127877,-1,-1,-1
00056,1,550,688,121,115,0.91947603,-1,-1,-1
00056,1,447,695,119,90,0.7483258,-1,-1,-1
00057,1,1179,665,421,218,0.97890913,-1,-1,-1
00057,1,739,690,178,124,0.967293,-1,-1,-1
00057,1,267,845,208,175,0.9292687,-1,-1,-1
00057,1,550,688,122,115,0.92017186,-1,-1,-1
00057,1,447,695,120,90,0.7427276,-1,-1,-1
00058,1,1179,665,420,218,0.97905433,-1,-1,-1
00058,1,739,690,178,124,0.9680637,-1,-1,-1
00058,1,267,845,207,175,0.93214697,-1,-1,-1
00058,1,550,688,122,115,0.91782415,-1,-1,-1
00058,1,447,695,120,90,0.74556416,-1,-1,-1
00059,1,1179,665,420,218,0.9788209,-1,-1,-1
00059,1,739,690,178,124,0.9690002,-1,-1,-1
00059,1,267,845,207,175,0.93095225,-1,-1,-1
00059,1,550,688,122,115,0.91693306,-1,-1,-1
00059,1,447,695,120,90,0.7442146,-1,-1,-1
00060,1,1179,665,421,218,0.9788006,-1,-1,-1
00060,1,739,690,178,124,0.9694009,-1,-1,-1
00060,1,267,846,208,174,0.93373895,-1,-1,-1
00060,1,550,688,122,115,0.918408,-1,-1,-1
00060,1,447,695,120,90,0.7422914,-1,-1,-1
00061,1,1179,665,421,218,0.9798537,-1,-1,-1
00061,1,739,690,178,124,0.96869344,-1,-1,-1
00061,1,267,845,207,175,0.93880796,-1,-1,-1
00061,1,551,688,120,115,0.9159021,-1,-1,-1
00061,1,447,694,120,91,0.7282299,-1,-1,-1
00062,1,1179,665,421,218,0.9795446,-1,-1,-1
00062,1,739,690,178,124,0.9686895,-1,-1,-1
00062,1,267,845,207,175,0.93936276,-1,-1,-1
00062,1,551,688,120,115,0.9157501,-1,-1,-1
00062,1,447,694,120,91,0.7509003,-1,-1,-1
00063,1,1179,665,421,218,0.97963536,-1,-1,-1
00063,1,739,690,178,124,0.96896183,-1,-1,-1
00063,1,267,845,207,175,0.9395556,-1,-1,-1
00063,1,551,688,120,115,0.91537356,-1,-1,-1
00063,1,447,694,120,91,0.7515146,-1,-1,-1
00064,1,1179,665,421,218,0.97955555,-1,-1,-1
00064,1,739,690,178,124,0.9687056,-1,-1,-1
00064,1,268,845,206,175,0.9397922,-1,-1,-1
00064,1,551,688,120,115,0.91325563,-1,-1,-1
00064,1,447,694,120,91,0.7511093,-1,-1,-1
00065,1,1179,665,421,218,0.97950864,-1,-1,-1
00065,1,739,690,178,125,0.9682684,-1,-1,-1
00065,1,268,845,206,175,0.9420289,-1,-1,-1
00065,1,551,688,120,115,0.9152915,-1,-1,-1
00065,1,447,694,120,91,0.7462679,-1,-1,-1
00066,1,1179,665,420,218,0.97942036,-1,-1,-1
00066,1,739,690,178,124,0.9690823,-1,-1,-1
00066,1,268,845,206,175,0.94192773,-1,-1,-1
00066,1,551,688,120,115,0.9155333,-1,-1,-1
00066,1,447,694,120,91,0.74248576,-1,-1,-1
00067,1,1179,665,420,218,0.97944915,-1,-1,-1
00067,1,739,690,178,125,0.96891046,-1,-1,-1
00067,1,268,845,206,176,0.94355917,-1,-1,-1
00067,1,551,688,120,115,0.91513133,-1,-1,-1
00067,1,447,694,120,91,0.73503906,-1,-1,-1
00068,1,1179,665,420,218,0.9794942,-1,-1,-1
00068,1,739,690,178,124,0.9687857,-1,-1,-1
00068,1,268,845,206,175,0.94301015,-1,-1,-1
00068,1,551,688,120,115,0.914707,-1,-1,-1
00068,1,447,694,120,91,0.73763347,-1,-1,-1
00069,1,1179,665,420,218,0.97964466,-1,-1,-1
00069,1,739,690,178,124,0.9687019,-1,-1,-1
00069,1,268,845,206,175,0.94437647,-1,-1,-1
00069,1,551,688,120,115,0.91630685,-1,-1,-1
00069,1,447,694,120,91,0.7515565,-1,-1,-1
00070,1,1179,665,421,218,0.97953117,-1,-1,-1
00070,1,739,690,178,124,0.9686554,-1,-1,-1
00070,1,268,845,206,175,0.9438557,-1,-1,-1
00070,1,551,688,120,115,0.9149477,-1,-1,-1
00070,1,447,694,120,91,0.7575086,-1,-1,-1
00071,1,1179,665,421,218,0.9795176,-1,-1,-1
00071,1,739,690,178,124,0.96868145,-1,-1,-1
00071,1,267,845,207,175,0.9436068,-1,-1,-1
00071,1,551,688,120,115,0.915095,-1,-1,-1
00071,1,447,694,120,92,0.7773582,-1,-1,-1
00072,1,1179,665,421,218,0.9795328,-1,-1,-1
00072,1,739,690,178,124,0.9687084,-1,-1,-1
00072,1,267,845,207,175,0.944579,-1,-1,-1
00072,1,551,688,120,115,0.9140054,-1,-1,-1
00072,1,447,694,119,92,0.79000264,-1,-1,-1
00073,1,1179,665,420,218,0.97988427,-1,-1,-1
00073,1,739,690,178,124,0.9695274,-1,-1,-1
00073,1,267,845,207,175,0.9452513,-1,-1,-1
00073,1,550,688,121,115,0.9160455,-1,-1,-1
00073,1,447,694,120,91,0.7805299,-1,-1,-1
00074,1,1179,665,420,218,0.97987056,-1,-1,-1
00074,1,739,690,178,124,0.9699397,-1,-1,-1
00074,1,267,845,207,175,0.94636196,-1,-1,-1
00074,1,550,688,121,115,0.9154694,-1,-1,-1
00074,1,447,694,120,91,0.7822255,-1,-1,-1
00075,1,1179,665,420,218,0.97983825,-1,-1,-1
00075,1,739,690,178,124,0.97002304,-1,-1,-1
00075,1,267,844,207,176,0.94085145,-1,-1,-1
00075,1,550,688,121,115,0.9145067,-1,-1,-1
00075,1,448,694,118,92,0.80075437,-1,-1,-1
00076,1,732,695,185,118,0.98857224,-1,-1,-1
00076,1,1180,665,419,218,0.9807726,-1,-1,-1
00076,1,273,839,200,176,0.9192705,-1,-1,-1
00076,1,550,688,120,115,0.9189858,-1,-1,-1
00076,1,447,691,120,95,0.79285365,-1,-1,-1
00077,1,732,695,185,118,0.9890059,-1,-1,-1
00077,1,1180,665,419,218,0.98043275,-1,-1,-1
00077,1,550,688,120,115,0.9190778,-1,-1,-1
00077,1,273,839,200,176,0.9171578,-1,-1,-1
00077,1,448,691,119,95,0.81103987,-1,-1,-1
00078,1,732,695,186,118,0.9871661,-1,-1,-1
00078,1,1180,665,419,218,0.98057073,-1,-1,-1
00078,1,266,842,207,177,0.9195313,-1,-1,-1
00078,1,550,688,120,115,0.91766,-1,-1,-1
00078,1,448,691,119,95,0.80002785,-1,-1,-1
00079,1,732,695,186,118,0.9876259,-1,-1,-1
00079,1,1180,665,419,218,0.9806487,-1,-1,-1
00079,1,267,842,206,177,0.92403805,-1,-1,-1
00079,1,550,688,120,115,0.9186874,-1,-1,-1
00079,1,448,691,119,95,0.80223536,-1,-1,-1
00080,1,732,695,186,118,0.98755777,-1,-1,-1
00080,1,1180,665,419,218,0.9806625,-1,-1,-1
00080,1,550,688,120,115,0.9177756,-1,-1,-1
00080,1,274,840,199,174,0.91701436,-1,-1,-1
00080,1,448,691,119,95,0.78732693,-1,-1,-1
00081,1,733,695,185,118,0.98774546,-1,-1,-1
00081,1,1180,665,419,218,0.98081297,-1,-1,-1
00081,1,550,689,120,114,0.91719955,-1,-1,-1
00081,1,274,840,199,174,0.91398656,-1,-1,-1
00081,1,448,692,118,94,0.7845357,-1,-1,-1
00082,1,733,694,184,118,0.9883836,-1,-1,-1
00082,1,1180,665,419,218,0.98070407,-1,-1,-1
00082,1,551,688,119,115,0.9213335,-1,-1,-1
00082,1,275,840,198,174,0.9147342,-1,-1,-1
00082,1,448,691,119,95,0.80468273,-1,-1,-1
00083,1,733,695,184,117,0.98850024,-1,-1,-1
00083,1,1180,665,418,218,0.98076874,-1,-1,-1
00083,1,551,689,119,114,0.91942114,-1,-1,-1
00083,1,275,839,198,175,0.9147486,-1,-1,-1
00083,1,448,692,119,94,0.79227906,-1,-1,-1
00084,1,733,695,185,118,0.98830324,-1,-1,-1
00084,1,1180,665,418,218,0.98079634,-1,-1,-1
00084,1,275,839,198,175,0.9202357,-1,-1,-1
00084,1,551,688,119,115,0.91682446,-1,-1,-1
00084,1,447,692,120,93,0.7408277,-1,-1,-1
00085,1,732,694,187,119,0.9863686,-1,-1,-1
00085,1,1179,666,419,217,0.979978,-1,-1,-1
00085,1,550,689,120,114,0.9273413,-1,-1,-1
00085,1,276,840,196,172,0.9045244,-1,-1,-1
00085,1,446,691,121,95,0.75931233,-1,-1,-1
00086,1,732,694,187,119,0.9863733,-1,-1,-1
00086,1,1180,666,418,217,0.98001766,-1,-1,-1
00086,1,550,689,120,114,0.9229627,-1,-1,-1
00086,1,276,840,196,172,0.90130824,-1,-1,-1
00086,1,446,691,121,95,0.70158875,-1,-1,-1
00087,1,732,694,187,119,0.9866355,-1,-1,-1
00087,1,1180,666,418,217,0.9799519,-1,-1,-1
00087,1,550,689,120,114,0.9248751,-1,-1,-1
00087,1,276,840,197,173,0.8999896,-1,-1,-1
00087,1,446,692,121,94,0.7529208,-1,-1,-1
00088,1,732,694,187,119,0.9866325,-1,-1,-1
00088,1,1180,666,418,217,0.97977257,-1,-1,-1
00088,1,550,689,120,114,0.9235561,-1,-1,-1
00088,1,276,839,196,173,0.9008186,-1,-1,-1
00088,1,446,692,121,94,0.74165386,-1,-1,-1
00089,1,732,694,187,119,0.98654395,-1,-1,-1
00089,1,1179,666,420,217,0.9800254,-1,-1,-1
00089,1,550,689,120,114,0.9198813,-1,-1,-1
00089,1,276,840,196,173,0.9087865,-1,-1,-1
00089,1,446,693,121,93,0.7905101,-1,-1,-1
00090,1,732,694,187,119,0.9867634,-1,-1,-1
00090,1,1179,666,420,217,0.979795,-1,-1,-1
00090,1,550,689,120,114,0.91546077,-1,-1,-1
00090,1,276,838,196,175,0.9086777,-1,-1,-1
00090,1,332,748,116,98,0.83185387,-1,-1,-1
00090,1,447,693,120,93,0.78107643,-1,-1,-1
00091,1,732,694,187,119,0.9871315,-1,-1,-1
00091,1,1179,666,419,217,0.9799115,-1,-1,-1
00091,1,276,838,197,176,0.9259464,-1,-1,-1
00091,1,550,689,120,114,0.91818994,-1,-1,-1
00091,1,337,748,115,98,0.87591445,-1,-1,-1
00091,1,446,693,121,93,0.7862752,-1,-1,-1
00092,1,732,694,187,119,0.98715395,-1,-1,-1
00092,1,1179,666,419,217,0.9797443,-1,-1,-1
00092,1,275,838,197,176,0.9282282,-1,-1,-1
00092,1,550,689,120,114,0.9172705,-1,-1,-1
00092,1,446,693,121,93,0.81506044,-1,-1,-1
00092,1,340,747,120,99,0.78779185,-1,-1,-1
00093,1,732,694,187,119,0.98686546,-1,-1,-1
00093,1,1179,666,419,217,0.9797824,-1,-1,-1
00093,1,274,838,198,176,0.93027604,-1,-1,-1
00093,1,550,689,120,114,0.91350204,-1,-1,-1
00093,1,339,747,128,103,0.83080673,-1,-1,-1
00093,1,447,694,120,91,0.79576737,-1,-1,-1
00094,1,732,694,187,119,0.986984,-1,-1,-1
00094,1,1179,666,419,217,0.97986126,-1,-1,-1
00094,1,274,837,197,177,0.93198264,-1,-1,-1
00094,1,550,689,120,114,0.9138523,-1,-1,-1
00094,1,343,747,131,107,0.88494587,-1,-1,-1
00094,1,447,695,120,90,0.8059347,-1,-1,-1
00095,1,732,694,187,119,0.9870863,-1,-1,-1
00095,1,1179,666,419,217,0.9799762,-1,-1,-1
00095,1,274,837,196,177,0.92645234,-1,-1,-1
00095,1,550,689,120,114,0.91690713,-1,-1,-1
00095,1,345,745,128,108,0.89764774,-1,-1,-1
00095,1,447,695,120,90,0.77666354,-1,-1,-1
00096,1,732,694,187,119,0.987125,-1,-1,-1
00096,1,1179,666,419,217,0.97981036,-1,-1,-1
00096,1,348,746,129,109,0.92913777,-1,-1,-1
00096,1,273,837,197,176,0.92310166,-1,-1,-1
00096,1,550,689,120,114,0.91653836,-1,-1,-1
00096,1,447,695,121,90,0.7533255,-1,-1,-1
00097,1,731,694,188,119,0.98617065,-1,-1,-1
00097,1,1179,666,419,217,0.9796957,-1,-1,-1
00097,1,355,753,126,102,0.9336421,-1,-1,-1
00097,1,274,838,196,175,0.91495967,-1,-1,-1
00097,1,550,688,120,115,0.91341084,-1,-1,-1
00097,1,447,695,122,90,0.77772033,-1,-1,-1
00098,1,731,694,188,119,0.98629934,-1,-1,-1
00098,1,1179,666,419,217,0.97971076,-1,-1,-1
00098,1,358,752,131,107,0.9450493,-1,-1,-1
00098,1,550,688,119,115,0.91256714,-1,-1,-1
00098,1,266,841,206,177,0.90874076,-1,-1,-1
00098,1,446,695,122,89,0.74460626,-1,-1,-1
00099,1,731,694,188,119,0.986336,-1,-1,-1
00099,1,1179,666,419,217,0.9797657,-1,-1,-1
00099,1,360,754,132,106,0.9485727,-1,-1,-1
00099,1,267,842,205,176,0.9132591,-1,-1,-1
00099,1,550,688,119,115,0.91239995,-1,-1,-1
00099,1,447,696,122,89,0.7524785,-1,-1,-1
00100,1,731,694,188,119,0.98652595,-1,-1,-1
00100,1,1179,666,419,217,0.97974455,-1,-1,-1
00100,1,366,756,134,105,0.94781435,-1,-1,-1
00100,1,550,689,119,113,0.908749,-1,-1,-1
00100,1,268,843,207,174,0.907741,-1,-1,-1
00100,1,447,697,122,89,0.710371,-1,-1,-1
00101,1,731,694,188,119,0.9866127,-1,-1,-1
00101,1,1179,666,419,217,0.979653,-1,-1,-1
00101,1,369,757,141,106,0.9672045,-1,-1,-1
00101,1,550,689,119,114,0.9160154,-1,-1,-1
00101,1,267,844,207,174,0.9114566,-1,-1,-1
00101,1,449,697,119,90,0.7654407,-1,-1,-1
00102,1,731,694,188,119,0.9861302,-1,-1,-1
00102,1,1179,666,419,217,0.97960985,-1,-1,-1
00102,1,375,756,137,120,0.9422424,-1,-1,-1
00102,1,268,845,206,173,0.9136918,-1,-1,-1
00102,1,550,689,119,114,0.9130586,-1,-1,-1
00102,1,450,697,118,90,0.7298063,-1,-1,-1
00103,1,731,694,188,119,0.986142,-1,-1,-1
00103,1,1179,666,419,217,0.9796482,-1,-1,-1
00103,1,268,846,206,172,0.92252517,-1,-1,-1
00103,1,374,757,140,119,0.9138625,-1,-1,-1
00103,1,550,689,119,113,0.91261,-1,-1,-1
00104,1,731,694,188,119,0.986033,-1,-1,-1
00104,1,1179,666,419,217,0.9797865,-1,-1,-1
00104,1,269,847,205,170,0.92120755,-1,-1,-1
00104,1,550,689,119,113,0.9133548,-1,-1,-1
00104,1,378,758,145,117,0.8680391,-1,-1,-1
00105,1,731,694,188,119,0.9860114,-1,-1,-1
00105,1,1179,666,419,217,0.97963095,-1,-1,-1
00105,1,383,760,148,122,0.96508926,-1,-1,-1
00105,1,268,848,206,169,0.92385894,-1,-1,-1
00105,1,550,689,119,113,0.9059273,-1,-1,-1
00106,1,731,694,188,119,0.9858802,-1,-1,-1
00106,1,1179,666,419,217,0.97965115,-1,-1,-1
00106,1,391,760,155,123,0.9760501,-1,-1,-1
00106,1,267,847,206,170,0.9189615,-1,-1,-1
00106,1,549,690,120,112,0.9055911,-1,-1,-1
00107,1,731,694,188,119,0.98576957,-1,-1,-1
00107,1,399,760,155,124,0.98359424,-1,-1,-1
00107,1,1179,666,419,217,0.9796308,-1,-1,-1
00107,1,267,847,205,170,0.915867,-1,-1,-1
00107,1,548,689,122,113,0.896255,-1,-1,-1
00107,1,419,680,153,133,0.89505273,-1,-1,-1
00108,1,401,756,163,130,0.98599964,-1,-1,-1
00108,1,731,694,188,119,0.9857568,-1,-1,-1
00108,1,1179,666,419,217,0.97966033,-1,-1,-1
00108,1,427,685,151,119,0.9132826,-1,-1,-1
00108,1,266,846,207,171,0.9061732,-1,-1,-1
00108,1,549,690,121,112,0.8951296,-1,-1,-1
00109,1,408,755,164,132,0.98908114,-1,-1,-1
00109,1,731,694,188,119,0.985773,-1,-1,-1
00109,1,1180,666,418,217,0.9797767,-1,-1,-1
00109,1,431,684,152,122,0.92282486,-1,-1,-1
00109,1,273,845,196,170,0.913811,-1,-1,-1
00109,1,548,690,121,112,0.8792688,-1,-1,-1
00110,1,416,757,164,131,0.9885565,-1,-1,-1
00110,1,731,695,187,118,0.98701966,-1,-1,-1
00110,1,1179,666,419,217,0.9798324,-1,-1,-1
00110,1,273,845,196,170,0.9160801,-1,-1,-1
00110,1,433,682,161,125,0.9092591,-1,-1,-1
00110,1,548,690,121,112,0.8964097,-1,-1,-1
00111,1,420,756,173,128,0.99116737,-1,-1,-1
00111,1,732,694,186,119,0.9875145,-1,-1,-1
00111,1,1179,666,419,217,0.97982967,-1,-1,-1
00111,1,274,845,195,170,0.91547406,-1,-1,-1
00111,1,549,691,120,111,0.90775996,-1,-1,-1
00111,1,436,681,168,127,0.880717,-1,-1,-1
00112,1,433,754,170,132,0.98959327,-1,-1,-1
00112,1,733,694,184,119,0.9887149,-1,-1,-1
00112,1,1179,666,419,217,0.9799222,-1,-1,-1
00112,1,274,843,196,172,0.92075646,-1,-1,-1
00112,1,450,696,116,93,0.85633886,-1,-1,-1
00112,1,545,693,130,108,0.80432373,-1,-1,-1
00113,1,733,695,184,118,0.98836726,-1,-1,-1
00113,1,1179,666,419,217,0.9798249,-1,-1,-1
00113,1,437,772,171,130,0.9771169,-1,-1,-1
00113,1,275,843,195,173,0.92664534,-1,-1,-1
00113,1,547,694,126,108,0.82204044,-1,-1,-1
00113,1,451,698,115,91,0.7970611,-1,-1,-1
00114,1,449,757,181,152,0.9893227,-1,-1,-1
00114,1,733,694,184,120,0.98853767,-1,-1,-1
00114,1,1179,666,419,217,0.979867,-1,-1,-1
00114,1,275,843,194,172,0.916644,-1,-1,-1
00114,1,547,696,126,107,0.8081808,-1,-1,-1
00115,1,452,774,197,140,0.9900463,-1,-1,-1
00115,1,733,693,185,122,0.98570526,-1,-1,-1
00115,1,1179,666,419,217,0.9798069,-1,-1,-1
00115,1,269,841,213,177,0.93267214,-1,-1,-1
00115,1,546,698,127,105,0.84224796,-1,-1,-1
00115,1,453,699,114,89,0.7431609,-1,-1,-1
00116,1,1180,666,420,217,0.980275,-1,-1,-1
00116,1,462,778,192,139,0.9606492,-1,-1,-1
00116,1,270,840,213,179,0.9547706,-1,-1,-1
00116,1,740,690,178,125,0.94305193,-1,-1,-1
00116,1,545,698,127,104,0.85539496,-1,-1,-1
00116,1,453,702,117,86,0.7352756,-1,-1,-1
00117,1,1179,666,421,217,0.9804349,-1,-1,-1
00117,1,270,839,212,181,0.96289396,-1,-1,-1
00117,1,474,780,195,148,0.9628122,-1,-1,-1
00117,1,740,690,177,125,0.93367076,-1,-1,-1
00117,1,545,699,127,104,0.8831887,-1,-1,-1
00117,1,451,702,119,85,0.73990643,-1,-1,-1
00118,1,485,785,205,145,0.9880723,-1,-1,-1
00118,1,1179,666,421,217,0.98141676,-1,-1,-1
00118,1,268,843,206,175,0.95401835,-1,-1,-1
00118,1,552,699,119,112,0.94200784,-1,-1,-1
00118,1,740,691,177,124,0.93590176,-1,-1,-1
00119,1,497,784,218,150,0.9880173,-1,-1,-1
00119,1,1179,666,420,217,0.9813949,-1,-1,-1
00119,1,271,839,212,181,0.9729417,-1,-1,-1
00119,1,552,696,121,115,0.9515476,-1,-1,-1
00119,1,741,692,175,123,0.9443019,-1,-1,-1
00120,1,508,782,226,161,0.98783267,-1,-1,-1
00120,1,1179,666,421,217,0.981174,-1,-1,-1
00120,1,267,841,207,178,0.9516352,-1,-1,-1
00120,1,741,692,175,123,0.9469228,-1,-1,-1
00120,1,552,694,122,117,0.9092396,-1,-1,-1
00121,1,1180,666,421,217,0.9813301,-1,-1,-1
00121,1,514,784,242,172,0.97925466,-1,-1,-1
00121,1,266,843,207,177,0.9520482,-1,-1,-1
00121,1,738,691,178,121,0.9459197,-1,-1,-1
00121,1,553,694,122,115,0.90376514,-1,-1,-1
00122,1,1180,666,421,217,0.98160124,-1,-1,-1
00122,1,538,793,245,169,0.9733226,-1,-1,-1
00122,1,267,842,207,178,0.94812286,-1,-1,-1
00122,1,738,691,177,121,0.9426065,-1,-1,-1
00122,1,548,695,126,107,0.867896,-1,-1,-1
00123,1,1181,666,420,217,0.9814232,-1,-1,-1
00123,1,544,792,253,181,0.9714868,-1,-1,-1
00123,1,739,692,174,120,0.94745505,-1,-1,-1
00123,1,267,841,208,179,0.94738466,-1,-1,-1
00123,1,546,693,127,109,0.81361574,-1,-1,-1
00124,1,560,798,272,186,0.98858297,-1,-1,-1
00124,1,1181,666,420,217,0.9813799,-1,-1,-1
00124,1,737,696,176,117,0.97551525,-1,-1,-1
00124,1,246,841,234,177,0.9481656,-1,-1,-1
00124,1,602,695,147,119,0.752277,-1,-1,-1
00125,1,578,797,278,201,0.9892944,-1,-1,-1
00125,1,1181,666,420,217,0.98141575,-1,-1,-1
00125,1,273,839,201,177,0.9478114,-1,-1,-1
00125,1,743,693,173,123,0.9152956,-1,-1,-1
00126,1,602,793,296,209,0.99275345,-1,-1,-1
00126,1,1180,666,421,217,0.98122966,-1,-1,-1
00126,1,273,839,201,177,0.94957614,-1,-1,-1
00126,1,745,694,167,124,0.92423224,-1,-1,-1
00127,1,613,798,319,224,0.9834004,-1,-1,-1
00127,1,1181,666,420,217,0.9810766,-1,-1,-1
00127,1,273,839,201,177,0.9504419,-1,-1,-1
00127,1,737,693,179,121,0.9411049,-1,-1,-1
00128,1,648,795,336,237,0.9912545,-1,-1,-1
00128,1,1181,666,420,217,0.9807283,-1,-1,-1
00128,1,273,839,201,178,0.950862,-1,-1,-1
00128,1,737,693,179,125,0.8997635,-1,-1,-1
00128,1,546,693,127,108,0.7198236,-1,-1,-1
00129,1,667,808,356,255,0.984481,-1,-1,-1
00129,1,1181,666,420,217,0.98040444,-1,-1,-1
00129,1,273,839,201,178,0.9505457,-1,-1,-1
00129,1,738,691,177,127,0.8917624,-1,-1,-1
00129,1,450,697,119,89,0.72657263,-1,-1,-1
00129,1,549,690,126,117,0.7244979,-1,-1,-1
00130,1,702,808,384,270,0.98606074,-1,-1,-1
00130,1,1181,666,420,216,0.97934806,-1,-1,-1
00130,1,273,839,201,178,0.9481461,-1,-1,-1
00130,1,746,691,166,123,0.9308213,-1,-1,-1
00130,1,450,697,120,89,0.7375342,-1,-1,-1
00130,1,549,690,126,117,0.71440405,-1,-1,-1
00131,1,726,808,425,291,0.9946296,-1,-1,-1
00131,1,1180,667,422,215,0.9798865,-1,-1,-1
00131,1,273,839,201,178,0.9495582,-1,-1,-1
00131,1,742,691,170,121,0.93711704,-1,-1,-1
00131,1,549,690,128,118,0.7247913,-1,-1,-1
00132,1,761,817,470,304,0.9877688,-1,-1,-1
00132,1,1182,666,420,216,0.9786203,-1,-1,-1
00132,1,272,840,202,177,0.9496242,-1,-1,-1
00132,1,741,694,170,118,0.91083753,-1,-1,-1
00132,1,549,689,130,119,0.74509144,-1,-1,-1
00133,1,735,694,178,121,0.9864456,-1,-1,-1
00133,1,810,815,493,326,0.9780727,-1,-1,-1
00133,1,1181,665,418,218,0.9737878,-1,-1,-1
00133,1,274,840,198,175,0.94473094,-1,-1,-1
00133,1,549,688,121,115,0.8885564,-1,-1,-1
00133,1,448,697,124,90,0.7324835,-1,-1,-1
00134,1,735,694,180,119,0.9888248,-1,-1,-1
00134,1,850,835,540,355,0.98314774,-1,-1,-1
00134,1,1181,665,416,217,0.9756865,-1,-1,-1
00134,1,274,840,199,175,0.9428001,-1,-1,-1
00134,1,548,688,123,115,0.8902702,-1,-1,-1
00134,1,448,696,124,91,0.71711665,-1,-1,-1
00135,1,735,695,180,118,0.98902917,-1,-1,-1
00135,1,925,843,578,387,0.98320884,-1,-1,-1
00135,1,1181,663,413,220,0.9731032,-1,-1,-1
00135,1,274,840,199,175,0.9419964,-1,-1,-1
00135,1,548,688,123,115,0.8850819,-1,-1,-1
00136,1,997,838,662,426,0.9901653,-1,-1,-1
00136,1,735,694,181,119,0.9895364,-1,-1,-1
00136,1,1177,663,416,220,0.9746971,-1,-1,-1
00136,1,273,840,200,176,0.94427204,-1,-1,-1
00136,1,548,688,123,115,0.88888645,-1,-1,-1
00137,1,1078,854,766,464,0.9903251,-1,-1,-1
00137,1,734,694,182,119,0.98984116,-1,-1,-1
00137,1,1180,661,416,225,0.98173803,-1,-1,-1
00137,1,273,840,200,176,0.9441845,-1,-1,-1
00137,1,548,687,123,116,0.8885481,-1,-1,-1
00138,1,734,693,182,121,0.99023634,-1,-1,-1
00138,1,1184,856,811,531,0.9861639,-1,-1,-1
00138,1,1182,664,415,219,0.9821254,-1,-1,-1
00138,1,274,840,199,176,0.9451781,-1,-1,-1
00138,1,548,687,123,116,0.8938534,-1,-1,-1
00139,1,1230,913,1076,606,0.9941928,-1,-1,-1
00139,1,1181,665,415,218,0.9832261,-1,-1,-1
00139,1,739,692,177,120,0.9654118,-1,-1,-1
00139,1,273,840,200,176,0.9476591,-1,-1,-1
00139,1,548,687,123,116,0.89219457,-1,-1,-1
00140,1,734,693,181,121,0.99061894,-1,-1,-1
00140,1,1339,924,1222,765,0.98848665,-1,-1,-1
00140,1,1182,665,415,217,0.9828268,-1,-1,-1
00140,1,273,840,200,176,0.9484573,-1,-1,-1
00140,1,548,687,123,116,0.8933008,-1,-1,-1
00141,1,1499,940,1062,875,0.9960751,-1,-1,-1
00141,1,734,693,181,121,0.99087524,-1,-1,-1
00141,1,1180,665,418,218,0.98193204,-1,-1,-1
00141,1,274,840,199,176,0.94592214,-1,-1,-1
00141,1,548,687,123,116,0.89746875,-1,-1,-1
00142,1,734,693,181,121,0.99090016,-1,-1,-1
00142,1,1178,665,420,218,0.9814963,-1,-1,-1
00142,1,1681,988,880,752,0.96966267,-1,-1,-1
00142,1,274,840,199,176,0.9444929,-1,-1,-1
00142,1,548,687,122,116,0.90008473,-1,-1,-1
00143,1,735,693,181,121,0.98935294,-1,-1,-1
00143,1,1179,665,419,217,0.97959703,-1,-1,-1
00143,1,276,843,198,170,0.92898345,-1,-1,-1
00143,1,1932,1049,629,755,0.91428125,-1,-1,-1
00143,1,549,688,122,115,0.9079271,-1,-1,-1
00144,1,735,693,181,120,0.98915,-1,-1,-1
00144,1,1179,665,419,217,0.97954434,-1,-1,-1
00144,1,268,844,207,174,0.92845064,-1,-1,-1
00144,1,549,688,122,115,0.89553547,-1,-1,-1
00145,1,735,692,182,122,0.98742825,-1,-1,-1
00145,1,1179,666,419,217,0.9784575,-1,-1,-1
00145,1,276,843,199,171,0.93442035,-1,-1,-1
00145,1,549,689,122,114,0.9081494,-1,-1,-1
00146,1,735,692,182,122,0.9874836,-1,-1,-1
00146,1,1179,666,419,217,0.9782355,-1,-1,-1
00146,1,276,843,199,171,0.9331551,-1,-1,-1
00146,1,549,689,121,114,0.9147843,-1,-1,-1
00147,1,735,692,182,121,0.98773926,-1,-1,-1
00147,1,1179,666,419,217,0.9782843,-1,-1,-1
00147,1,276,843,199,171,0.9330343,-1,-1,-1
00147,1,549,689,121,114,0.910675,-1,-1,-1
00148,1,735,692,182,122,0.98800206,-1,-1,-1
00148,1,1179,666,419,217,0.97826093,-1,-1,-1
00148,1,276,843,199,171,0.93184495,-1,-1,-1
00148,1,549,689,121,114,0.9097861,-1,-1,-1
00149,1,735,692,182,122,0.9876732,-1,-1,-1
00149,1,1179,666,419,217,0.9782225,-1,-1,-1
00149,1,276,844,199,171,0.93474185,-1,-1,-1
00149,1,549,689,121,114,0.90918773,-1,-1,-1
00150,1,735,692,182,122,0.9876874,-1,-1,-1
00150,1,1179,666,419,217,0.9783136,-1,-1,-1
00150,1,276,843,199,172,0.935071,-1,-1,-1
00150,1,549,689,122,114,0.9060898,-1,-1,-1
00151,1,735,692,182,122,0.9875125,-1,-1,-1
00151,1,1179,666,419,217,0.9783839,-1,-1,-1
00151,1,276,843,199,172,0.93418694,-1,-1,-1
00151,1,549,689,122,114,0.89998364,-1,-1,-1
00152,1,735,692,182,122,0.98696727,-1,-1,-1
00152,1,1179,666,419,217,0.9786854,-1,-1,-1
00152,1,276,843,199,172,0.93421835,-1,-1,-1
00152,1,549,689,122,114,0.9004317,-1,-1,-1
00153,1,735,692,182,121,0.9865205,-1,-1,-1
00153,1,1179,666,419,217,0.9787573,-1,-1,-1
00153,1,275,843,200,172,0.93468165,-1,-1,-1
00153,1,549,689,123,114,0.89086306,-1,-1,-1
00154,1,735,692,183,121,0.9865919,-1,-1,-1
00154,1,1179,666,419,217,0.9789226,-1,-1,-1
00154,1,275,843,200,172,0.93258494,-1,-1,-1
00154,1,596,695,152,112,0.8173748,-1,-1,-1
00155,1,735,692,183,121,0.9868891,-1,-1,-1
00155,1,1179,666,419,217,0.9788127,-1,-1,-1
00155,1,275,843,200,172,0.9319727,-1,-1,-1
00155,1,550,689,121,114,0.8995124,-1,-1,-1
00156,1,735,692,182,121,0.9871683,-1,-1,-1
00156,1,1179,666,419,216,0.9789297,-1,-1,-1
00156,1,275,843,200,172,0.93209606,-1,-1,-1
00156,1,549,689,123,114,0.89274937,-1,-1,-1
00157,1,735,692,182,122,0.98759127,-1,-1,-1
00157,1,1180,666,418,217,0.97838473,-1,-1,-1
00157,1,275,843,200,171,0.92883635,-1,-1,-1
00157,1,546,691,133,111,0.8186126,-1,-1,-1
00158,1,734,692,183,122,0.98758394,-1,-1,-1
00158,1,1180,666,419,216,0.9782748,-1,-1,-1
00158,1,275,843,199,171,0.9295038,-1,-1,-1
00158,1,546,691,132,111,0.82110924,-1,-1,-1
00159,1,734,692,184,122,0.98742664,-1,-1,-1
00159,1,1180,666,419,217,0.9782793,-1,-1,-1
00159,1,276,843,198,171,0.92962813,-1,-1,-1
00159,1,595,695,153,113,0.8135917,-1,-1,-1
00160,1,734,692,184,122,0.98762965,-1,-1,-1
00160,1,1180,666,419,217,0.978302,-1,-1,-1
00160,1,275,843,199,171,0.9302553,-1,-1,-1
00160,1,545,691,134,112,0.81690764,-1,-1,-1
00161,1,734,692,184,122,0.9874808,-1,-1,-1
00161,1,1180,666,419,217,0.9783055,-1,-1,-1
00161,1,275,843,199,171,0.92864716,-1,-1,-1
00161,1,548,689,124,114,0.89663666,-1,-1,-1
00162,1,734,692,184,121,0.9875942,-1,-1,-1
00162,1,1180,666,419,217,0.97828925,-1,-1,-1
00162,1,275,843,199,171,0.9304681,-1,-1,-1
00162,1,548,689,124,114,0.9009154,-1,-1,-1
00162,1,447,694,122,93,0.7881773,-1,-1,-1
00163,1,735,692,182,121,0.98779607,-1,-1,-1
00163,1,1180,666,419,217,0.9781853,-1,-1,-1
00163,1,275,843,199,171,0.93094754,-1,-1,-1
00163,1,548,690,124,113,0.89888185,-1,-1,-1
00163,1,447,694,121,94,0.76197785,-1,-1,-1
00164,1,734,692,184,122,0.98761976,-1,-1,-1
00164,1,1180,666,419,217,0.97815496,-1,-1,-1
00164,1,275,843,199,171,0.9327173,-1,-1,-1
00164,1,548,690,124,113,0.89306676,-1,-1,-1
00164,1,449,695,120,93,0.75703835,-1,-1,-1
00165,1,734,692,184,122,0.98778975,-1,-1,-1
00165,1,1180,666,418,217,0.9781236,-1,-1,-1
00165,1,275,842,200,173,0.9342629,-1,-1,-1
00165,1,548,690,124,113,0.893224,-1,-1,-1
00165,1,450,697,118,91,0.773192,-1,-1,-1
00166,1,734,692,184,122,0.98778045,-1,-1,-1
00166,1,1180,666,418,216,0.97811,-1,-1,-1
00166,1,275,843,200,172,0.9332895,-1,-1,-1
00166,1,548,690,124,113,0.8927087,-1,-1,-1
00166,1,451,698,118,91,0.7819192,-1,-1,-1
00167,1,734,692,183,122,0.988059,-1,-1,-1
00167,1,1180,666,418,216,0.9781521,-1,-1,-1
00167,1,266,843,209,177,0.93354326,-1,-1,-1
00167,1,549,690,123,114,0.89263177,-1,-1,-1
00167,1,451,698,117,90,0.7619694,-1,-1,-1
00168,1,734,692,183,121,0.9885649,-1,-1,-1
00168,1,1180,666,418,216,0.97800034,-1,-1,-1
00168,1,274,842,201,173,0.93618584,-1,-1,-1
00168,1,549,690,123,113,0.8921139,-1,-1,-1
00168,1,452,698,116,89,0.760735,-1,-1,-1
00169,1,735,692,182,122,0.9876809,-1,-1,-1
00169,1,1180,666,418,216,0.9777011,-1,-1,-1
00169,1,275,842,200,173,0.9339822,-1,-1,-1
00169,1,546,693,132,110,0.82211095,-1,-1,-1
00169,1,453,699,116,88,0.7699113,-1,-1,-1
00170,1,735,692,182,122,0.9875395,-1,-1,-1
00170,1,1180,666,418,216,0.97754806,-1,-1,-1
00170,1,275,842,200,173,0.93439823,-1,-1,-1
00170,1,545,693,133,109,0.8095294,-1,-1,-1
00170,1,453,699,116,88,0.7756415,-1,-1,-1
00171,1,735,692,182,122,0.9876579,-1,-1,-1
00171,1,1180,666,418,216,0.977563,-1,-1,-1
00171,1,275,842,200,173,0.932963,-1,-1,-1
00171,1,546,693,132,109,0.8152982,-1,-1,-1
00171,1,453,699,116,88,0.7414952,-1,-1,-1
00172,1,735,693,182,120,0.9872716,-1,-1,-1
00172,1,1180,666,418,216,0.9777388,-1,-1,-1
00172,1,275,843,199,172,0.93125325,-1,-1,-1
00172,1,545,693,133,109,0.8130874,-1,-1,-1
00172,1,453,699,116,89,0.7837551,-1,-1,-1
00173,1,735,692,182,121,0.98717076,-1,-1,-1
00173,1,1180,666,418,216,0.9777244,-1,-1,-1
00173,1,275,842,199,173,0.9352213,-1,-1,-1
00173,1,546,693,132,109,0.81479615,-1,-1,-1
00173,1,453,699,117,88,0.7753923,-1,-1,-1
00174,1,735,692,182,121,0.98715436,-1,-1,-1
00174,1,1180,666,418,216,0.9777591,-1,-1,-1
00174,1,274,842,200,174,0.936655,-1,-1,-1
00174,1,546,693,131,109,0.8078168,-1,-1,-1
00175,1,735,692,182,121,0.9871616,-1,-1,-1
00175,1,1180,666,418,216,0.9777384,-1,-1,-1
00175,1,275,842,199,174,0.9350266,-1,-1,-1
00175,1,546,693,132,109,0.804531,-1,-1,-1
00175,1,454,700,116,87,0.72058773,-1,-1,-1
00176,1,735,693,182,120,0.9875492,-1,-1,-1
00176,1,1180,666,418,216,0.97783625,-1,-1,-1
00176,1,274,842,200,174,0.9354103,-1,-1,-1
00176,1,546,693,132,109,0.8013468,-1,-1,-1
00177,1,735,692,182,121,0.9875473,-1,-1,-1
00177,1,1180,666,418,216,0.9779652,-1,-1,-1
00177,1,274,842,201,174,0.93568283,-1,-1,-1
00177,1,546,693,132,109,0.79893136,-1,-1,-1
00178,1,735,694,182,120,0.98624706,-1,-1,-1
00178,1,1180,665,418,218,0.97999454,-1,-1,-1
00178,1,1966,675,595,612,0.96273404,-1,-1,-1
00178,1,274,842,199,175,0.9371797,-1,-1,-1
00178,1,549,690,121,113,0.906328,-1,-1,-1
00179,1,1774,656,785,581,0.9876294,-1,-1,-1
00179,1,735,694,182,119,0.98749334,-1,-1,-1
00179,1,1201,670,398,211,0.9773481,-1,-1,-1
00179,1,275,842,198,174,0.9348221,-1,-1,-1
00179,1,549,690,122,113,0.9013252,-1,-1,-1
00179,1,453,700,117,87,0.74804646,-1,-1,-1
00180,1,1599,656,958,708,0.9970945,-1,-1,-1
00180,1,736,695,181,118,0.987927,-1,-1,-1
00180,1,1202,670,394,210,0.971826,-1,-1,-1
00180,1,274,842,199,174,0.9358204,-1,-1,-1
00180,1,549,690,122,113,0.89768714,-1,-1,-1
00180,1,452,699,116,88,0.7773041,-1,-1,-1
00181,1,1451,674,1097,623,0.9961687,-1,-1,-1
00181,1,735,695,181,118,0.98817587,-1,-1,-1
00181,1,1173,669,423,207,0.96374476,-1,-1,-1
00181,1,275,842,198,175,0.9299139,-1,-1,-1
00181,1,550,689,120,114,0.90127933,-1,-1,-1
00181,1,451,698,117,88,0.740448,-1,-1,-1
00182,1,1411,593,951,622,0.99188316,-1,-1,-1
00182,1,734,695,182,118,0.9879964,-1,-1,-1
00182,1,1194,670,386,208,0.9662959,-1,-1,-1
00182,1,275,842,198,175,0.9318548,-1,-1,-1
00182,1,550,689,120,114,0.89973825,-1,-1,-1
00182,1,450,697,119,90,0.72909427,-1,-1,-1
00183,1,733,695,184,118,0.9875803,-1,-1,-1
00183,1,1328,677,742,466,0.9755715,-1,-1,-1
00183,1,275,842,198,175,0.9295485,-1,-1,-1
00183,1,550,689,120,114,0.9021899,-1,-1,-1
00183,1,1187,676,350,196,0.8052326,-1,-1,-1
00183,1,450,697,119,90,0.70258284,-1,-1,-1
00184,1,733,695,184,119,0.9875587,-1,-1,-1
00184,1,275,842,198,175,0.9274056,-1,-1,-1
00184,1,550,689,120,114,0.9052723,-1,-1,-1
00184,1,1224,660,644,451,0.89377743,-1,-1,-1
00185,1,733,695,184,119,0.9854386,-1,-1,-1
00185,1,1112,671,647,431,0.96854544,-1,-1,-1
00185,1,275,842,198,175,0.92672855,-1,-1,-1
00185,1,550,689,120,114,0.8992727,-1,-1,-1
00186,1,1018,663,601,376,0.98424006,-1,-1,-1
00186,1,734,696,183,118,0.9824424,-1,-1,-1
00186,1,275,842,198,175,0.9250887,-1,-1,-1
00186,1,550,689,120,114,0.8954376,-1,-1,-1
00187,1,970,675,550,346,0.9824785,-1,-1,-1
00187,1,735,696,181,117,0.9740752,-1,-1,-1
00187,1,275,842,198,175,0.9292138,-1,-1,-1
00187,1,550,689,120,114,0.8975934,-1,-1,-1
00188,1,925,693,517,317,0.9833688,-1,-1,-1
00188,1,738,695,176,118,0.9812739,-1,-1,-1
00188,1,270,840,212,178,0.9501971,-1,-1,-1
00188,1,549,691,121,112,0.89624244,-1,-1,-1
00188,1,449,699,119,87,0.7838422,-1,-1,-1
00189,1,885,688,439,295,0.98802245,-1,-1,-1
00189,1,271,840,211,177,0.94943357,-1,-1,-1
00189,1,742,694,170,118,0.92877996,-1,-1,-1
00189,1,549,691,121,112,0.89492947,-1,-1,-1
00189,1,1257,676,337,203,0.8773381,-1,-1,-1
00189,1,449,699,119,87,0.7849901,-1,-1,-1
00190,1,821,693,460,274,0.99377257,-1,-1,-1
00190,1,1216,671,374,209,0.95855355,-1,-1,-1
00190,1,271,840,211,177,0.9507129,-1,-1,-1
00190,1,732,694,196,118,0.9094952,-1,-1,-1
00190,1,549,691,121,112,0.8946008,-1,-1,-1
00190,1,449,698,119,88,0.7675888,-1,-1,-1
00191,1,1182,666,410,220,0.97502536,-1,-1,-1
00191,1,271,840,211,177,0.95228714,-1,-1,-1
00191,1,794,694,367,267,0.95045936,-1,-1,-1
00191,1,549,691,120,112,0.8977363,-1,-1,-1
00191,1,449,698,119,88,0.73588324,-1,-1,-1
00192,1,1208,670,390,213,0.983142,-1,-1,-1
00192,1,762,694,366,253,0.9802793,-1,-1,-1
00192,1,270,840,212,177,0.9528203,-1,-1,-1
00192,1,549,690,120,113,0.89716583,-1,-1,-1
00192,1,742,695,178,124,0.7308269,-1,-1,-1
00192,1,449,698,119,88,0.72958106,-1,-1,-1
00193,1,1205,669,391,210,0.98214906,-1,-1,-1
00193,1,744,694,339,241,0.97859347,-1,-1,-1
00193,1,270,840,211,178,0.94952637,-1,-1,-1
00193,1,550,690,118,113,0.909602,-1,-1,-1
00193,1,448,696,119,89,0.7678821,-1,-1,-1
00194,1,1202,670,393,210,0.9821815,-1,-1,-1
00194,1,734,688,298,240,0.9788063,-1,-1,-1
00194,1,270,840,211,178,0.9487922,-1,-1,-1
00194,1,550,690,119,113,0.91806954,-1,-1,-1
00194,1,448,696,119,89,0.74761987,-1,-1,-1
00195,1,1202,669,393,211,0.98127663,-1,-1,-1
00195,1,706,701,283,222,0.9597572,-1,-1,-1
00195,1,270,840,211,178,0.9500938,-1,-1,-1
00195,1,550,690,118,113,0.9188006,-1,-1,-1
00195,1,448,695,119,91,0.7613901,-1,-1,-1
00196,1,1202,669,393,211,0.98062724,-1,-1,-1
00196,1,675,689,277,227,0.97490895,-1,-1,-1
00196,1,270,840,211,178,0.9473393,-1,-1,-1
00196,1,550,691,117,112,0.91430354,-1,-1,-1
00196,1,448,695,118,90,0.7557645,-1,-1,-1
00197,1,658,688,270,212,0.9880009,-1,-1,-1
00197,1,1181,666,415,217,0.97975564,-1,-1,-1
00197,1,270,839,211,178,0.9473137,-1,-1,-1
00197,1,552,693,112,109,0.8800053,-1,-1,-1
00197,1,448,695,118,90,0.76428956,-1,-1,-1
00198,1,1181,666,416,217,0.98023,-1,-1,-1
00198,1,642,693,278,203,0.978646,-1,-1,-1
00198,1,268,842,207,178,0.92502576,-1,-1,-1
00198,1,549,696,120,105,0.80001694,-1,-1,-1
00198,1,448,696,118,90,0.78628534,-1,-1,-1
00199,1,1181,666,416,217,0.9793168,-1,-1,-1
00199,1,620,690,241,190,0.92502767,-1,-1,-1
00199,1,268,842,206,178,0.92330796,-1,-1,-1
00199,1,551,690,119,114,0.859692,-1,-1,-1
00199,1,448,696,118,90,0.76875997,-1,-1,-1
00200,1,598,695,255,185,0.9837676,-1,-1,-1
00200,1,1181,666,416,217,0.97935474,-1,-1,-1
00200,1,268,842,207,178,0.9218171,-1,-1,-1
00200,1,449,696,117,89,0.794978,-1,-1,-1
00200,1,546,694,130,109,0.79018074,-1,-1,-1
00201,1,583,694,262,183,0.9955544,-1,-1,-1
00201,1,1180,666,417,217,0.97929823,-1,-1,-1
00201,1,268,842,207,178,0.9216395,-1,-1,-1
00201,1,448,696,117,89,0.8179698,-1,-1,-1
00202,1,574,692,250,181,0.9916101,-1,-1,-1
00202,1,1180,666,417,217,0.97933835,-1,-1,-1
00202,1,268,842,207,178,0.926509,-1,-1,-1
00202,1,448,695,117,91,0.80134434,-1,-1,-1
00202,1,757,692,156,123,0.72181064,-1,-1,-1
00203,1,563,699,232,167,0.98895687,-1,-1,-1
00203,1,1180,666,417,217,0.97941077,-1,-1,-1
00203,1,268,842,207,178,0.9252398,-1,-1,-1
00203,1,749,692,164,124,0.71216834,-1,-1,-1
00204,1,550,699,228,163,0.99109143,-1,-1,-1
00204,1,1180,666,417,217,0.9794596,-1,-1,-1
00204,1,267,842,208,178,0.9276329,-1,-1,-1
00204,1,739,694,170,118,0.9129772,-1,-1,-1
00205,1,1180,666,417,217,0.98054725,-1,-1,-1
00205,1,553,700,206,159,0.9799673,-1,-1,-1
00205,1,734,695,180,118,0.946531,-1,-1,-1
00205,1,267,842,207,178,0.9234044,-1,-1,-1
00206,1,548,698,195,156,0.99324185,-1,-1,-1
00206,1,1180,666,417,217,0.9801784,-1,-1,-1
00206,1,728,694,190,122,0.9326458,-1,-1,-1
00206,1,267,842,207,178,0.9266436,-1,-1,-1
00207,1,536,704,199,149,0.9822333,-1,-1,-1
00207,1,1180,666,417,217,0.9801012,-1,-1,-1
00207,1,728,694,191,122,0.95481944,-1,-1,-1
00207,1,267,842,207,178,0.92108434,-1,-1,-1
00208,1,529,703,186,142,0.98034155,-1,-1,-1
00208,1,1180,666,417,217,0.9802263,-1,-1,-1
00208,1,732,692,184,123,0.9775284,-1,-1,-1
00208,1,267,842,207,178,0.9224074,-1,-1,-1
00209,1,732,691,185,125,0.98272735,-1,-1,-1
00209,1,1180,666,417,217,0.98022616,-1,-1,-1
00209,1,515,705,190,144,0.9727528,-1,-1,-1
00209,1,267,842,206,178,0.9276458,-1,-1,-1
00210,1,1178,666,418,217,0.98045623,-1,-1,-1
00210,1,506,708,195,137,0.9608071,-1,-1,-1
00210,1,270,837,213,182,0.9400534,-1,-1,-1
00210,1,740,690,178,125,0.9294251,-1,-1,-1
00211,1,1179,666,417,217,0.9809232,-1,-1,-1
00211,1,492,700,201,143,0.96122426,-1,-1,-1
00211,1,271,837,211,182,0.9346297,-1,-1,-1
00211,1,733,687,189,125,0.9256587,-1,-1,-1
00211,1,2035,846,526,475,0.80099994,-1,-1,-1
00212,1,1179,666,417,217,0.98082906,-1,-1,-1
00212,1,740,689,175,127,0.93781835,-1,-1,-1
00212,1,271,838,211,181,0.93566716,-1,-1,-1
00212,1,490,706,182,136,0.931552,-1,-1,-1
00212,1,1947,817,614,570,0.9290038,-1,-1,-1
00213,1,483,705,170,135,0.9878808,-1,-1,-1
00213,1,1179,666,417,217,0.9803474,-1,-1,-1
00213,1,271,838,211,181,0.93633527,-1,-1,-1
00213,1,1900,781,661,571,0.9326818,-1,-1,-1
00213,1,740,689,176,127,0.9299813,-1,-1,-1
00214,1,1181,665,415,218,0.9796372,-1,-1,-1
00214,1,469,705,185,138,0.95573443,-1,-1,-1
00214,1,1786,768,775,523,0.954187,-1,-1,-1
00214,1,270,838,213,182,0.9405445,-1,-1,-1
00214,1,740,689,177,127,0.9380198,-1,-1,-1
00215,1,468,708,174,129,0.99122417,-1,-1,-1
00215,1,1181,665,415,218,0.9774944,-1,-1,-1
00215,1,739,688,180,128,0.9463674,-1,-1,-1
00215,1,271,839,212,181,0.94149345,-1,-1,-1
00215,1,1705,747,856,495,0.93610865,-1,-1,-1
00216,1,1630,739,829,473,0.97753775,-1,-1,-1
00216,1,462,707,165,130,0.97599024,-1,-1,-1
00216,1,1181,665,414,218,0.9757264,-1,-1,-1
00216,1,738,688,180,128,0.95221245,-1,-1,-1
00216,1,270,839,213,181,0.9376033,-1,-1,-1
00217,1,1610,739,697,433,0.9876195,-1,-1,-1
00217,1,456,697,159,144,0.98318034,-1,-1,-1
00217,1,1182,666,413,217,0.97573984,-1,-1,-1
00217,1,739,688,179,128,0.9516019,-1,-1,-1
00217,1,270,840,213,181,0.9391641,-1,-1,-1
00218,1,451,706,164,128,0.98139864,-1,-1,-1
00218,1,1554,746,630,395,0.97941417,-1,-1,-1
00218,1,1183,666,411,217,0.9606506,-1,-1,-1
00218,1,739,688,179,128,0.95022285,-1,-1,-1
00218,1,267,842,207,179,0.94226134,-1,-1,-1
00219,1,1451,748,653,369,0.99281526,-1,-1,-1
00219,1,441,710,159,126,0.9600635,-1,-1,-1
00219,1,739,688,179,127,0.9504488,-1,-1,-1
00219,1,1178,667,419,216,0.94725823,-1,-1,-1
00219,1,266,842,208,179,0.94247776,-1,-1,-1
00220,1,1409,743,605,345,0.98769486,-1,-1,-1
00220,1,441,710,149,121,0.9855962,-1,-1,-1
00220,1,1181,667,416,217,0.9471737,-1,-1,-1
00220,1,270,840,212,178,0.9444259,-1,-1,-1
00220,1,739,689,180,127,0.9360304,-1,-1,-1
00221,1,434,711,148,121,0.9792738,-1,-1,-1
00221,1,1344,736,595,345,0.9669078,-1,-1,-1
00221,1,270,839,212,179,0.9469528,-1,-1,-1
00221,1,739,690,180,126,0.94141644,-1,-1,-1
00221,1,1202,674,402,205,0.92520297,-1,-1,-1
00222,1,733,693,184,121,0.9854565,-1,-1,-1
00222,1,1296,733,562,330,0.95167446,-1,-1,-1
00222,1,430,709,142,120,0.951297,-1,-1,-1
00222,1,269,839,213,180,0.9465786,-1,-1,-1
00222,1,1186,668,413,204,0.85493374,-1,-1,-1
00223,1,733,693,184,121,0.9853946,-1,-1,-1
00223,1,429,699,141,127,0.96417046,-1,-1,-1
00223,1,269,840,213,179,0.94983315,-1,-1,-1
00223,1,1238,723,547,321,0.9364101,-1,-1,-1
00223,1,545,693,126,110,0.75145817,-1,-1,-1
00223,1,1170,659,387,209,0.75110453,-1,-1,-1
00224,1,1198,722,527,313,0.986204,-1,-1,-1
00224,1,733,693,184,121,0.98518294,-1,-1,-1
00224,1,419,710,141,112,0.96791327,-1,-1,-1
00224,1,269,840,213,178,0.9500258,-1,-1,-1
00225,1,732,693,185,121,0.98607486,-1,-1,-1
00225,1,413,707,145,113,0.95710313,-1,-1,-1
00225,1,269,841,212,177,0.94922096,-1,-1,-1
00225,1,1161,731,503,278,0.90871,-1,-1,-1
00226,1,733,693,184,121,0.98597634,-1,-1,-1
00226,1,268,840,214,179,0.954978,-1,-1,-1
00226,1,1128,722,484,274,0.89297956,-1,-1,-1
00226,1,406,703,149,119,0.8218883,-1,-1,-1
00227,1,1098,719,452,262,0.9878813,-1,-1,-1
00227,1,732,693,186,121,0.9846022,-1,-1,-1
00227,1,406,706,138,111,0.9554718,-1,-1,-1
00227,1,269,840,212,179,0.95117193,-1,-1,-1
00228,1,732,693,186,120,0.9851694,-1,-1,-1
00228,1,1057,722,444,247,0.964302,-1,-1,-1
00228,1,265,843,207,176,0.9376328,-1,-1,-1
00228,1,399,705,136,112,0.92735875,-1,-1,-1
00229,1,732,693,186,120,0.9866899,-1,-1,-1
00229,1,1020,724,426,244,0.9845115,-1,-1,-1
00229,1,267,839,214,180,0.94903344,-1,-1,-1
00229,1,396,706,131,111,0.8554593,-1,-1,-1
00229,1,545,692,128,110,0.78572255,-1,-1,-1
00230,1,994,718,400,243,0.99233526,-1,-1,-1
00230,1,732,694,185,119,0.98815805,-1,-1,-1
00230,1,269,840,210,180,0.953983,-1,-1,-1
00230,1,547,691,123,112,0.87130153,-1,-1,-1
00230,1,1241,676,350,202,0.840988,-1,-1,-1
00230,1,390,703,136,113,0.70333266,-1,-1,-1
00231,1,968,729,375,219,0.9931545,-1,-1,-1
00231,1,733,694,184,119,0.9885953,-1,-1,-1
00231,1,268,840,211,179,0.9524335,-1,-1,-1
00231,1,391,706,128,108,0.912431,-1,-1,-1
00231,1,1220,670,376,211,0.8690955,-1,-1,-1
00231,1,547,691,123,112,0.8597661,-1,-1,-1
00232,1,948,724,351,223,0.9951749,-1,-1,-1
00232,1,732,693,184,120,0.9872879,-1,-1,-1
00232,1,1205,670,386,211,0.94553906,-1,-1,-1
00232,1,265,844,208,176,0.9427667,-1,-1,-1
00232,1,390,706,127,105,0.918552,-1,-1,-1
00232,1,547,691,123,112,0.86118007,-1,-1,-1
00233,1,909,722,351,212,0.990915,-1,-1,-1
00233,1,735,693,180,120,0.9863062,-1,-1,-1
00233,1,1188,669,405,210,0.95926154,-1,-1,-1
00233,1,274,844,195,172,0.9422891,-1,-1,-1
00233,1,384,705,131,106,0.8933978,-1,-1,-1
00233,1,547,691,123,112,0.8491933,-1,-1,-1
00234,1,909,723,310,201,0.99074274,-1,-1,-1
00234,1,1180,667,416,218,0.9752966,-1,-1,-1
00234,1,268,841,211,179,0.9561475,-1,-1,-1
00234,1,739,692,174,118,0.94602627,-1,-1,-1
00234,1,380,705,133,104,0.8587056,-1,-1,-1
00234,1,547,691,122,111,0.83645266,-1,-1,-1
00235,1,882,725,301,201,0.9929126,-1,-1,-1
00235,1,1178,666,416,217,0.9799485,-1,-1,-1
00235,1,265,844,207,176,0.9419601,-1,-1,-1
00235,1,739,692,175,118,0.9329381,-1,-1,-1
00235,1,547,691,122,111,0.8115866,-1,-1,-1
00235,1,378,707,132,100,0.77718407,-1,-1,-1
00236,1,860,724,289,191,0.995449,-1,-1,-1
00236,1,1178,666,418,216,0.9809467,-1,-1,-1
00236,1,268,841,211,178,0.95624655,-1,-1,-1
00236,1,743,694,174,118,0.8765275,-1,-1,-1
00236,1,548,691,122,111,0.81441236,-1,-1,-1
00237,1,833,724,279,194,0.98960006,-1,-1,-1
00237,1,1202,668,397,213,0.98326576,-1,-1,-1
00237,1,268,841,211,179,0.9596135,-1,-1,-1
00237,1,746,694,172,117,0.89653563,-1,-1,-1
00237,1,548,691,122,112,0.82207406,-1,-1,-1
00238,1,811,726,278,182,0.99556893,-1,-1,-1
00238,1,1201,668,397,212,0.98475826,-1,-1,-1
00238,1,274,845,194,171,0.9461609,-1,-1,-1
00238,1,548,690,122,113,0.8311649,-1,-1,-1
00238,1,746,695,173,118,0.81692666,-1,-1,-1
00238,1,374,713,125,91,0.73322964,-1,-1,-1
00239,1,799,725,264,181,0.99504143,-1,-1,-1
00239,1,1201,669,397,210,0.981443,-1,-1,-1
00239,1,274,845,194,171,0.94582593,-1,-1,-1
00239,1,548,690,122,113,0.8355029,-1,-1,-1
00240,1,779,724,256,173,0.9929222,-1,-1,-1
00240,1,1200,669,397,211,0.9830645,-1,-1,-1
00240,1,273,844,197,173,0.9513547,-1,-1,-1
00240,1,548,690,120,112,0.8117182,-1,-1,-1
00241,1,758,724,258,172,0.9951115,-1,-1,-1
00241,1,1181,665,416,218,0.9795038,-1,-1,-1
00241,1,275,844,196,171,0.9409317,-1,-1,-1
00241,1,548,691,121,111,0.81983596,-1,-1,-1
00242,1,743,713,243,174,0.9826821,-1,-1,-1
00242,1,1181,665,417,218,0.97901493,-1,-1,-1
00242,1,275,843,196,173,0.9416997,-1,-1,-1
00242,1,549,690,119,112,0.83690894,-1,-1,-1
00242,1,366,711,116,94,0.7134483,-1,-1,-1
00243,1,724,716,248,167,0.98569804,-1,-1,-1
00243,1,1181,665,417,218,0.97952604,-1,-1,-1
00243,1,274,843,198,173,0.9387499,-1,-1,-1
00243,1,549,690,119,112,0.8388821,-1,-1,-1
00243,1,366,710,111,95,0.76244867,-1,-1,-1
00244,1,727,711,217,166,0.9857904,-1,-1,-1
00244,1,1181,665,417,218,0.9799631,-1,-1,-1
00244,1,275,843,197,173,0.93892366,-1,-1,-1
00244,1,549,690,120,112,0.8653528,-1,-1,-1
00244,1,365,710,111,95,0.7596291,-1,-1,-1
00245,1,722,714,202,162,0.98804235,-1,-1,-1
00245,1,1181,665,417,218,0.97960645,-1,-1,-1
00245,1,275,842,197,174,0.9359128,-1,-1,-1
00245,1,549,690,120,112,0.8708659,-1,-1,-1
00246,1,696,721,216,153,0.98662996,-1,-1,-1
00246,1,1181,665,417,218,0.9792002,-1,-1,-1
00246,1,275,843,197,173,0.9359925,-1,-1,-1
00246,1,550,691,118,111,0.8534928,-1,-1,-1
00247,1,681,708,210,155,0.9882917,-1,-1,-1
00247,1,1181,665,417,218,0.9789178,-1,-1,-1
00247,1,275,842,197,174,0.93436736,-1,-1,-1
00247,1,550,692,117,109,0.8199021,-1,-1,-1
00248,1,658,717,229,148,0.9890182,-1,-1,-1
00248,1,1181,665,417,218,0.97851014,-1,-1,-1
00248,1,275,841,197,175,0.9313528,-1,-1,-1
00248,1,549,694,118,107,0.7636702,-1,-1,-1
00249,1,648,718,214,146,0.98681635,-1,-1,-1
00249,1,1181,665,417,218,0.97874534,-1,-1,-1
00249,1,275,842,197,174,0.9266086,-1,-1,-1
00249,1,549,694,117,107,0.8215993,-1,-1,-1
00250,1,637,710,212,150,0.98505974,-1,-1,-1
00250,1,1181,665,417,218,0.9788945,-1,-1,-1
00250,1,275,842,197,174,0.9314349,-1,-1,-1
00250,1,551,693,115,109,0.8462697,-1,-1,-1
00251,1,625,710,204,154,0.9822352,-1,-1,-1
00251,1,1181,665,417,218,0.9796261,-1,-1,-1
00251,1,275,843,197,172,0.9350839,-1,-1,-1
00251,1,550,695,122,106,0.7822474,-1,-1,-1
00252,1,618,706,198,155,0.98559606,-1,-1,-1
00252,1,1181,665,416,218,0.97966146,-1,-1,-1
00252,1,275,842,197,174,0.937493,-1,-1,-1
00252,1,552,691,116,111,0.7616495,-1,-1,-1
00253,1,607,711,194,143,0.98800105,-1,-1,-1
00253,1,1181,665,416,218,0.97976637,-1,-1,-1
00253,1,274,842,199,175,0.94115484,-1,-1,-1
00253,1,450,697,114,89,0.75874823,-1,-1,-1
00254,1,614,708,175,143,0.9916677,-1,-1,-1
00254,1,1181,665,416,218,0.9797773,-1,-1,-1
00254,1,274,841,199,176,0.9413196,-1,-1,-1
00254,1,739,694,182,120,0.8084523,-1,-1,-1
00254,1,450,697,114,89,0.7850128,-1,-1,-1
00255,1,595,709,178,141,0.9920907,-1,-1,-1
00255,1,1181,665,416,218,0.9797172,-1,-1,-1
00255,1,274,841,198,176,0.94258046,-1,-1,-1
00255,1,734,693,182,120,0.90248626,-1,-1,-1
00255,1,449,696,114,90,0.76610786,-1,-1,-1
00256,1,591,707,177,143,0.9901348,-1,-1,-1
00256,1,1181,665,416,218,0.979782,-1,-1,-1
00256,1,274,840,198,177,0.93916464,-1,-1,-1
00256,1,738,692,182,120,0.8918885,-1,-1,-1
00256,1,449,696,114,90,0.76533186,-1,-1,-1
00257,1,1181,665,416,218,0.9799202,-1,-1,-1
00257,1,569,705,184,138,0.97664964,-1,-1,-1
00257,1,268,842,207,178,0.9366233,-1,-1,-1
00257,1,715,695,207,120,0.93171006,-1,-1,-1
00257,1,449,696,116,91,0.7571054,-1,-1,-1
00258,1,568,705,175,137,0.9878703,-1,-1,-1
00258,1,1181,665,416,218,0.97983426,-1,-1,-1
00258,1,722,694,197,119,0.9644558,-1,-1,-1
00258,1,267,842,207,178,0.93648064,-1,-1,-1
00259,1,564,700,167,145,0.9890287,-1,-1,-1
00259,1,1181,665,416,218,0.97983885,-1,-1,-1
00259,1,725,696,192,119,0.977111,-1,-1,-1
00259,1,267,842,207,178,0.94009495,-1,-1,-1
00260,1,562,700,158,146,0.9909588,-1,-1,-1
00260,1,729,695,185,121,0.9830997,-1,-1,-1
00260,1,1181,665,416,218,0.97988784,-1,-1,-1
00260,1,274,840,197,177,0.9447236,-1,-1,-1
00261,1,544,705,161,134,0.9905822,-1,-1,-1
00261,1,1181,665,416,218,0.98003525,-1,-1,-1
00261,1,740,691,177,124,0.95187837,-1,-1,-1
00261,1,274,838,197,179,0.94223154,-1,-1,-1
00262,1,541,705,154,131,0.9901128,-1,-1,-1
00262,1,1181,665,416,218,0.98003423,-1,-1,-1
00262,1,740,691,176,124,0.9498698,-1,-1,-1
00262,1,275,839,196,178,0.9375728,-1,-1,-1
00263,1,535,704,153,134,0.983957,-1,-1,-1
00263,1,1181,665,416,218,0.979962,-1,-1,-1
00263,1,740,691,176,124,0.952596,-1,-1,-1
00263,1,274,839,197,178,0.9387319,-1,-1,-1
00264,1,734,695,181,119,0.98597926,-1,-1,-1
00264,1,1181,665,416,218,0.9799675,-1,-1,-1
00264,1,529,706,156,129,0.96795124,-1,-1,-1
00264,1,275,839,196,178,0.9355309,-1,-1,-1
00265,1,734,694,182,120,0.98751825,-1,-1,-1
00265,1,1181,665,416,218,0.9804596,-1,-1,-1
00265,1,274,838,196,179,0.9381003,-1,-1,-1
00265,1,529,704,156,126,0.9043832,-1,-1,-1
00266,1,734,694,183,120,0.98775464,-1,-1,-1
00266,1,1181,665,416,218,0.9803813,-1,-1,-1
00266,1,275,838,195,178,0.9364809,-1,-1,-1
00266,1,518,705,147,124,0.9127774,-1,-1,-1
00267,1,1181,665,416,218,0.9803169,-1,-1,-1
00267,1,741,689,174,126,0.9592978,-1,-1,-1
00267,1,275,839,195,177,0.93652916,-1,-1,-1
00267,1,507,705,149,126,0.84979194,-1,-1,-1
00268,1,1181,665,416,218,0.98026454,-1,-1,-1
00268,1,741,689,174,126,0.95814025,-1,-1,-1
00268,1,275,839,195,177,0.93306655,-1,-1,-1
00268,1,502,700,164,125,0.8627621,-1,-1,-1
00269,1,735,693,183,121,0.98716414,-1,-1,-1
00269,1,1181,665,416,219,0.98025674,-1,-1,-1
00269,1,491,706,155,122,0.9646876,-1,-1,-1
00269,1,275,839,195,176,0.926877,-1,-1,-1
00270,1,1180,665,416,218,0.98137075,-1,-1,-1
00270,1,741,689,178,126,0.9481231,-1,-1,-1
00270,1,485,703,161,123,0.9207859,-1,-1,-1
00270,1,276,840,195,174,0.9145917,-1,-1,-1
00271,1,1180,665,416,218,0.98126286,-1,-1,-1
00271,1,741,689,178,126,0.9483973,-1,-1,-1
00271,1,275,839,196,176,0.9183376,-1,-1,-1
00271,1,484,701,157,123,0.84262717,-1,-1,-1
00272,1,1180,665,416,218,0.9811162,-1,-1,-1
00272,1,741,689,178,126,0.9516099,-1,-1,-1
00272,1,275,840,197,173,0.9086431,-1,-1,-1
00272,1,473,705,146,117,0.89326704,-1,-1,-1
00273,1,1180,665,416,218,0.9812267,-1,-1,-1
00273,1,741,689,177,126,0.9528764,-1,-1,-1
00273,1,464,711,141,107,0.93580216,-1,-1,-1
00273,1,274,839,198,174,0.89759177,-1,-1,-1
00274,1,1180,665,416,218,0.98110116,-1,-1,-1
00274,1,462,714,137,104,0.9682418,-1,-1,-1
00274,1,741,689,177,126,0.95711637,-1,-1,-1
00274,1,275,840,197,173,0.8976714,-1,-1,-1
00275,1,1180,665,416,218,0.9812386,-1,-1,-1
00275,1,458,714,136,103,0.96239793,-1,-1,-1
00275,1,741,689,178,126,0.9599268,-1,-1,-1
00275,1,275,841,197,173,0.8977115,-1,-1,-1
00276,1,734,693,183,122,0.9896499,-1,-1,-1
00276,1,1180,665,416,218,0.98107713,-1,-1,-1
00276,1,454,712,135,104,0.9454113,-1,-1,-1
00276,1,275,840,197,175,0.9050791,-1,-1,-1
00277,1,735,693,182,121,0.98955053,-1,-1,-1
00277,1,1179,665,417,218,0.9807757,-1,-1,-1
00277,1,450,708,130,108,0.97006714,-1,-1,-1
00277,1,268,840,207,180,0.9065051,-1,-1,-1
00277,1,596,695,155,112,0.7040785,-1,-1,-1
00278,1,736,693,181,121,0.9894174,-1,-1,-1
00278,1,1179,665,417,218,0.98063695,-1,-1,-1
00278,1,443,708,131,107,0.95581174,-1,-1,-1
00278,1,268,840,208,180,0.9081446,-1,-1,-1
00278,1,595,695,156,111,0.71176344,-1,-1,-1
00279,1,735,693,182,121,0.9887764,-1,-1,-1
00279,1,1179,665,417,218,0.98045003,-1,-1,-1
00279,1,437,704,133,112,0.9183945,-1,-1,-1
00279,1,268,839,207,181,0.89726925,-1,-1,-1
00279,1,596,696,155,111,0.71974266,-1,-1,-1
00280,1,735,693,183,121,0.98869646,-1,-1,-1
00280,1,1179,665,417,218,0.9804288,-1,-1,-1
00280,1,436,702,138,114,0.9573124,-1,-1,-1
00280,1,268,839,207,180,0.89534116,-1,-1,-1
00280,1,542,694,134,109,0.7097012,-1,-1,-1
00281,1,735,692,183,122,0.98855376,-1,-1,-1
00281,1,1180,665,416,218,0.9806058,-1,-1,-1
00281,1,269,838,206,181,0.8744507,-1,-1,-1
00281,1,430,701,134,115,0.8457439,-1,-1,-1
00281,1,543,694,133,109,0.7163953,-1,-1,-1
00282,1,735,692,183,122,0.98840886,-1,-1,-1
00282,1,1180,665,416,218,0.9808091,-1,-1,-1
00282,1,2058,747,503,450,0.9630048,-1,-1,-1
00282,1,269,839,206,180,0.8731823,-1,-1,-1
00282,1,543,693,133,110,0.7400611,-1,-1,-1
00282,1,420,695,149,118,0.7200828,-1,-1,-1
00283,1,735,692,182,122,0.98321354,-1,-1,-1
00283,1,1180,665,418,218,0.98036826,-1,-1,-1
00283,1,1871,709,690,509,0.9646447,-1,-1,-1
00283,1,268,838,205,180,0.8781328,-1,-1,-1
00283,1,547,689,123,114,0.86167336,-1,-1,-1
00284,1,735,693,181,121,0.983787,-1,-1,-1
00284,1,1751,690,810,502,0.9837713,-1,-1,-1
00284,1,1181,665,417,219,0.9783448,-1,-1,-1
00284,1,268,841,204,176,0.8839009,-1,-1,-1
00284,1,548,690,121,113,0.8729752,-1,-1,-1
00284,1,351,732,140,139,0.73871136,-1,-1,-1
00285,1,1616,655,847,492,0.9914296,-1,-1,-1
00285,1,735,693,181,121,0.9840591,-1,-1,-1
00285,1,1182,665,414,217,0.97403675,-1,-1,-1
00285,1,269,842,204,174,0.8943471,-1,-1,-1
00285,1,548,690,121,113,0.8908208,-1,-1,-1
00285,1,353,735,143,138,0.798949,-1,-1,-1
00286,1,1466,660,798,458,0.9876829,-1,-1,-1
00286,1,735,693,181,121,0.984729,-1,-1,-1
00286,1,1180,668,418,215,0.9445356,-1,-1,-1
00286,1,548,689,122,114,0.89427584,-1,-1,-1
00286,1,269,843,206,172,0.8836264,-1,-1,-1
00286,1,356,757,140,117,0.8396444,-1,-1,-1
00287,1,1389,673,692,414,0.98858064,-1,-1,-1
00287,1,735,692,181,122,0.98466164,-1,-1,-1
00287,1,361,743,149,139,0.9341557,-1,-1,-1
00287,1,1194,672,389,208,0.92720383,-1,-1,-1
00287,1,548,690,122,113,0.8867098,-1,-1,-1
00287,1,269,845,206,170,0.87147784,-1,-1,-1
00288,1,735,692,182,122,0.98448837,-1,-1,-1
00288,1,1270,688,650,359,0.97155166,-1,-1,-1
00288,1,363,740,152,141,0.96439517,-1,-1,-1
00288,1,548,690,122,113,0.89301664,-1,-1,-1
00288,1,269,844,204,172,0.88784957,-1,-1,-1
00288,1,1191,669,353,201,0.7350496,-1,-1,-1
00289,1,735,693,180,121,0.98556966,-1,-1,-1
00289,1,367,744,157,140,0.97485524,-1,-1,-1
00289,1,1194,670,583,363,0.95211756,-1,-1,-1
00289,1,548,689,123,113,0.86844176,-1,-1,-1
00289,1,269,846,205,168,0.864966,-1,-1,-1
00290,1,734,693,181,122,0.9857243,-1,-1,-1
00290,1,371,740,162,148,0.98029536,-1,-1,-1
00290,1,1129,682,525,323,0.92823035,-1,-1,-1
00290,1,548,689,123,113,0.8648633,-1,-1,-1
00290,1,269,847,206,167,0.8565362,-1,-1,-1
00291,1,733,693,183,121,0.98285496,-1,-1,-1
00291,1,373,729,169,156,0.9766169,-1,-1,-1
00291,1,1057,678,538,311,0.9718122,-1,-1,-1
00291,1,269,846,206,169,0.861711,-1,-1,-1
00291,1,549,690,122,112,0.8451762,-1,-1,-1
00292,1,1008,697,504,282,0.9863794,-1,-1,-1
00292,1,733,694,182,120,0.9832464,-1,-1,-1
00292,1,377,749,161,141,0.9585045,-1,-1,-1
00292,1,268,847,206,168,0.8927992,-1,-1,-1
00292,1,546,692,131,110,0.73759574,-1,-1,-1
00293,1,969,704,442,256,0.9959245,-1,-1,-1
00293,1,386,761,161,135,0.97340107,-1,-1,-1
00293,1,734,693,182,121,0.9710034,-1,-1,-1
00293,1,267,849,206,166,0.8724143,-1,-1,-1
00293,1,549,691,122,111,0.82961047,-1,-1,-1
00294,1,906,704,434,239,0.99362046,-1,-1,-1
00294,1,391,739,170,154,0.9806449,-1,-1,-1
00294,1,735,693,180,121,0.9628333,-1,-1,-1
00294,1,1239,675,354,207,0.93539196,-1,-1,-1
00294,1,266,849,207,166,0.8847841,-1,-1,-1
00294,1,549,692,122,110,0.81462234,-1,-1,-1
00295,1,889,703,389,237,0.9875453,-1,-1,-1
00295,1,738,693,174,122,0.9664778,-1,-1,-1
00295,1,1196,669,394,211,0.9639568,-1,-1,-1
00295,1,389,742,178,152,0.96334445,-1,-1,-1
00295,1,274,844,197,167,0.8636729,-1,-1,-1
00295,1,549,691,123,111,0.8022761,-1,-1,-1
00296,1,867,710,331,218,0.99296784,-1,-1,-1
00296,1,1183,667,412,218,0.972763,-1,-1,-1
00296,1,399,764,174,148,0.9725114,-1,-1,-1
00296,1,737,692,181,118,0.9082092,-1,-1,-1
00296,1,275,845,196,167,0.8681585,-1,-1,-1
00296,1,549,691,123,111,0.757382,-1,-1,-1
00297,1,836,707,314,216,0.99170375,-1,-1,-1
00297,1,1182,667,412,216,0.9775663,-1,-1,-1
00297,1,404,771,175,142,0.9567319,-1,-1,-1
00297,1,740,694,170,117,0.9176832,-1,-1,-1
00297,1,274,844,196,169,0.8818834,-1,-1,-1
00297,1,549,692,122,109,0.79029405,-1,-1,-1
00298,1,791,703,317,214,0.99330693,-1,-1,-1
00298,1,1203,667,396,213,0.98653793,-1,-1,-1
00298,1,410,768,180,151,0.9280033,-1,-1,-1
00298,1,275,844,196,169,0.8719275,-1,-1,-1
00298,1,738,696,208,124,0.7335926,-1,-1,-1
00299,1,769,701,292,207,0.9922833,-1,-1,-1
00299,1,1201,668,395,212,0.9845569,-1,-1,-1
00299,1,417,775,180,145,0.9262111,-1,-1,-1
00299,1,276,844,194,171,0.9057884,-1,-1,-1
00300,1,747,706,283,193,0.990812,-1,-1,-1
00300,1,1202,669,394,211,0.98016214,-1,-1,-1
00300,1,427,772,177,150,0.95494455,-1,-1,-1
00300,1,276,842,194,174,0.91420513,-1,-1,-1
00301,1,728,703,266,188,0.9949709,-1,-1,-1
00301,1,1181,666,415,218,0.9785325,-1,-1,-1
00301,1,276,842,195,175,0.9400954,-1,-1,-1
00301,1,432,780,195,150,0.9350071,-1,-1,-1
00302,1,707,705,253,182,0.9897996,-1,-1,-1
00302,1,1181,666,416,218,0.9787064,-1,-1,-1
00302,1,434,788,205,150,0.9655888,-1,-1,-1
00302,1,275,843,196,174,0.9456514,-1,-1,-1
00303,1,685,701,248,184,0.99133086,-1,-1,-1
00303,1,1179,665,418,218,0.9777206,-1,-1,-1
00303,1,443,789,204,152,0.9608692,-1,-1,-1
00303,1,275,841,197,175,0.9568919,-1,-1,-1
00304,1,662,710,243,168,0.9878818,-1,-1,-1
00304,1,1179,666,418,217,0.9780943,-1,-1,-1
00304,1,453,788,211,158,0.97590905,-1,-1,-1
00304,1,275,840,198,176,0.9570481,-1,-1,-1
00305,1,1179,665,418,218,0.97795564,-1,-1,-1
00305,1,472,790,205,162,0.972461,-1,-1,-1
00305,1,275,840,198,176,0.9595755,-1,-1,-1
00305,1,645,706,254,167,0.9546987,-1,-1,-1
00306,1,638,701,224,164,0.9795013,-1,-1,-1
00306,1,1179,665,418,218,0.9781934,-1,-1,-1
00306,1,464,793,243,174,0.96574014,-1,-1,-1
00306,1,274,839,199,177,0.96246123,-1,-1,-1
00307,1,482,796,245,179,0.9889209,-1,-1,-1
00307,1,1180,665,417,218,0.9782729,-1,-1,-1
00307,1,275,838,197,178,0.9580871,-1,-1,-1
00307,1,617,704,219,157,0.954259,-1,-1,-1
00308,1,496,795,260,189,0.98215264,-1,-1,-1
00308,1,1180,665,417,218,0.97866106,-1,-1,-1
00308,1,573,699,244,155,0.9713689,-1,-1,-1
00308,1,275,838,197,179,0.95616156,-1,-1,-1
00308,1,750,694,160,122,0.78602177,-1,-1,-1
00309,1,569,697,226,165,0.9864081,-1,-1,-1
00309,1,1180,665,417,218,0.97873497,-1,-1,-1
00309,1,275,839,196,178,0.95778525,-1,-1,-1
00309,1,508,797,254,195,0.9531997,-1,-1,-1
00309,1,737,693,173,121,0.85601646,-1,-1,-1
00310,1,570,698,213,153,0.98408616,-1,-1,-1
00310,1,1180,665,417,218,0.97871906,-1,-1,-1
00310,1,527,807,270,199,0.9641871,-1,-1,-1
00310,1,275,839,196,178,0.955738,-1,-1,-1
00310,1,734,693,179,121,0.88942975,-1,-1,-1
00311,1,546,804,282,210,0.9898887,-1,-1,-1
00311,1,1180,665,417,218,0.9785333,-1,-1,-1
00311,1,580,695,180,160,0.974308,-1,-1,-1
00311,1,735,693,182,122,0.95542973,-1,-1,-1
00311,1,274,839,196,177,0.9512333,-1,-1,-1
00312,1,552,805,309,228,0.9834853,-1,-1,-1
00312,1,1180,665,417,218,0.9786365,-1,-1,-1
00312,1,735,693,182,123,0.94908154,-1,-1,-1
00312,1,274,839,197,177,0.9451797,-1,-1,-1
00312,1,577,697,168,157,0.8962307,-1,-1,-1
00313,1,582,807,325,226,0.99179345,-1,-1,-1
00313,1,1181,665,416,219,0.9794781,-1,-1,-1
00313,1,555,695,180,156,0.94542474,-1,-1,-1
00313,1,274,839,198,177,0.93822753,-1,-1,-1
00313,1,737,690,177,121,0.9253243,-1,-1,-1
00314,1,592,806,358,252,0.9908387,-1,-1,-1
00314,1,1182,665,415,219,0.9795808,-1,-1,-1
00314,1,550,698,175,149,0.96394855,-1,-1,-1
00314,1,736,691,179,120,0.9631335,-1,-1,-1
00314,1,275,839,196,177,0.93762445,-1,-1,-1
00315,1,608,803,370,278,0.99257714,-1,-1,-1
00315,1,1182,665,416,219,0.9794208,-1,-1,-1
00315,1,745,694,169,120,0.9756444,-1,-1,-1
00315,1,536,698,176,145,0.95598733,-1,-1,-1
00315,1,274,839,197,178,0.94580215,-1,-1,-1
00316,1,634,810,400,300,0.9829243,-1,-1,-1
00316,1,1182,665,416,219,0.9792124,-1,-1,-1
00316,1,526,705,169,136,0.97756606,-1,-1,-1
00316,1,743,690,168,124,0.97340834,-1,-1,-1
00316,1,274,839,197,178,0.94914395,-1,-1,-1
00317,1,661,816,442,309,0.992908,-1,-1,-1
00317,1,522,707,162,131,0.9824163,-1,-1,-1
00317,1,1181,665,417,219,0.9794407,-1,-1,-1
00317,1,744,690,166,122,0.9685495,-1,-1,-1
00317,1,275,840,197,177,0.94885373,-1,-1,-1
00318,1,697,815,475,339,0.9864785,-1,-1,-1
00318,1,1181,665,417,219,0.9796139,-1,-1,-1
00318,1,508,709,164,128,0.96376646,-1,-1,-1
00318,1,274,839,198,177,0.9511192,-1,-1,-1
00318,1,740,689,171,120,0.9435429,-1,-1,-1
00319,1,726,827,514,356,0.983213,-1,-1,-1
00319,1,1183,665,415,219,0.9792921,-1,-1,-1
00319,1,503,704,151,132,0.9573074,-1,-1,-1
00319,1,742,693,169,117,0.95264685,-1,-1,-1
00319,1,274,839,198,178,0.9519473,-1,-1,-1
00320,1,779,835,540,384,0.98370624,-1,-1,-1
00320,1,1183,665,414,219,0.9779739,-1,-1,-1
00320,1,742,692,171,120,0.9653693,-1,-1,-1
00320,1,496,700,158,136,0.9637158,-1,-1,-1
00320,1,274,839,198,178,0.95081025,-1,-1,-1
00321,1,840,831,604,423,0.9922086,-1,-1,-1
00321,1,736,694,178,120,0.9863918,-1,-1,-1
00321,1,1182,665,414,219,0.97743565,-1,-1,-1
00321,1,487,703,157,132,0.9698118,-1,-1,-1
00321,1,274,839,198,178,0.9522208,-1,-1,-1
00322,1,900,849,652,450,0.9893662,-1,-1,-1
00322,1,1181,665,413,218,0.9754895,-1,-1,-1
00322,1,483,705,158,126,0.97364646,-1,-1,-1
00322,1,740,692,174,121,0.9688977,-1,-1,-1
00322,1,274,839,198,178,0.95244575,-1,-1,-1
00323,1,971,862,768,492,0.9926676,-1,-1,-1
00323,1,1179,662,415,223,0.9840259,-1,-1,-1
00323,1,477,706,153,123,0.9836447,-1,-1,-1
00323,1,740,692,174,121,0.96041703,-1,-1,-1
00323,1,271,839,203,177,0.9494396,-1,-1,-1
00324,1,1059,863,863,553,0.98847765,-1,-1,-1
00324,1,1183,662,413,223,0.9857948,-1,-1,-1
00324,1,468,706,154,122,0.97675395,-1,-1,-1
00324,1,271,840,203,177,0.95227075,-1,-1,-1
00324,1,742,689,174,127,0.9439951,-1,-1,-1
00325,1,1133,891,1123,665,0.9947631,-1,-1,-1
00325,1,1183,664,414,219,0.98605585,-1,-1,-1
00325,1,464,698,141,133,0.9727682,-1,-1,-1
00325,1,270,839,204,177,0.94085133,-1,-1,-1
00325,1,741,689,177,127,0.9395539,-1,-1,-1
00326,1,1295,883,1266,756,0.996271,-1,-1,-1
00326,1,1183,665,414,217,0.98596257,-1,-1,-1
00326,1,458,704,141,120,0.97765076,-1,-1,-1
00326,1,270,839,204,178,0.94524693,-1,-1,-1
00326,1,741,689,178,127,0.9295761,-1,-1,-1
00327,1,1397,898,1164,982,0.9945603,-1,-1,-1
00327,1,735,693,180,122,0.989239,-1,-1,-1
00327,1,450,698,148,125,0.98830426,-1,-1,-1
00327,1,1183,664,413,218,0.9833418,-1,-1,-1
00327,1,269,839,205,178,0.94752824,-1,-1,-1
00328,1,735,693,180,121,0.989287,-1,-1,-1
00328,1,447,705,136,113,0.9832305,-1,-1,-1
00328,1,1182,664,415,219,0.98238933,-1,-1,-1
00328,1,1514,946,1047,975,0.9690215,-1,-1,-1
00328,1,269,839,205,178,0.9479506,-1,-1,-1
00329,1,1781,1068,780,822,0.9908036,-1,-1,-1
00329,1,735,693,181,121,0.9890749,-1,-1,-1
00329,1,440,705,136,114,0.98560727,-1,-1,-1
00329,1,1200,668,398,212,0.98150176,-1,-1,-1
00329,1,270,839,203,178,0.9485724,-1,-1,-1
00330,1,735,693,181,121,0.98877037,-1,-1,-1
00330,1,434,700,137,119,0.9839347,-1,-1,-1
00330,1,1200,668,398,212,0.9813178,-1,-1,-1
00330,1,270,839,203,178,0.94763905,-1,-1,-1
00330,1,544,695,130,108,0.72022045,-1,-1,-1
00331,1,735,693,181,121,0.9887067,-1,-1,-1
00331,1,1200,668,398,212,0.98134446,-1,-1,-1
00331,1,432,695,132,123,0.9783357,-1,-1,-1
00331,1,270,839,203,178,0.9526883,-1,-1,-1
00332,1,735,693,181,121,0.98870546,-1,-1,-1
00332,1,1200,668,398,212,0.98147273,-1,-1,-1
00332,1,428,696,131,122,0.9787836,-1,-1,-1
00332,1,270,840,203,177,0.95509815,-1,-1,-1
00332,1,541,695,138,108,0.7054652,-1,-1,-1
00333,1,733,693,186,121,0.98688996,-1,-1,-1
00333,1,1179,664,419,219,0.9810821,-1,-1,-1
00333,1,421,699,140,116,0.9767585,-1,-1,-1
00333,1,272,841,201,176,0.9534835,-1,-1,-1
00333,1,542,694,137,109,0.705767,-1,-1,-1
00334,1,734,693,184,121,0.9860517,-1,-1,-1
00334,1,1179,664,419,219,0.9817321,-1,-1,-1
00334,1,272,842,201,175,0.95340043,-1,-1,-1
00334,1,418,699,140,117,0.9368308,-1,-1,-1
00335,1,734,693,185,121,0.986826,-1,-1,-1
00335,1,1179,664,419,219,0.98139554,-1,-1,-1
00335,1,416,703,139,113,0.9738675,-1,-1,-1
00335,1,272,842,202,175,0.9516595,-1,-1,-1
00335,1,546,690,124,113,0.8482873,-1,-1,-1
00336,1,734,693,185,121,0.98707527,-1,-1,-1
00336,1,1179,664,419,219,0.9814181,-1,-1,-1
00336,1,408,702,134,113,0.9533938,-1,-1,-1
00336,1,272,841,202,175,0.9483186,-1,-1,-1
00336,1,546,690,124,113,0.8802814,-1,-1,-1
00337,1,733,693,185,121,0.9871952,-1,-1,-1
00337,1,1179,664,418,219,0.9790014,-1,-1,-1
00337,1,271,841,203,177,0.95191944,-1,-1,-1
00337,1,403,702,136,111,0.933522,-1,-1,-1
00337,1,546,688,125,114,0.88663703,-1,-1,-1
00338,1,733,693,185,121,0.987318,-1,-1,-1
00338,1,1179,664,418,219,0.9788518,-1,-1,-1
00338,1,400,701,124,112,0.9567938,-1,-1,-1
00338,1,271,841,203,176,0.94976604,-1,-1,-1
00338,1,547,688,124,115,0.8805511,-1,-1,-1
00339,1,733,693,185,121,0.9871603,-1,-1,-1
00339,1,1179,664,417,219,0.97887874,-1,-1,-1
00339,1,398,702,119,109,0.9593769,-1,-1,-1
00339,1,271,841,203,176,0.9475048,-1,-1,-1
00339,1,547,688,123,115,0.8778731,-1,-1,-1
00340,1,733,693,185,121,0.9873296,-1,-1,-1
00340,1,1179,664,417,219,0.9786033,-1,-1,-1
00340,1,271,841,203,176,0.94576776,-1,-1,-1
00340,1,395,702,121,107,0.9224,-1,-1,-1
00340,1,547,688,123,115,0.8684142,-1,-1,-1
00341,1,733,693,186,120,0.9872508,-1,-1,-1
00341,1,1179,664,418,220,0.9784339,-1,-1,-1
00341,1,271,841,203,176,0.94015867,-1,-1,-1
00341,1,391,701,123,106,0.86794263,-1,-1,-1
00341,1,547,688,123,115,0.848834,-1,-1,-1
00342,1,733,693,186,120,0.98722166,-1,-1,-1
00342,1,1179,664,418,220,0.9787949,-1,-1,-1
00342,1,271,841,203,176,0.9406439,-1,-1,-1
00342,1,547,688,123,115,0.8542699,-1,-1,-1
00342,1,387,705,126,100,0.8332113,-1,-1,-1
00343,1,732,693,187,120,0.98705983,-1,-1,-1
00343,1,1178,664,419,220,0.97864807,-1,-1,-1
00343,1,271,841,203,176,0.9410427,-1,-1,-1
00343,1,547,688,123,115,0.86227554,-1,-1,-1
00343,1,384,705,129,99,0.8131133,-1,-1,-1
00344,1,732,693,187,121,0.98739004,-1,-1,-1
00344,1,1178,664,419,220,0.9783232,-1,-1,-1
00344,1,271,840,203,177,0.94031316,-1,-1,-1
00344,1,547,688,125,115,0.852297,-1,-1,-1
00344,1,385,703,128,101,0.7904384,-1,-1,-1
00345,1,733,693,186,120,0.98756623,-1,-1,-1
00345,1,1179,664,418,220,0.978196,-1,-1,-1
00345,1,272,840,201,177,0.94187415,-1,-1,-1
00345,1,547,688,124,115,0.84332025,-1,-1,-1
00345,1,384,706,125,98,0.82366097,-1,-1,-1
00346,1,733,693,185,121,0.98709095,-1,-1,-1
00346,1,1179,664,418,220,0.97828,-1,-1,-1
00346,1,271,841,203,176,0.94344753,-1,-1,-1
00346,1,547,688,124,115,0.8266127,-1,-1,-1
00346,1,382,708,123,96,0.788395,-1,-1,-1
00347,1,733,693,185,120,0.98729604,-1,-1,-1
00347,1,1178,664,419,219,0.9785019,-1,-1,-1
00347,1,271,840,203,178,0.94667166,-1,-1,-1
00347,1,547,687,124,116,0.8085525,-1,-1,-1
00347,1,380,706,122,99,0.74293983,-1,-1,-1
00348,1,733,693,185,121,0.98679614,-1,-1,-1
00348,1,1178,664,419,220,0.9786894,-1,-1,-1
00348,1,271,840,202,178,0.9470634,-1,-1,-1
00348,1,547,687,124,116,0.80601263,-1,-1,-1
00349,1,732,693,187,121,0.98588306,-1,-1,-1
00349,1,1198,670,398,211,0.97939956,-1,-1,-1
00349,1,271,841,203,177,0.9516612,-1,-1,-1
00350,1,732,693,186,121,0.9860852,-1,-1,-1
00350,1,1198,670,398,211,0.97915846,-1,-1,-1
00350,1,271,840,203,178,0.95091784,-1,-1,-1
00351,1,732,693,187,121,0.9866578,-1,-1,-1
00351,1,1198,670,397,211,0.9797594,-1,-1,-1
00351,1,271,840,203,178,0.9516259,-1,-1,-1
00351,1,548,687,124,116,0.8158404,-1,-1,-1
00352,1,732,693,187,121,0.985707,-1,-1,-1
00352,1,1198,670,397,211,0.98007077,-1,-1,-1
00352,1,271,840,203,178,0.953043,-1,-1,-1
00352,1,548,687,125,116,0.8175291,-1,-1,-1
00353,1,732,693,187,121,0.9856684,-1,-1,-1
00353,1,1198,670,397,211,0.9799985,-1,-1,-1
00353,1,271,840,203,178,0.95193905,-1,-1,-1
00353,1,548,687,125,116,0.8127784,-1,-1,-1
00353,1,356,691,132,112,0.7962591,-1,-1,-1
00354,1,732,693,187,121,0.985776,-1,-1,-1
00354,1,1198,670,398,211,0.9798288,-1,-1,-1
00354,1,271,840,202,177,0.9504672,-1,-1,-1
00354,1,548,687,124,116,0.8208988,-1,-1,-1
00354,1,360,705,118,100,0.7862322,-1,-1,-1
00355,1,732,693,187,121,0.98557216,-1,-1,-1
00355,1,1198,670,398,211,0.9798147,-1,-1,-1
00355,1,271,840,202,178,0.95251745,-1,-1,-1
00355,1,357,708,119,93,0.8214209,-1,-1,-1
00355,1,548,687,125,116,0.81880116,-1,-1,-1
00356,1,732,693,187,121,0.98555815,-1,-1,-1
00356,1,1198,670,397,211,0.9798161,-1,-1,-1
00356,1,271,841,202,177,0.9525671,-1,-1,-1
00356,1,548,687,125,116,0.8220778,-1,-1,-1
00356,1,356,707,113,92,0.7781935,-1,-1,-1
00357,1,732,693,187,121,0.9858517,-1,-1,-1
00357,1,1198,670,398,211,0.9799399,-1,-1,-1
00357,1,271,840,202,178,0.95362955,-1,-1,-1
00357,1,548,687,125,116,0.8381793,-1,-1,-1
00357,1,353,707,114,91,0.7370504,-1,-1,-1
00358,1,732,693,187,121,0.98580176,-1,-1,-1
00358,1,1198,669,397,212,0.97991073,-1,-1,-1
00358,1,271,840,202,178,0.95323974,-1,-1,-1
00358,1,548,687,125,116,0.8513583,-1,-1,-1
00359,1,732,693,187,121,0.9857573,-1,-1,-1
00359,1,1198,669,398,212,0.9800212,-1,-1,-1
00359,1,271,840,202,178,0.95253086,-1,-1,-1
00359,1,549,687,124,116,0.8526294,-1,-1,-1
00360,1,732,693,187,121,0.98568255,-1,-1,-1
00360,1,1198,669,398,212,0.9800172,-1,-1,-1
00360,1,271,840,202,178,0.95217115,-1,-1,-1
00360,1,549,687,124,116,0.8552203,-1,-1,-1
00361,1,733,693,186,121,0.98670363,-1,-1,-1
00361,1,1178,664,420,220,0.97824836,-1,-1,-1
00361,1,270,839,204,179,0.95137906,-1,-1,-1
00361,1,549,688,124,115,0.8589586,-1,-1,-1
00362,1,733,693,186,121,0.986746,-1,-1,-1
00362,1,1178,664,420,220,0.97804123,-1,-1,-1
00362,1,270,839,203,180,0.9520028,-1,-1,-1
00362,1,549,688,124,115,0.8627676,-1,-1,-1
00363,1,733,693,185,121,0.98708797,-1,-1,-1
00363,1,1178,664,420,220,0.97816443,-1,-1,-1
00363,1,270,839,203,180,0.9522864,-1,-1,-1
00363,1,549,688,124,115,0.8645618,-1,-1,-1
00364,1,733,693,185,121,0.98738575,-1,-1,-1
00364,1,1178,664,420,220,0.97806454,-1,-1,-1
00364,1,270,839,203,180,0.9515567,-1,-1,-1
00364,1,549,688,124,115,0.8677095,-1,-1,-1
00365,1,734,693,184,121,0.9875152,-1,-1,-1
00365,1,1178,664,420,220,0.97799164,-1,-1,-1
00365,1,270,839,203,179,0.9502727,-1,-1,-1
00365,1,549,688,124,115,0.86741865,-1,-1,-1
00366,1,734,693,184,121,0.9875194,-1,-1,-1
00366,1,1178,664,420,220,0.97798437,-1,-1,-1
00366,1,270,839,204,179,0.9488842,-1,-1,-1
00366,1,549,688,124,115,0.86808413,-1,-1,-1
00367,1,734,693,184,121,0.98757344,-1,-1,-1
00367,1,1178,664,420,220,0.97793394,-1,-1,-1
00367,1,270,838,204,180,0.9498697,-1,-1,-1
00367,1,549,688,124,115,0.8658971,-1,-1,-1
00368,1,734,693,184,121,0.9869604,-1,-1,-1
00368,1,1178,664,420,220,0.9779488,-1,-1,-1
00368,1,270,838,204,180,0.9503352,-1,-1,-1
00368,1,549,688,124,115,0.86357886,-1,-1,-1
00369,1,734,693,185,121,0.9868145,-1,-1,-1
00369,1,1178,664,420,220,0.97804,-1,-1,-1
00369,1,270,838,204,180,0.9500148,-1,-1,-1
00369,1,548,688,125,115,0.8565075,-1,-1,-1
00370,1,734,693,185,121,0.98677725,-1,-1,-1
00370,1,1178,664,420,220,0.9780372,-1,-1,-1
00370,1,270,838,204,180,0.9501116,-1,-1,-1
00370,1,549,688,124,115,0.8601354,-1,-1,-1
00371,1,734,693,185,121,0.98670805,-1,-1,-1
00371,1,1178,664,420,220,0.97807777,-1,-1,-1
00371,1,270,838,204,180,0.94762117,-1,-1,-1
00371,1,548,688,125,115,0.8597318,-1,-1,-1
00372,1,734,693,185,121,0.986791,-1,-1,-1
00372,1,1178,664,420,220,0.9780928,-1,-1,-1
00372,1,270,838,204,180,0.94935596,-1,-1,-1
00372,1,549,688,124,115,0.86430204,-1,-1,-1
00373,1,734,693,185,121,0.98534334,-1,-1,-1
00373,1,1179,664,419,220,0.9794255,-1,-1,-1
00373,1,2105,845,453,373,0.9485136,-1,-1,-1
00373,1,270,839,204,178,0.945717,-1,-1,-1
00373,1,549,687,124,116,0.8718089,-1,-1,-1
00374,1,733,692,185,122,0.9848763,-1,-1,-1
00374,1,1181,664,416,219,0.9808034,-1,-1,-1
00374,1,1917,774,644,430,0.95064235,-1,-1,-1
00374,1,272,840,200,175,0.9405775,-1,-1,-1
00374,1,550,688,122,115,0.8813664,-1,-1,-1
00375,1,734,692,183,122,0.98462003,-1,-1,-1
00375,1,1772,723,789,512,0.98286057,-1,-1,-1
00375,1,1181,664,416,220,0.9785781,-1,-1,-1
00375,1,272,841,200,175,0.94043165,-1,-1,-1
00375,1,549,689,124,114,0.8726824,-1,-1,-1
00375,1,447,695,121,91,0.73283684,-1,-1,-1
00376,1,1645,715,916,464,0.99376994,-1,-1,-1
00376,1,735,692,183,122,0.98450506,-1,-1,-1
00376,1,1182,664,413,219,0.9761766,-1,-1,-1
00376,1,272,841,200,175,0.94313854,-1,-1,-1
00376,1,549,689,124,114,0.8719867,-1,-1,-1
00376,1,448,695,121,91,0.74717283,-1,-1,-1
00377,1,1535,716,822,435,0.9921572,-1,-1,-1
00377,1,735,692,182,122,0.98473686,-1,-1,-1
00377,1,1184,664,412,220,0.9630895,-1,-1,-1
00377,1,272,841,200,175,0.9453081,-1,-1,-1
00377,1,549,689,124,114,0.8715997,-1,-1,-1
00378,1,1434,701,770,391,0.9927538,-1,-1,-1
00378,1,734,692,184,122,0.98440033,-1,-1,-1
00378,1,272,841,199,174,0.94173956,-1,-1,-1
00378,1,1179,665,422,218,0.9385377,-1,-1,-1
00378,1,549,689,124,114,0.8593548,-1,-1,-1
00379,1,1331,718,679,339,0.98920166,-1,-1,-1
00379,1,734,692,184,122,0.9848237,-1,-1,-1
00379,1,272,841,199,174,0.9415535,-1,-1,-1
00379,1,1197,672,401,209,0.9004804,-1,-1,-1
00379,1,549,689,124,114,0.85201955,-1,-1,-1
00380,1,1236,717,654,333,0.9866551,-1,-1,-1
00380,1,734,692,184,122,0.9848128,-1,-1,-1
00380,1,271,841,201,174,0.9422197,-1,-1,-1
00380,1,549,689,124,114,0.8477354,-1,-1,-1
00380,1,1181,663,402,209,0.834327,-1,-1,-1
00381,1,733,692,185,123,0.9848428,-1,-1,-1
00381,1,272,841,200,174,0.9405834,-1,-1,-1
00381,1,1171,686,588,340,0.9049546,-1,-1,-1
00381,1,549,689,124,114,0.8506284,-1,-1,-1
00382,1,733,692,185,122,0.9815902,-1,-1,-1
00382,1,272,842,199,173,0.9396643,-1,-1,-1
00382,1,548,689,125,114,0.8496212,-1,-1,-1
00382,1,1084,718,543,308,0.80266553,-1,-1,-1
00383,1,733,693,185,121,0.98265785,-1,-1,-1
00383,1,272,842,199,173,0.93922025,-1,-1,-1
00383,1,1030,727,553,272,0.9360772,-1,-1,-1
00383,1,548,689,125,114,0.848904,-1,-1,-1
00384,1,972,733,500,248,0.9785825,-1,-1,-1
00384,1,735,692,181,122,0.9680599,-1,-1,-1
00384,1,271,843,201,171,0.93207514,-1,-1,-1
00384,1,550,688,121,115,0.9118314,-1,-1,-1
00384,1,449,694,120,93,0.7062896,-1,-1,-1
00385,1,940,730,432,232,0.994551,-1,-1,-1
00385,1,734,693,182,120,0.96476096,-1,-1,-1
00385,1,271,842,202,173,0.93338144,-1,-1,-1
00385,1,550,688,121,115,0.92430454,-1,-1,-1
00385,1,1218,673,377,207,0.79109377,-1,-1,-1
00385,1,452,696,118,91,0.73639125,-1,-1,-1
00386,1,898,733,400,217,0.9942298,-1,-1,-1
00386,1,735,693,180,120,0.9694644,-1,-1,-1
00386,1,1201,669,387,211,0.9508957,-1,-1,-1
00386,1,272,842,201,173,0.9316809,-1,-1,-1
00386,1,550,689,121,114,0.9187848,-1,-1,-1
00386,1,452,698,118,88,0.74660313,-1,-1,-1
00387,1,868,733,367,208,0.99522156,-1,-1,-1
00387,1,1186,668,407,211,0.9706796,-1,-1,-1
00387,1,738,692,177,122,0.9685837,-1,-1,-1
00387,1,272,842,201,173,0.93341064,-1,-1,-1
00387,1,550,688,121,115,0.91682243,-1,-1,-1
00387,1,453,699,118,86,0.74498695,-1,-1,-1
00388,1,848,724,340,209,0.9926166,-1,-1,-1
00388,1,1177,666,416,218,0.981009,-1,-1,-1
00388,1,272,842,201,173,0.9316877,-1,-1,-1
00388,1,550,688,121,115,0.9184093,-1,-1,-1
00388,1,736,690,191,121,0.85061985,-1,-1,-1
00388,1,453,699,119,86,0.76042837,-1,-1,-1
00389,1,833,726,308,198,0.9933796,-1,-1,-1
00389,1,1202,669,398,212,0.9848642,-1,-1,-1
00389,1,272,843,201,172,0.9324001,-1,-1,-1
00389,1,550,688,121,115,0.9146929,-1,-1,-1
00389,1,452,700,120,85,0.7768527,-1,-1,-1
00389,1,742,693,184,118,0.7726408,-1,-1,-1
00390,1,787,725,297,200,0.9952851,-1,-1,-1
00390,1,1202,667,395,213,0.98683727,-1,-1,-1
00390,1,272,843,201,172,0.9338666,-1,-1,-1
00390,1,550,688,121,115,0.91213757,-1,-1,-1
00390,1,453,701,119,85,0.79525656,-1,-1,-1
00391,1,773,729,284,185,0.993916,-1,-1,-1
00391,1,1200,668,397,212,0.9827954,-1,-1,-1
00391,1,272,843,201,172,0.9381202,-1,-1,-1
00391,1,549,689,122,114,0.9048127,-1,-1,-1
00391,1,454,702,118,84,0.79912716,-1,-1,-1
00392,1,1179,665,416,218,0.98044455,-1,-1,-1
00392,1,745,728,280,180,0.9630382,-1,-1,-1
00392,1,272,843,200,172,0.9376543,-1,-1,-1
00392,1,549,689,121,114,0.9174005,-1,-1,-1
00392,1,453,702,119,85,0.83432424,-1,-1,-1
00393,1,1179,665,417,219,0.97985977,-1,-1,-1
00393,1,729,716,261,185,0.94242567,-1,-1,-1
00393,1,272,843,200,172,0.9357701,-1,-1,-1
00393,1,549,689,120,114,0.9200248,-1,-1,-1
00393,1,454,702,117,85,0.8721254,-1,-1,-1
00394,1,1181,665,415,218,0.9789821,-1,-1,-1
00394,1,271,843,201,173,0.9538063,-1,-1,-1
00394,1,550,688,121,115,0.9142329,-1,-1,-1
00394,1,717,721,230,168,0.91408277,-1,-1,-1
00394,1,457,702,113,85,0.824077,-1,-1,-1
00395,1,701,717,229,165,0.98687357,-1,-1,-1
00395,1,1181,665,415,218,0.9792221,-1,-1,-1
00395,1,272,844,200,172,0.95107275,-1,-1,-1
00395,1,550,690,121,113,0.89372146,-1,-1,-1
00395,1,456,702,114,85,0.82370996,-1,-1,-1
00396,1,675,721,252,160,0.9830047,-1,-1,-1
00396,1,1181,665,415,218,0.9791453,-1,-1,-1
00396,1,272,843,200,173,0.9508445,-1,-1,-1
00396,1,550,691,120,112,0.8669587,-1,-1,-1
00396,1,457,702,113,85,0.8322499,-1,-1,-1
00397,1,1181,665,416,218,0.97995126,-1,-1,-1
00397,1,650,719,255,156,0.9794571,-1,-1,-1
00397,1,272,842,201,173,0.94439995,-1,-1,-1
00397,1,456,702,114,84,0.83500373,-1,-1,-1
00397,1,550,692,120,111,0.83430076,-1,-1,-1
00398,1,639,703,237,161,0.987812,-1,-1,-1
00398,1,1181,665,416,218,0.9795725,-1,-1,-1
00398,1,272,842,201,173,0.9454438,-1,-1,-1
00398,1,551,692,117,110,0.87440026,-1,-1,-1
00398,1,455,701,115,86,0.82165885,-1,-1,-1
00399,1,1181,665,416,218,0.9796795,-1,-1,-1
00399,1,635,706,213,156,0.97810364,-1,-1,-1
00399,1,272,842,201,174,0.9447732,-1,-1,-1
00399,1,552,691,116,112,0.8721393,-1,-1,-1
00399,1,454,700,115,88,0.8115041,-1,-1,-1
00400,1,1181,665,416,218,0.98002064,-1,-1,-1
00400,1,607,712,228,152,0.96141815,-1,-1,-1
00400,1,273,843,200,172,0.9445984,-1,-1,-1
00400,1,1953,788,608,440,0.9195516,-1,-1,-1
00400,1,455,701,113,86,0.8647684,-1,-1,-1
00400,1,551,690,120,113,0.71870077,-1,-1,-1
00401,1,1181,665,416,218,0.9780367,-1,-1,-1
00401,1,601,707,213,154,0.9720157,-1,-1,-1
00401,1,273,842,200,174,0.94534737,-1,-1,-1
00401,1,1768,755,793,495,0.94490665,-1,-1,-1
00401,1,454,701,114,86,0.8786714,-1,-1,-1
00402,1,585,713,212,146,0.98769253,-1,-1,-1
00402,1,1642,726,819,442,0.97714657,-1,-1,-1
00402,1,1183,666,412,217,0.9750693,-1,-1,-1
00402,1,272,842,201,174,0.9482695,-1,-1,-1
00402,1,455,702,112,86,0.90663236,-1,-1,-1
00402,1,733,693,191,121,0.8342279,-1,-1,-1
00403,1,1520,736,680,393,0.99297345,-1,-1,-1
00403,1,582,714,193,143,0.9786695,-1,-1,-1
00403,1,1184,666,411,217,0.9623646,-1,-1,-1
00403,1,266,843,208,177,0.94860095,-1,-1,-1
00403,1,730,691,186,120,0.93644065,-1,-1,-1
00403,1,454,701,113,86,0.8896829,-1,-1,-1
00404,1,1376,740,649,349,0.98944867,-1,-1,-1
00404,1,575,709,183,141,0.9865813,-1,-1,-1
00404,1,1180,666,419,220,0.9531268,-1,-1,-1
00404,1,274,841,199,173,0.9285093,-1,-1,-1
00404,1,731,689,186,122,0.9202711,-1,-1,-1
00404,1,454,701,114,85,0.8897087,-1,-1,-1
00405,1,558,701,192,152,0.9849777,-1,-1,-1
00405,1,1291,734,586,325,0.98361444,-1,-1,-1
00405,1,274,841,199,173,0.9315911,-1,-1,-1
00405,1,733,689,185,122,0.9254382,-1,-1,-1
00405,1,454,701,115,84,0.85893714,-1,-1,-1
00405,1,1203,665,394,213,0.8544868,-1,-1,-1
00406,1,554,697,182,156,0.9860573,-1,-1,-1
00406,1,734,691,184,123,0.96720016,-1,-1,-1
00406,1,274,841,199,174,0.9335755,-1,-1,-1
00406,1,1173,720,546,317,0.87094283,-1,-1,-1
00406,1,453,700,116,85,0.8339071,-1,-1,-1
00407,1,730,693,186,121,0.9815136,-1,-1,-1
00407,1,545,700,182,147,0.97605157,-1,-1,-1
00407,1,274,841,199,174,0.9363347,-1,-1,-1
00407,1,1108,722,513,282,0.9301926,-1,-1,-1
00407,1,453,698,116,87,0.7862517,-1,-1,-1
00408,1,536,704,178,141,0.96745735,-1,-1,-1
00408,1,1034,721,500,278,0.9539153,-1,-1,-1
00408,1,739,688,184,127,0.9450019,-1,-1,-1
00408,1,274,841,199,173,0.9321005,-1,-1,-1
00409,1,994,730,422,242,0.99207205,-1,-1,-1
00409,1,533,703,171,137,0.9856155,-1,-1,-1
00409,1,741,684,175,128,0.9270134,-1,-1,-1
00409,1,274,842,198,171,0.91712904,-1,-1,-1
00410,1,946,726,390,232,0.99663156,-1,-1,-1
00410,1,526,710,159,133,0.9436043,-1,-1,-1
00410,1,267,844,205,174,0.92121655,-1,-1,-1
00410,1,1217,668,378,215,0.9060238,-1,-1,-1
00410,1,740,688,180,128,0.88591576,-1,-1,-1
00411,1,904,727,363,221,0.99632865,-1,-1,-1
00411,1,517,711,158,129,0.95280147,-1,-1,-1
00411,1,1191,669,401,211,0.9517077,-1,-1,-1
00411,1,274,843,198,171,0.9227095,-1,-1,-1
00411,1,738,689,182,124,0.8483495,-1,-1,-1
00412,1,870,723,326,208,0.9925659,-1,-1,-1
00412,1,1176,665,420,220,0.9781596,-1,-1,-1
00412,1,274,843,198,171,0.9230763,-1,-1,-1
00412,1,738,690,180,121,0.9159125,-1,-1,-1
00412,1,502,702,164,136,0.8788055,-1,-1,-1
00413,1,836,728,302,200,0.9897859,-1,-1,-1
00413,1,1200,670,402,212,0.98353124,-1,-1,-1
00413,1,736,689,188,124,0.9269399,-1,-1,-1
00413,1,274,843,199,171,0.9231318,-1,-1,-1
00413,1,500,706,155,130,0.89929545,-1,-1,-1
00414,1,800,729,282,192,0.9968162,-1,-1,-1
00414,1,1202,668,395,212,0.98310107,-1,-1,-1
00414,1,494,703,155,135,0.96252394,-1,-1,-1
00414,1,268,845,207,173,0.94208443,-1,-1,-1
00414,1,741,693,183,121,0.81024206,-1,-1,-1
00415,1,773,727,278,184,0.9936633,-1,-1,-1
00415,1,1202,668,393,212,0.9785532,-1,-1,-1
00415,1,481,709,169,122,0.95099103,-1,-1,-1
00415,1,268,845,208,173,0.94321126,-1,-1,-1
00415,1,751,694,193,132,0.77319825,-1,-1,-1
00416,1,741,722,269,178,0.9871802,-1,-1,-1
00416,1,1181,665,417,219,0.97575665,-1,-1,-1
00416,1,268,845,207,173,0.94114184,-1,-1,-1
00416,1,475,705,154,125,0.92145616,-1,-1,-1
00417,1,724,716,243,171,0.99043185,-1,-1,-1
00417,1,1181,665,417,219,0.97632694,-1,-1,-1
00417,1,469,706,153,127,0.94474745,-1,-1,-1
00417,1,268,844,208,174,0.94306284,-1,-1,-1
00418,1,463,716,140,109,0.98400337,-1,-1,-1
00418,1,713,716,222,165,0.9826936,-1,-1,-1
00418,1,1181,665,418,219,0.9763941,-1,-1,-1
00418,1,268,844,208,174,0.9422223,-1,-1,-1
00419,1,686,725,234,156,0.9892113,-1,-1,-1
00419,1,459,716,139,107,0.97851014,-1,-1,-1
00419,1,1181,665,418,219,0.9772021,-1,-1,-1
00419,1,268,845,208,173,0.94157505,-1,-1,-1
00420,1,664,727,228,153,0.99282223,-1,-1,-1
00420,1,1181,665,418,219,0.97726715,-1,-1,-1
00420,1,453,716,138,105,0.9647258,-1,-1,-1
00420,1,268,845,208,173,0.9404186,-1,-1,-1
00421,1,654,722,212,154,0.9865376,-1,-1,-1
00421,1,1180,664,418,219,0.97627175,-1,-1,-1
00421,1,450,715,130,104,0.9688487,-1,-1,-1
00421,1,268,844,207,176,0.95278305,-1,-1,-1
00422,1,628,724,212,148,0.9844028,-1,-1,-1
00422,1,1180,664,418,219,0.97626424,-1,-1,-1
00422,1,443,711,131,107,0.9720024,-1,-1,-1
00422,1,268,844,208,176,0.9530548,-1,-1,-1
00423,1,612,716,205,153,0.99374807,-1,-1,-1
00423,1,1180,664,418,219,0.9761712,-1,-1,-1
00423,1,438,708,131,109,0.9686872,-1,-1,-1
00423,1,268,844,208,176,0.9555124,-1,-1,-1
00424,1,604,715,195,153,0.9825026,-1,-1,-1
00424,1,1180,664,417,219,0.976014,-1,-1,-1
00424,1,435,707,127,110,0.9676893,-1,-1,-1
00424,1,268,844,207,176,0.9576334,-1,-1,-1
00424,1,735,694,186,124,0.7216067,-1,-1,-1
00425,1,591,720,186,140,0.9887476,-1,-1,-1
00425,1,1180,664,417,219,0.9759295,-1,-1,-1
00425,1,430,706,129,108,0.96725154,-1,-1,-1
00425,1,268,844,207,176,0.9579501,-1,-1,-1
00425,1,733,692,183,120,0.9335676,-1,-1,-1
00426,1,1180,664,417,219,0.9759981,-1,-1,-1
00426,1,588,711,170,152,0.9683611,-1,-1,-1
00426,1,268,844,207,176,0.959745,-1,-1,-1
00426,1,427,704,134,110,0.959291,-1,-1,-1
00426,1,733,692,184,118,0.9304851,-1,-1,-1
00427,1,562,707,182,147,0.9882675,-1,-1,-1
00427,1,1180,664,418,219,0.97639114,-1,-1,-1
00427,1,268,844,207,176,0.95882684,-1,-1,-1
00427,1,424,702,137,115,0.95358986,-1,-1,-1
00427,1,733,690,183,122,0.93252057,-1,-1,-1
00428,1,556,703,181,147,0.9889437,-1,-1,-1
00428,1,1180,664,418,219,0.97651064,-1,-1,-1
00428,1,268,844,208,176,0.9588416,-1,-1,-1
00428,1,740,692,180,124,0.93247455,-1,-1,-1
00428,1,421,705,132,111,0.90102106,-1,-1,-1
00429,1,546,699,176,152,0.9925748,-1,-1,-1
00429,1,1180,664,417,219,0.9766506,-1,-1,-1
00429,1,742,691,178,124,0.96089,-1,-1,-1
00429,1,268,844,208,176,0.9584259,-1,-1,-1
00429,1,414,708,130,105,0.91212344,-1,-1,-1
00430,1,532,709,171,140,0.9860087,-1,-1,-1
00430,1,1180,664,417,219,0.9766383,-1,-1,-1
00430,1,742,690,177,126,0.96270037,-1,-1,-1
00430,1,268,844,208,176,0.9581947,-1,-1,-1
00430,1,409,708,126,104,0.780389,-1,-1,-1
00431,1,527,710,165,137,0.9870999,-1,-1,-1
00431,1,1180,664,417,219,0.97687554,-1,-1,-1
00431,1,268,845,207,176,0.9578101,-1,-1,-1
00431,1,742,690,177,125,0.9568822,-1,-1,-1
00431,1,406,710,123,101,0.77834904,-1,-1,-1
00432,1,736,694,180,121,0.98404425,-1,-1,-1
00432,1,1179,664,418,219,0.9767726,-1,-1,-1
00432,1,515,708,155,133,0.97308886,-1,-1,-1
00432,1,268,844,207,177,0.9587362,-1,-1,-1
00432,1,404,711,116,99,0.89940596,-1,-1,-1
00433,1,736,694,179,121,0.98518544,-1,-1,-1
00433,1,1180,664,417,220,0.97750455,-1,-1,-1
00433,1,268,845,207,175,0.95395356,-1,-1,-1
00433,1,507,710,155,132,0.9488957,-1,-1,-1
00433,1,402,710,114,100,0.8960729,-1,-1,-1
00434,1,736,694,180,121,0.9845323,-1,-1,-1
00434,1,1180,664,417,220,0.9776334,-1,-1,-1
00434,1,494,704,169,137,0.968177,-1,-1,-1
00434,1,268,844,207,177,0.9535693,-1,-1,-1
00434,1,399,711,116,96,0.9114705,-1,-1,-1
00435,1,735,694,181,121,0.9856241,-1,-1,-1
00435,1,1179,664,418,220,0.97757226,-1,-1,-1
00435,1,494,703,163,135,0.96550417,-1,-1,-1
00435,1,268,845,207,175,0.95224804,-1,-1,-1
00435,1,394,709,117,98,0.82535803,-1,-1,-1
00436,1,736,693,181,122,0.9851495,-1,-1,-1
00436,1,1180,664,417,220,0.9775828,-1,-1,-1
00436,1,485,708,160,129,0.958115,-1,-1,-1
00436,1,268,844,207,176,0.9522559,-1,-1,-1
00436,1,389,711,122,94,0.7609063,-1,-1,-1
00437,1,1180,664,417,220,0.9775529,-1,-1,-1
00437,1,479,715,144,117,0.9651801,-1,-1,-1
00437,1,741,688,178,128,0.9581863,-1,-1,-1
00437,1,268,845,207,175,0.95041317,-1,-1,-1
00437,1,386,711,125,93,0.77456355,-1,-1,-1
00438,1,1180,664,417,220,0.977431,-1,-1,-1
00438,1,469,717,146,114,0.96416336,-1,-1,-1
00438,1,741,688,178,128,0.95614946,-1,-1,-1
00438,1,267,845,208,175,0.94790345,-1,-1,-1
00439,1,735,693,182,122,0.98732054,-1,-1,-1
00439,1,1180,664,417,219,0.9776999,-1,-1,-1
00439,1,465,719,139,108,0.9672426,-1,-1,-1
00439,1,267,845,208,175,0.9481337,-1,-1,-1
00440,1,736,693,181,122,0.98758245,-1,-1,-1
00440,1,1180,664,417,220,0.97766113,-1,-1,-1
00440,1,457,718,140,105,0.9640231,-1,-1,-1
00440,1,267,845,208,175,0.9505103,-1,-1,-1
00441,1,736,693,181,122,0.9873417,-1,-1,-1
00441,1,1180,664,417,220,0.97759163,-1,-1,-1
00441,1,267,844,207,176,0.9491208,-1,-1,-1
00441,1,450,710,144,113,0.94072884,-1,-1,-1
00442,1,735,692,182,123,0.98634434,-1,-1,-1
00442,1,1180,664,417,220,0.9777931,-1,-1,-1
00442,1,446,711,134,108,0.9634904,-1,-1,-1
00442,1,267,845,207,175,0.9505644,-1,-1,-1
00443,1,735,692,182,123,0.98581636,-1,-1,-1
00443,1,1180,664,417,220,0.97786236,-1,-1,-1
00443,1,267,844,207,176,0.95110714,-1,-1,-1
00443,1,439,709,136,110,0.94331175,-1,-1,-1
00444,1,734,692,183,123,0.98596513,-1,-1,-1
00444,1,1180,664,417,220,0.97787756,-1,-1,-1
00444,1,434,702,133,119,0.9607982,-1,-1,-1
00444,1,267,844,207,176,0.95270276,-1,-1,-1
00444,1,546,691,124,112,0.7718329,-1,-1,-1
00445,1,734,692,183,123,0.9833104,-1,-1,-1
00445,1,1180,664,416,220,0.97755563,-1,-1,-1
00445,1,426,701,140,118,0.9596901,-1,-1,-1
00445,1,267,844,208,176,0.95531994,-1,-1,-1
00445,1,596,695,155,111,0.71481997,-1,-1,-1
00446,1,735,692,182,123,0.98284113,-1,-1,-1
00446,1,1180,664,417,220,0.97759366,-1,-1,-1
00446,1,267,844,208,176,0.9549553,-1,-1,-1
00446,1,426,701,136,115,0.9440331,-1,-1,-1
00446,1,596,695,155,111,0.7259122,-1,-1,-1
00447,1,735,692,182,122,0.980809,-1,-1,-1
00447,1,1180,664,417,220,0.97759354,-1,-1,-1
00447,1,267,845,208,174,0.9555983,-1,-1,-1
00447,1,424,700,136,118,0.86971074,-1,-1,-1
00447,1,597,695,153,111,0.74994564,-1,-1,-1
00448,1,736,690,182,125,0.98100084,-1,-1,-1
00448,1,1180,664,417,220,0.97755206,-1,-1,-1
00448,1,267,844,208,176,0.9557579,-1,-1,-1
00448,1,597,695,153,111,0.76705736,-1,-1,-1
00449,1,736,690,182,125,0.9810019,-1,-1,-1
00449,1,1180,664,417,220,0.9776252,-1,-1,-1
00449,1,267,844,208,176,0.955266,-1,-1,-1
00449,1,597,695,153,112,0.7654545,-1,-1,-1
00450,1,735,692,183,123,0.97989345,-1,-1,-1
00450,1,1180,664,417,220,0.9777158,-1,-1,-1
00450,1,267,844,208,175,0.9525721,-1,-1,-1
00450,1,597,695,153,112,0.78148174,-1,-1,-1
00451,1,736,690,182,125,0.9806801,-1,-1,-1
00451,1,1180,664,417,220,0.9774664,-1,-1,-1
00451,1,267,844,208,176,0.9525162,-1,-1,-1
00451,1,597,694,153,113,0.7838754,-1,-1,-1
00452,1,736,690,182,125,0.98075783,-1,-1,-1
00452,1,1180,664,417,220,0.977539,-1,-1,-1
00452,1,267,844,209,176,0.95095944,-1,-1,-1
00452,1,597,694,153,113,0.77124447,-1,-1,-1
00453,1,736,690,182,125,0.9807633,-1,-1,-1
00453,1,1180,664,417,220,0.97754854,-1,-1,-1
00453,1,267,844,208,176,0.95158005,-1,-1,-1
00453,1,597,694,153,113,0.7743183,-1,-1,-1
00454,1,735,692,182,123,0.9799724,-1,-1,-1
00454,1,1180,664,417,220,0.97745866,-1,-1,-1
00454,1,267,845,208,175,0.9505409,-1,-1,-1
00454,1,598,694,151,113,0.78861195,-1,-1,-1
00455,1,736,690,182,125,0.98093355,-1,-1,-1
00455,1,1180,664,417,220,0.977771,-1,-1,-1
00455,1,267,845,208,175,0.95077115,-1,-1,-1
00455,1,597,694,152,113,0.78987354,-1,-1,-1
00456,1,735,692,182,123,0.97983724,-1,-1,-1
00456,1,1180,664,417,220,0.97785586,-1,-1,-1
00456,1,267,845,208,174,0.9505469,-1,-1,-1
00456,1,597,694,152,113,0.7886542,-1,-1,-1
00457,1,735,692,182,123,0.9825897,-1,-1,-1
00457,1,1180,665,416,219,0.9775662,-1,-1,-1
00457,1,267,845,208,175,0.94881845,-1,-1,-1
00457,1,598,694,151,113,0.7810959,-1,-1,-1
00458,1,735,692,182,123,0.9825717,-1,-1,-1
00458,1,1180,665,416,219,0.977394,-1,-1,-1
00458,1,267,845,208,175,0.94895387,-1,-1,-1
00458,1,598,694,151,113,0.7819678,-1,-1,-1
00459,1,1180,665,416,219,0.977432,-1,-1,-1
00459,1,741,687,179,129,0.95494777,-1,-1,-1
00459,1,267,845,208,175,0.9489908,-1,-1,-1
00459,1,597,694,152,113,0.7766496,-1,-1,-1
00460,1,1180,665,416,219,0.97737736,-1,-1,-1
00460,1,741,688,179,128,0.9548576,-1,-1,-1
00460,1,267,845,208,175,0.9501526,-1,-1,-1
00460,1,597,694,152,113,0.7735863,-1,-1,-1
00460,1,369,709,131,93,0.70373553,-1,-1,-1
00461,1,1180,665,416,219,0.9774571,-1,-1,-1
00461,1,740,687,180,129,0.9541173,-1,-1,-1
00461,1,267,845,208,175,0.95124495,-1,-1,-1
00461,1,597,694,153,113,0.7718739,-1,-1,-1
00461,1,370,709,125,94,0.72574365,-1,-1,-1
00462,1,1180,665,416,219,0.97746277,-1,-1,-1
00462,1,740,687,180,129,0.95497864,-1,-1,-1
00462,1,273,843,200,174,0.9504556,-1,-1,-1
00462,1,597,694,152,113,0.77373207,-1,-1,-1
00463,1,1180,665,416,219,0.9775955,-1,-1,-1
00463,1,741,687,179,129,0.95533156,-1,-1,-1
00463,1,267,845,208,175,0.94728965,-1,-1,-1
00463,1,597,694,152,113,0.7856289,-1,-1,-1
00464,1,1180,665,416,219,0.9776389,-1,-1,-1
00464,1,741,688,179,128,0.95452195,-1,-1,-1
00464,1,273,843,201,174,0.9476107,-1,-1,-1
00464,1,597,694,152,113,0.7879942,-1,-1,-1
00465,1,1180,665,416,219,0.97761977,-1,-1,-1
00465,1,741,688,179,128,0.954675,-1,-1,-1
00465,1,273,843,200,174,0.9485413,-1,-1,-1
00465,1,548,689,124,113,0.80156815,-1,-1,-1
00466,1,1180,665,416,219,0.97757477,-1,-1,-1
00466,1,741,688,179,128,0.9551413,-1,-1,-1
00466,1,273,843,201,174,0.9481711,-1,-1,-1
00466,1,548,689,125,113,0.8059769,-1,-1,-1
00467,1,1180,665,416,219,0.97744626,-1,-1,-1
00467,1,741,688,179,128,0.9569719,-1,-1,-1
00467,1,272,843,202,175,0.9514546,-1,-1,-1
00467,1,548,689,125,113,0.80678713,-1,-1,-1
00468,1,1180,665,416,219,0.9774763,-1,-1,-1
00468,1,741,688,179,128,0.95687443,-1,-1,-1
00468,1,272,842,202,176,0.95102185,-1,-1,-1
00468,1,548,689,125,113,0.82113737,-1,-1,-1
00469,1,1179,665,417,219,0.9776044,-1,-1,-1
00469,1,272,842,202,176,0.9548233,-1,-1,-1
00469,1,741,688,179,128,0.9546926,-1,-1,-1
00469,1,548,689,125,113,0.81601584,-1,-1,-1
00470,1,1179,665,417,219,0.97754776,-1,-1,-1
00470,1,272,842,202,176,0.9549681,-1,-1,-1
00470,1,741,688,179,128,0.95308703,-1,-1,-1
00470,1,548,689,125,113,0.79696095,-1,-1,-1
00471,1,1179,665,417,219,0.9774735,-1,-1,-1
00471,1,272,842,202,176,0.9530472,-1,-1,-1
00471,1,741,688,179,128,0.9511482,-1,-1,-1
00471,1,548,689,125,113,0.79218197,-1,-1,-1
00472,1,1179,665,417,219,0.97757703,-1,-1,-1
00472,1,272,842,201,176,0.9536693,-1,-1,-1
00472,1,741,688,179,128,0.95131487,-1,-1,-1
00472,1,548,689,125,113,0.7945803,-1,-1,-1
00473,1,1179,665,417,219,0.97771764,-1,-1,-1
00473,1,272,842,202,176,0.9531583,-1,-1,-1
00473,1,740,688,180,128,0.95100456,-1,-1,-1
00473,1,548,688,125,114,0.8038254,-1,-1,-1
