00001,1,1629,367,292,259,0.973083,-1,-1,-1
00001,1,827,77,172,110,0.8803572,-1,-1,-1
00001,1,1152,40,172,120,0.7977392,-1,-1,-1
00002,1,1613,366,308,263,0.9170623,-1,-1,-1
00002,1,826,78,174,110,0.9087863,-1,-1,-1
00002,1,1157,39,167,114,0.8408983,-1,-1,-1
00003,1,1598,360,323,266,0.9675345,-1,-1,-1
00003,1,807,76,204,113,0.90435654,-1,-1,-1
00003,1,1150,40,169,114,0.8119225,-1,-1,-1
00004,1,1577,351,344,274,0.9700022,-1,-1,-1
00004,1,808,76,200,113,0.92982596,-1,-1,-1
00004,1,1149,40,171,114,0.81327766,-1,-1,-1
00005,1,808,76,200,113,0.9243421,-1,-1,-1
00005,1,1549,341,372,291,0.91050714,-1,-1,-1
00005,1,1150,40,170,114,0.80088127,-1,-1,-1
00006,1,827,79,171,108,0.93438494,-1,-1,-1
00006,1,1530,350,391,279,0.88132143,-1,-1,-1
00006,1,1148,39,171,115,0.8239452,-1,-1,-1
00007,1,1511,340,410,287,0.97938687,-1,-1,-1
00007,1,825,79,172,109,0.92445356,-1,-1,-1
00007,1,1152,41,168,113,0.862068,-1,-1,-1
00008,1,1512,325,409,311,0.9847589,-1,-1,-1
00008,1,1158,40,165,113,0.88948005,-1,-1,-1
00008,1,806,76,202,113,0.8861045,-1,-1,-1
00009,1,1485,319,436,316,0.9846334,-1,-1,-1
00009,1,825,78,173,109,0.9217742,-1,-1,-1
00009,1,1157,40,167,113,0.88968664,-1,-1,-1
00010,1,1442,316,476,314,0.97871643,-1,-1,-1
00010,1,806,76,201,113,0.89109176,-1,-1,-1
00010,1,1152,41,168,112,0.83669215,-1,-1,-1
00011,1,1438,310,476,312,0.9857603,-1,-1,-1
00011,1,825,77,177,110,0.9148465,-1,-1,-1
00011,1,1157,37,166,114,0.7821541,-1,-1,-1
00012,1,1405,310,511,304,0.9837017,-1,-1,-1
00012,1,825,78,177,109,0.9165957,-1,-1,-1
00012,1,1151,41,169,113,0.7779491,-1,-1,-1
00013,1,1394,291,519,329,0.985965,-1,-1,-1
00013,1,824,79,179,109,0.93593997,-1,-1,-1
00013,1,1152,40,167,114,0.8068791,-1,-1,-1
00014,1,1368,291,525,326,0.9881309,-1,-1,-1
00014,1,824,79,179,108,0.9375955,-1,-1,-1
00014,1,1152,40,167,114,0.7810813,-1,-1,-1
00015,1,1333,291,526,319,0.98550135,-1,-1,-1
00015,1,810,75,203,116,0.96049964,-1,-1,-1
00015,1,1152,48,165,109,0.7241766,-1,-1,-1
00016,1,1279,284,537,319,0.9871551,-1,-1,-1
00016,1,825,78,179,110,0.93701583,-1,-1,-1
00016,1,1151,48,167,110,0.7539751,-1,-1,-1
00017,1,1244,284,545,311,0.9883117,-1,-1,-1
00017,1,824,78,181,110,0.9363312,-1,-1,-1
00017,1,1150,48,168,109,0.77394813,-1,-1,-1
00018,1,1226,269,539,312,0.98763496,-1,-1,-1
00018,1,824,78,180,110,0.9344781,-1,-1,-1
00018,1,1150,48,167,109,0.7858129,-1,-1,-1
00019,1,1203,259,537,317,0.9872248,-1,-1,-1
00019,1,824,78,180,110,0.93605274,-1,-1,-1
00019,1,1157,37,168,115,0.77677095,-1,-1,-1
00020,1,1182,265,517,294,0.99045116,-1,-1,-1
00020,1,824,78,181,110,0.9346171,-1,-1,-1
00020,1,1157,38,168,114,0.7713607,-1,-1,-1
00021,1,1140,255,517,306,0.9857303,-1,-1,-1
00021,1,805,76,202,112,0.9581659,-1,-1,-1
00021,1,1155,43,166,112,0.7585096,-1,-1,-1
00022,1,1116,252,495,284,0.99086,-1,-1,-1
00022,1,805,76,201,112,0.95541775,-1,-1,-1
00023,1,1085,255,494,269,0.992864,-1,-1,-1
00023,1,804,76,202,112,0.95154774,-1,-1,-1
00023,1,1161,56,163,98,0.70195925,-1,-1,-1
00024,1,1039,246,515,279,0.9955303,-1,-1,-1
00024,1,805,76,202,112,0.94922394,-1,-1,-1
00024,1,1158,43,163,112,0.73875296,-1,-1,-1
00025,1,1003,239,498,277,0.99196386,-1,-1,-1
00025,1,825,77,176,110,0.91491723,-1,-1,-1
00025,1,1156,43,163,110,0.8292983,-1,-1,-1
00026,1,967,244,507,266,0.9932469,-1,-1,-1
00026,1,825,77,175,110,0.9120843,-1,-1,-1
00026,1,1157,42,162,111,0.78683066,-1,-1,-1
00027,1,943,236,497,265,0.99132466,-1,-1,-1
00027,1,825,77,175,109,0.8928733,-1,-1,-1
00027,1,1156,43,163,110,0.731311,-1,-1,-1
00028,1,916,229,484,265,0.99152726,-1,-1,-1
00028,1,824,78,176,108,0.89201677,-1,-1,-1
00029,1,888,224,489,261,0.99757856,-1,-1,-1
00029,1,823,78,175,108,0.8717716,-1,-1,-1
00030,1,854,222,482,253,0.9966785,-1,-1,-1
00030,1,822,77,178,109,0.8852293,-1,-1,-1
00030,1,1156,41,162,111,0.7227119,-1,-1,-1
00031,1,830,220,453,246,0.9941492,-1,-1,-1
00031,1,824,77,177,111,0.8888515,-1,-1,-1
00031,1,1158,41,165,112,0.74402016,-1,-1,-1
00032,1,810,215,451,235,0.9898976,-1,-1,-1
00032,1,823,76,179,112,0.8669759,-1,-1,-1
00032,1,1167,57,154,96,0.78154,-1,-1,-1
00033,1,768,217,452,228,0.9876722,-1,-1,-1
00033,1,824,77,178,111,0.84774536,-1,-1,-1
00033,1,1158,40,165,113,0.743709,-1,-1,-1
00034,1,747,212,438,228,0.98043585,-1,-1,-1
00034,1,812,76,195,112,0.8936461,-1,-1,-1
00034,1,1154,41,176,119,0.8196598,-1,-1,-1
00035,1,718,204,421,228,0.9884533,-1,-1,-1
00035,1,810,77,197,112,0.88767964,-1,-1,-1
00035,1,1154,42,175,119,0.8755449,-1,-1,-1
00036,1,692,208,410,220,0.98469466,-1,-1,-1
00036,1,1154,41,175,120,0.87358874,-1,-1,-1
00036,1,809,77,211,110,0.7339515,-1,-1,-1
00037,1,644,201,402,222,0.98389035,-1,-1,-1
00037,1,1155,41,174,120,0.8683739,-1,-1,-1
00037,1,813,77,207,111,0.78903973,-1,-1,-1
00038,1,614,192,408,228,0.9931599,-1,-1,-1
00038,1,814,78,212,109,0.7982837,-1,-1,-1
00038,1,1153,40,177,119,0.779417,-1,-1,-1
00039,1,594,197,377,213,0.99063665,-1,-1,-1
00039,1,1161,38,162,116,0.8197716,-1,-1,-1
00039,1,818,79,208,108,0.8101879,-1,-1,-1
00040,1,565,191,382,212,0.992455,-1,-1,-1
00040,1,1161,38,162,116,0.823376,-1,-1,-1
00040,1,818,79,207,107,0.8105535,-1,-1,-1
00041,1,531,189,381,204,0.9920229,-1,-1,-1
00041,1,817,77,195,112,0.8491173,-1,-1,-1
00041,1,1156,40,174,119,0.83669496,-1,-1,-1
00042,1,511,184,378,202,0.99291384,-1,-1,-1
00042,1,825,78,176,108,0.88092905,-1,-1,-1
00042,1,1156,40,174,119,0.8352197,-1,-1,-1
00043,1,485,184,367,197,0.9901197,-1,-1,-1
00043,1,825,78,177,108,0.8881219,-1,-1,-1
00043,1,1156,40,174,119,0.8279051,-1,-1,-1
00044,1,464,180,363,196,0.9879556,-1,-1,-1
00044,1,825,78,175,107,0.892645,-1,-1,-1
00044,1,1156,41,174,118,0.83539116,-1,-1,-1
00045,1,444,179,341,191,0.9879518,-1,-1,-1
00045,1,825,77,177,109,0.91577953,-1,-1,-1
00045,1,1155,40,174,118,0.79528534,-1,-1,-1
00046,1,429,181,317,181,0.993838,-1,-1,-1
00046,1,824,77,178,107,0.8650306,-1,-1,-1
00046,1,1164,37,157,116,0.8042227,-1,-1,-1
00047,1,400,181,320,180,0.98904616,-1,-1,-1
00047,1,825,77,177,107,0.86807615,-1,-1,-1
00047,1,1155,41,173,118,0.8191309,-1,-1,-1
00048,1,376,179,324,177,0.9901946,-1,-1,-1
00048,1,1165,38,154,118,0.8835643,-1,-1,-1
00048,1,812,75,200,115,0.8827693,-1,-1,-1
00049,1,367,174,285,177,0.99209994,-1,-1,-1
00049,1,825,78,175,107,0.87314063,-1,-1,-1
00049,1,1157,42,168,118,0.85005045,-1,-1,-1
00050,1,342,181,294,168,0.99216884,-1,-1,-1
00050,1,1158,42,167,118,0.8599913,-1,-1,-1
00050,1,826,78,174,107,0.8506918,-1,-1,-1
00051,1,318,178,296,166,0.99332327,-1,-1,-1
00051,1,825,79,172,107,0.85189056,-1,-1,-1
00051,1,1161,47,156,111,0.7377506,-1,-1,-1
00052,1,311,175,259,158,0.9892356,-1,-1,-1
00052,1,825,78,172,108,0.85734725,-1,-1,-1
00052,1,1161,47,156,111,0.7282643,-1,-1,-1
00053,1,289,174,267,152,0.9909876,-1,-1,-1
00053,1,825,78,172,108,0.87128866,-1,-1,-1
00053,1,1161,47,156,111,0.7412127,-1,-1,-1
00054,1,276,170,256,154,0.9870862,-1,-1,-1
00054,1,825,78,172,108,0.87423944,-1,-1,-1
00054,1,1161,47,155,111,0.75387543,-1,-1,-1
00055,1,259,173,255,150,0.98485094,-1,-1,-1
00055,1,826,80,170,106,0.89831066,-1,-1,-1
00055,1,1161,47,155,110,0.7518931,-1,-1,-1
00056,1,240,172,249,144,0.98589826,-1,-1,-1
00056,1,827,80,169,106,0.8893207,-1,-1,-1
00056,1,1161,48,155,109,0.7372634,-1,-1,-1
00057,1,230,170,232,139,0.9711447,-1,-1,-1
00057,1,826,80,170,106,0.8914543,-1,-1,-1
00057,1,1161,47,155,110,0.7318296,-1,-1,-1
00058,1,216,168,221,138,0.9832313,-1,-1,-1
00058,1,825,79,171,107,0.8895539,-1,-1,-1
00058,1,1161,47,155,110,0.732534,-1,-1,-1
00059,1,198,169,219,132,0.98697066,-1,-1,-1
00059,1,825,79,171,107,0.898433,-1,-1,-1
00059,1,1161,47,155,110,0.7408655,-1,-1,-1
00060,1,187,168,210,133,0.9729427,-1,-1,-1
00060,1,822,79,172,109,0.88497573,-1,-1,-1
00060,1,1161,47,155,111,0.75443095,-1,-1,-1
00061,1,172,166,208,134,0.9873445,-1,-1,-1
00061,1,810,76,198,114,0.92148906,-1,-1,-1
00061,1,1162,49,156,109,0.7922542,-1,-1,-1
00062,1,159,168,207,126,0.9865464,-1,-1,-1
00062,1,809,76,199,114,0.91757375,-1,-1,-1
00062,1,1162,49,156,109,0.79419607,-1,-1,-1
00063,1,147,169,205,123,0.9905669,-1,-1,-1
00063,1,809,76,199,113,0.9162572,-1,-1,-1
00063,1,1162,48,156,110,0.7862435,-1,-1,-1
00064,1,132,168,198,121,0.9830579,-1,-1,-1
00064,1,810,77,198,112,0.91442263,-1,-1,-1
00064,1,1162,48,156,110,0.7896193,-1,-1,-1
00065,1,119,163,194,122,0.9868111,-1,-1,-1
00065,1,812,77,197,112,0.89447516,-1,-1,-1
00065,1,1162,48,156,110,0.78127736,-1,-1,-1
00066,1,109,167,187,115,0.978949,-1,-1,-1
00066,1,810,77,199,113,0.90277725,-1,-1,-1
00066,1,1162,48,156,110,0.7724054,-1,-1,-1
00067,1,105,166,177,115,0.9908188,-1,-1,-1
00067,1,811,77,199,113,0.903232,-1,-1,-1
00067,1,1162,48,156,110,0.77030784,-1,-1,-1
00068,1,88,166,181,112,0.9921367,-1,-1,-1
00068,1,824,79,177,109,0.9186674,-1,-1,-1
00068,1,1162,48,156,110,0.7656554,-1,-1,-1
00069,1,85,167,165,109,0.9884404,-1,-1,-1
00069,1,823,78,180,109,0.93667465,-1,-1,-1
00069,1,1162,49,156,109,0.7793514,-1,-1,-1
00070,1,72,167,171,109,0.9909402,-1,-1,-1
00070,1,824,78,179,109,0.92955405,-1,-1,-1
00070,1,1162,48,156,110,0.78162503,-1,-1,-1
00071,1,69,165,158,110,0.9802287,-1,-1,-1
00071,1,824,78,177,109,0.8891809,-1,-1,-1
00071,1,1164,49,153,109,0.7800378,-1,-1,-1
00072,1,55,164,158,110,0.98002785,-1,-1,-1
00072,1,824,78,177,109,0.88652056,-1,-1,-1
00072,1,1164,49,153,110,0.7820258,-1,-1,-1
00073,1,41,166,156,104,0.95533895,-1,-1,-1
00073,1,809,76,204,114,0.9325656,-1,-1,-1
00073,1,1154,39,165,116,0.8664845,-1,-1,-1
00074,1,30,163,151,105,0.9279861,-1,-1,-1
00074,1,825,79,176,108,0.8868588,-1,-1,-1
00074,1,1155,39,164,115,0.8630717,-1,-1,-1
00075,1,20,160,156,106,0.925529,-1,-1,-1
00075,1,825,78,178,108,0.90436643,-1,-1,-1
00075,1,1155,39,164,115,0.86145955,-1,-1,-1
00076,1,810,76,204,114,0.92777586,-1,-1,-1
00076,1,16,161,143,106,0.9184794,-1,-1,-1
00076,1,1154,39,165,115,0.8614195,-1,-1,-1
00077,1,809,76,205,113,0.9374713,-1,-1,-1
00077,1,2,161,151,103,0.8550032,-1,-1,-1
00077,1,1154,38,165,116,0.85071325,-1,-1,-1
00078,1,810,76,202,113,0.9433533,-1,-1,-1
00078,1,1154,39,165,115,0.8481223,-1,-1,-1
00078,1,0,163,137,104,0.7872312,-1,-1,-1
00079,1,810,76,204,114,0.9421373,-1,-1,-1
00079,1,1154,38,165,116,0.84931046,-1,-1,-1
00079,1,0,164,126,100,0.7282741,-1,-1,-1
00080,1,811,76,204,114,0.94916713,-1,-1,-1
00080,1,1154,39,165,115,0.8551759,-1,-1,-1
00081,1,810,75,207,117,0.95195895,-1,-1,-1
00081,1,1156,37,165,117,0.8656513,-1,-1,-1
00081,1,0,161,104,108,0.7803256,-1,-1,-1
00082,1,810,75,207,117,0.9521035,-1,-1,-1
00082,1,0,158,95,110,0.91459954,-1,-1,-1
00082,1,1157,37,164,118,0.86056256,-1,-1,-1
00083,1,811,75,206,118,0.95186377,-1,-1,-1
00083,1,1157,37,164,117,0.86020666,-1,-1,-1
00084,1,811,75,206,118,0.9524647,-1,-1,-1
00084,1,1157,37,164,117,0.8611059,-1,-1,-1
00084,1,0,159,81,100,0.7846795,-1,-1,-1
00085,1,812,74,203,117,0.9473239,-1,-1,-1
00085,1,1156,38,165,117,0.8657125,-1,-1,-1
00086,1,812,74,203,117,0.94682115,-1,-1,-1
00086,1,1157,37,166,116,0.86871433,-1,-1,-1
00087,1,810,75,202,115,0.95406383,-1,-1,-1
00087,1,1157,37,166,116,0.8693004,-1,-1,-1
00088,1,810,75,202,115,0.9559812,-1,-1,-1
00088,1,1157,37,166,116,0.8637282,-1,-1,-1
00089,1,810,75,202,115,0.9553342,-1,-1,-1
00089,1,1157,38,164,117,0.8673668,-1,-1,-1
00090,1,814,74,201,118,0.94887173,-1,-1,-1
00090,1,1157,38,164,117,0.86698097,-1,-1,-1
00091,1,813,76,196,114,0.95301807,-1,-1,-1
00091,1,1155,40,163,114,0.8804532,-1,-1,-1
00092,1,812,76,197,114,0.9619976,-1,-1,-1
00092,1,1156,40,162,114,0.8801192,-1,-1,-1
00093,1,812,76,196,114,0.9592935,-1,-1,-1
00093,1,1156,40,162,114,0.8745903,-1,-1,-1
00093,1,1731,93,105,112,0.80731696,-1,-1,-1
00094,1,811,76,199,114,0.9617442,-1,-1,-1
00094,1,1156,40,162,115,0.8724143,-1,-1,-1
00094,1,1731,93,104,112,0.77760786,-1,-1,-1
00095,1,811,76,199,114,0.95628875,-1,-1,-1
00095,1,1156,40,162,114,0.87343,-1,-1,-1
00095,1,1730,92,105,114,0.7885021,-1,-1,-1
00096,1,811,77,199,113,0.95510685,-1,-1,-1
00096,1,1159,38,162,117,0.8571604,-1,-1,-1
00096,1,1731,92,104,114,0.7847337,-1,-1,-1
00097,1,814,74,199,116,0.9438285,-1,-1,-1
00097,1,1155,39,165,115,0.9108409,-1,-1,-1
00098,1,814,74,199,116,0.93694663,-1,-1,-1
00098,1,1155,39,164,115,0.9127697,-1,-1,-1
00099,1,812,74,201,116,0.95113343,-1,-1,-1
00099,1,1155,39,164,115,0.9112351,-1,-1,-1
00100,1,812,75,197,114,0.9589268,-1,-1,-1
00100,1,1154,38,165,116,0.92268825,-1,-1,-1
00101,1,813,75,205,116,0.94149125,-1,-1,-1
00101,1,1153,39,167,116,0.8934921,-1,-1,-1
00102,1,813,75,204,116,0.93556523,-1,-1,-1
00102,1,1153,39,167,116,0.89474666,-1,-1,-1
00103,1,814,74,203,117,0.93287706,-1,-1,-1
00103,1,1153,39,167,116,0.8965736,-1,-1,-1
00104,1,815,75,196,115,0.94254625,-1,-1,-1
00104,1,1153,39,166,116,0.89456236,-1,-1,-1
00105,1,817,75,195,114,0.935362,-1,-1,-1
00105,1,1153,39,166,116,0.8837297,-1,-1,-1
00106,1,818,74,199,117,0.92060184,-1,-1,-1
00106,1,1155,39,164,116,0.894688,-1,-1,-1
00106,1,1712,107,114,124,0.8015802,-1,-1,-1
00107,1,818,74,198,117,0.91874754,-1,-1,-1
00107,1,1155,39,164,116,0.8950812,-1,-1,-1
00107,1,1717,100,114,120,0.8087226,-1,-1,-1
00108,1,818,74,198,117,0.9118525,-1,-1,-1
00108,1,1155,40,164,115,0.89350134,-1,-1,-1
00108,1,1713,111,110,117,0.721536,-1,-1,-1
00109,1,829,75,175,111,0.9023082,-1,-1,-1
00109,1,1157,40,160,114,0.86057043,-1,-1,-1
00109,1,1711,105,115,128,0.8243572,-1,-1,-1
00110,1,830,76,175,110,0.91662204,-1,-1,-1
00110,1,1157,40,160,114,0.86434126,-1,-1,-1
00110,1,1710,104,115,129,0.8281897,-1,-1,-1
00111,1,829,76,178,111,0.9254454,-1,-1,-1
00111,1,1156,41,162,114,0.87596554,-1,-1,-1
00111,1,1712,92,122,130,0.73182625,-1,-1,-1
00112,1,816,75,197,114,0.9383713,-1,-1,-1
00112,1,1156,41,162,114,0.86525637,-1,-1,-1
00112,1,1711,109,111,119,0.8103194,-1,-1,-1
00113,1,817,75,195,114,0.9358396,-1,-1,-1
00113,1,1156,41,162,114,0.86587065,-1,-1,-1
00113,1,1711,110,111,117,0.8136867,-1,-1,-1
00114,1,816,74,197,115,0.92607677,-1,-1,-1
00114,1,1156,41,162,114,0.866213,-1,-1,-1
00114,1,1711,110,112,117,0.8355945,-1,-1,-1
00115,1,816,74,200,116,0.9121929,-1,-1,-1
00115,1,1711,110,111,117,0.8580879,-1,-1,-1
00115,1,1156,41,162,114,0.84562963,-1,-1,-1
00116,1,829,76,176,110,0.9107164,-1,-1,-1
00116,1,1157,41,161,114,0.84822494,-1,-1,-1
00116,1,1712,105,113,125,0.80814224,-1,-1,-1
00117,1,816,74,199,116,0.9157624,-1,-1,-1
00117,1,1156,41,162,114,0.854475,-1,-1,-1
00117,1,1712,106,113,125,0.7401169,-1,-1,-1
00118,1,0,189,91,121,0.9039366,-1,-1,-1
00118,1,1710,103,116,126,0.88306284,-1,-1,-1
00118,1,829,77,176,108,0.8798921,-1,-1,-1
00118,1,1169,49,149,109,0.86749345,-1,-1,-1
00119,1,0,188,93,121,0.933253,-1,-1,-1
00119,1,814,74,199,115,0.92062247,-1,-1,-1
00119,1,1710,102,117,126,0.86981064,-1,-1,-1
00119,1,1169,49,148,110,0.86016107,-1,-1,-1
00120,1,0,188,105,130,0.9659742,-1,-1,-1
00120,1,813,74,201,115,0.9365589,-1,-1,-1
00120,1,1159,41,161,114,0.870775,-1,-1,-1
00120,1,1710,109,113,117,0.8529226,-1,-1,-1
00121,1,825,77,177,110,0.91918206,-1,-1,-1
00121,1,0,192,116,126,0.9083328,-1,-1,-1
00121,1,1158,40,162,114,0.8670345,-1,-1,-1
00122,1,825,77,177,110,0.9202608,-1,-1,-1
00122,1,0,192,126,127,0.90000045,-1,-1,-1
00122,1,1158,40,162,114,0.8711878,-1,-1,-1
00122,1,1645,77,76,80,0.71722585,-1,-1,-1
00123,1,810,77,192,113,0.9403846,-1,-1,-1
00123,1,0,191,138,128,0.90040773,-1,-1,-1
00123,1,1157,40,163,114,0.8693392,-1,-1,-1
00123,1,1641,82,79,71,0.723109,-1,-1,-1
00124,1,812,77,194,113,0.9477145,-1,-1,-1
00124,1,1156,39,173,120,0.87929934,-1,-1,-1
00124,1,0,193,152,127,0.86142755,-1,-1,-1
00124,1,1710,109,116,117,0.7586655,-1,-1,-1
00124,1,1639,86,78,67,0.744798,-1,-1,-1
00125,1,1636,82,74,75,0.9226874,-1,-1,-1
00125,1,0,191,161,133,0.9158547,-1,-1,-1
00125,1,825,77,178,109,0.9048782,-1,-1,-1
00125,1,1159,40,161,113,0.86314416,-1,-1,-1
00126,1,1634,85,76,71,0.92328423,-1,-1,-1
00126,1,815,75,196,115,0.92312527,-1,-1,-1
00126,1,1162,34,159,120,0.8956896,-1,-1,-1
00126,1,0,195,171,130,0.8377749,-1,-1,-1
00127,1,1627,85,75,78,0.9569158,-1,-1,-1
00127,1,0,194,178,135,0.9538873,-1,-1,-1
00127,1,816,76,193,114,0.9200609,-1,-1,-1
00127,1,1156,39,164,113,0.81170404,-1,-1,-1
00128,1,1625,88,77,75,0.9710675,-1,-1,-1
00128,1,815,75,195,115,0.92272323,-1,-1,-1
00128,1,0,200,187,131,0.8605976,-1,-1,-1
00128,1,1163,45,154,113,0.7939009,-1,-1,-1
00129,1,1622,85,74,84,0.97687984,-1,-1,-1
00129,1,815,75,195,114,0.9284786,-1,-1,-1
00129,1,2,198,197,134,0.8816138,-1,-1,-1
00129,1,1164,47,153,111,0.81848437,-1,-1,-1
00130,1,1617,88,76,81,0.9871164,-1,-1,-1
00130,1,815,76,194,113,0.92012715,-1,-1,-1
00130,1,8,200,206,136,0.91090196,-1,-1,-1
00130,1,1154,47,164,110,0.8528851,-1,-1,-1
00131,1,1610,87,77,86,0.98282325,-1,-1,-1
00131,1,812,78,196,112,0.96598536,-1,-1,-1
00131,1,17,201,204,138,0.93065244,-1,-1,-1
00131,1,1158,42,167,119,0.8386616,-1,-1,-1
00132,1,17,200,213,144,0.9834267,-1,-1,-1
00132,1,1606,88,78,85,0.975603,-1,-1,-1
00132,1,811,78,197,112,0.9658594,-1,-1,-1
00132,1,1158,42,167,119,0.8436526,-1,-1,-1
00133,1,21,199,221,148,0.97903514,-1,-1,-1
00133,1,1599,86,81,90,0.9485133,-1,-1,-1
00133,1,827,78,177,110,0.9215027,-1,-1,-1
00133,1,1158,42,169,119,0.8300083,-1,-1,-1
00134,1,28,201,221,146,0.973784,-1,-1,-1
00134,1,1594,86,83,91,0.9657903,-1,-1,-1
00134,1,827,78,177,110,0.92113674,-1,-1,-1
00134,1,1158,42,169,119,0.827553,-1,-1,-1
00135,1,33,202,223,148,0.9817785,-1,-1,-1
00135,1,1592,86,82,94,0.9633293,-1,-1,-1
00135,1,827,78,177,110,0.9210636,-1,-1,-1
00135,1,1166,32,157,125,0.8173676,-1,-1,-1
00136,1,40,203,230,151,0.98800325,-1,-1,-1
00136,1,1586,89,85,95,0.9484435,-1,-1,-1
00136,1,827,78,176,110,0.9107649,-1,-1,-1
00136,1,1167,34,154,122,0.8709383,-1,-1,-1
00137,1,47,203,230,153,0.978717,-1,-1,-1
00137,1,1580,91,86,93,0.9469266,-1,-1,-1
00137,1,827,78,176,110,0.91760266,-1,-1,-1
00137,1,1166,35,154,123,0.8524853,-1,-1,-1
00138,1,53,202,235,157,0.97974694,-1,-1,-1
00138,1,1573,95,89,89,0.93592584,-1,-1,-1
00138,1,827,78,176,108,0.91438276,-1,-1,-1
00138,1,1167,35,153,121,0.86520064,-1,-1,-1
00139,1,59,203,238,159,0.97966045,-1,-1,-1
00139,1,1565,97,93,90,0.9492089,-1,-1,-1
00139,1,827,78,176,108,0.92006934,-1,-1,-1
00139,1,1163,50,154,109,0.7635715,-1,-1,-1
00140,1,66,207,242,152,0.9767572,-1,-1,-1
00140,1,1559,81,103,105,0.95652777,-1,-1,-1
00140,1,827,78,177,109,0.9181718,-1,-1,-1
00140,1,1167,39,158,118,0.86708164,-1,-1,-1
00141,1,1560,103,91,86,0.9838747,-1,-1,-1
00141,1,61,206,257,159,0.971527,-1,-1,-1
00141,1,826,76,178,111,0.9135212,-1,-1,-1
00141,1,1161,47,154,112,0.873582,-1,-1,-1
00142,1,812,79,195,111,0.9702552,-1,-1,-1
00142,1,73,201,248,165,0.96866846,-1,-1,-1
00142,1,1549,109,95,85,0.9654906,-1,-1,-1
00142,1,1161,47,154,112,0.86480266,-1,-1,-1
00143,1,79,203,250,168,0.977804,-1,-1,-1
00143,1,810,80,197,110,0.9684266,-1,-1,-1
00143,1,1544,117,92,79,0.9360984,-1,-1,-1
00143,1,1161,47,155,112,0.8644213,-1,-1,-1
00144,1,808,80,201,110,0.9709708,-1,-1,-1
00144,1,84,205,249,165,0.9687764,-1,-1,-1
00144,1,1533,115,96,85,0.96745276,-1,-1,-1
00144,1,1157,38,169,122,0.8566277,-1,-1,-1
00145,1,97,209,242,167,0.9845745,-1,-1,-1
00145,1,1525,112,101,90,0.96865493,-1,-1,-1
00145,1,813,76,198,115,0.943501,-1,-1,-1
00145,1,1161,46,152,113,0.89180475,-1,-1,-1
00146,1,1521,117,99,84,0.9829964,-1,-1,-1
00146,1,98,212,252,164,0.97060287,-1,-1,-1
00146,1,813,76,198,115,0.9481183,-1,-1,-1
00146,1,1161,46,152,113,0.8888342,-1,-1,-1
00147,1,102,211,257,167,0.97297996,-1,-1,-1
00147,1,1512,121,97,82,0.9719416,-1,-1,-1
00147,1,811,77,197,113,0.95871824,-1,-1,-1
00147,1,1160,46,154,113,0.87714005,-1,-1,-1
00148,1,1504,123,100,84,0.9834854,-1,-1,-1
00148,1,109,211,260,173,0.9818823,-1,-1,-1
00148,1,811,76,199,113,0.95457995,-1,-1,-1
00148,1,1162,47,152,112,0.8330338,-1,-1,-1
00149,1,1497,125,101,83,0.9874512,-1,-1,-1
00149,1,111,213,266,173,0.987068,-1,-1,-1
00149,1,811,76,200,113,0.95373124,-1,-1,-1
00149,1,1162,46,151,113,0.84671664,-1,-1,-1
00150,1,1492,126,102,83,0.99562705,-1,-1,-1
00150,1,122,213,264,175,0.9871039,-1,-1,-1
00150,1,811,76,198,113,0.9528518,-1,-1,-1
00150,1,1162,47,151,112,0.83166975,-1,-1,-1
00151,1,1484,128,104,81,0.9972256,-1,-1,-1
00151,1,122,204,274,187,0.9529677,-1,-1,-1
00151,1,812,75,204,115,0.93493634,-1,-1,-1
00151,1,1155,39,168,121,0.7764753,-1,-1,-1
00152,1,1474,127,105,84,0.995622,-1,-1,-1
00152,1,132,206,270,190,0.9771767,-1,-1,-1
00152,1,813,74,203,116,0.92653656,-1,-1,-1
00152,1,1154,38,171,121,0.7505762,-1,-1,-1
00153,1,1466,129,105,84,0.9965879,-1,-1,-1
00153,1,135,214,274,180,0.974206,-1,-1,-1
00153,1,815,74,200,116,0.9237351,-1,-1,-1
00153,1,1160,46,153,112,0.70173305,-1,-1,-1
00154,1,1452,126,113,90,0.9970489,-1,-1,-1
00154,1,148,212,273,191,0.9839987,-1,-1,-1
00154,1,832,78,173,109,0.90064967,-1,-1,-1
00154,1,1156,39,166,121,0.77525187,-1,-1,-1
00155,1,1444,130,114,89,0.99587846,-1,-1,-1
00155,1,150,211,287,195,0.97581494,-1,-1,-1
00155,1,817,76,201,113,0.90851325,-1,-1,-1
00155,1,1156,40,166,120,0.7381427,-1,-1,-1
00156,1,1434,131,116,89,0.9928799,-1,-1,-1
00156,1,151,212,304,201,0.97808963,-1,-1,-1
00156,1,831,79,175,107,0.88478214,-1,-1,-1
00156,1,1158,39,165,121,0.75035226,-1,-1,-1
00157,1,1427,130,115,95,0.9936831,-1,-1,-1
00157,1,166,210,298,207,0.9701835,-1,-1,-1
00157,1,832,78,174,107,0.8609707,-1,-1,-1
00158,1,1416,128,118,100,0.99428576,-1,-1,-1
00158,1,175,212,309,206,0.9506383,-1,-1,-1
00158,1,832,79,174,106,0.854423,-1,-1,-1
00159,1,1412,132,117,95,0.9969469,-1,-1,-1
00159,1,819,75,200,113,0.89102393,-1,-1,-1
00159,1,199,215,304,202,0.75584644,-1,-1,-1
00160,1,1403,132,118,97,0.9965132,-1,-1,-1
00160,1,189,214,336,208,0.9734725,-1,-1,-1
00160,1,818,75,202,114,0.89144266,-1,-1,-1
00161,1,1386,131,128,103,0.9962547,-1,-1,-1
00161,1,211,214,330,215,0.9478544,-1,-1,-1
00161,1,815,74,206,114,0.88091385,-1,-1,-1
00161,1,1159,42,163,119,0.79400104,-1,-1,-1
00162,1,1374,132,130,107,0.99215466,-1,-1,-1
00162,1,222,212,344,220,0.9766923,-1,-1,-1
00162,1,814,73,209,115,0.8988102,-1,-1,-1
00162,1,1163,51,150,105,0.7951828,-1,-1,-1
00163,1,1366,133,130,104,0.9945686,-1,-1,-1
00163,1,235,212,361,231,0.9786861,-1,-1,-1
00163,1,815,74,208,113,0.8810651,-1,-1,-1
00163,1,1160,41,161,119,0.7611972,-1,-1,-1
00164,1,1350,133,140,105,0.99358046,-1,-1,-1
00164,1,253,213,352,235,0.9666511,-1,-1,-1
00164,1,814,73,212,114,0.88244045,-1,-1,-1
00164,1,1164,51,150,105,0.7577281,-1,-1,-1
00165,1,1345,133,143,107,0.99686986,-1,-1,-1
00165,1,265,214,380,241,0.9750196,-1,-1,-1
00165,1,815,74,216,114,0.842799,-1,-1,-1
00165,1,1164,51,149,105,0.77507985,-1,-1,-1
00166,1,1345,135,130,108,0.9982773,-1,-1,-1
00166,1,287,217,377,250,0.9682417,-1,-1,-1
00166,1,814,73,216,115,0.88014174,-1,-1,-1
00166,1,1165,61,151,91,0.7944246,-1,-1,-1
00167,1,1337,136,128,107,0.9970626,-1,-1,-1
00167,1,298,213,407,267,0.9621241,-1,-1,-1
00167,1,1166,51,147,105,0.8071558,-1,-1,-1
00167,1,814,71,227,117,0.8013724,-1,-1,-1
00168,1,1318,139,143,105,0.99263954,-1,-1,-1
00168,1,326,218,410,267,0.9816644,-1,-1,-1
00168,1,1166,51,147,105,0.7976341,-1,-1,-1
00168,1,816,70,228,118,0.7694051,-1,-1,-1
00169,1,1309,140,146,108,0.9938846,-1,-1,-1
00169,1,354,225,435,266,0.98768115,-1,-1,-1
00169,1,814,76,211,110,0.8146327,-1,-1,-1
00169,1,1164,50,149,106,0.786479,-1,-1,-1
00170,1,377,232,446,271,0.9944015,-1,-1,-1
00170,1,1300,140,148,110,0.9912059,-1,-1,-1
00170,1,815,77,209,110,0.79685193,-1,-1,-1
00170,1,1165,56,154,97,0.7530304,-1,-1,-1
00171,1,407,236,460,276,0.9967585,-1,-1,-1
00171,1,1293,140,153,117,0.9845903,-1,-1,-1
00171,1,812,73,225,117,0.9166955,-1,-1,-1
00171,1,1167,64,144,84,0.7552669,-1,-1,-1
00172,1,434,237,483,299,0.98755693,-1,-1,-1
00172,1,1281,140,158,120,0.957174,-1,-1,-1
00172,1,814,74,220,116,0.90859836,-1,-1,-1
00172,1,1166,63,146,86,0.73367,-1,-1,-1
00173,1,491,239,482,312,0.9897339,-1,-1,-1
00173,1,1270,143,161,119,0.971264,-1,-1,-1
00173,1,814,76,222,115,0.8725426,-1,-1,-1
00174,1,518,243,531,329,0.9906865,-1,-1,-1
00174,1,1262,146,158,118,0.9756723,-1,-1,-1
00174,1,815,76,219,116,0.8653495,-1,-1,-1
00174,1,1168,63,143,87,0.7640873,-1,-1,-1
00175,1,566,251,551,335,0.9904535,-1,-1,-1
00175,1,1250,148,164,116,0.98086435,-1,-1,-1
00175,1,830,78,177,110,0.8344803,-1,-1,-1
00176,1,599,260,594,344,0.9921842,-1,-1,-1
00176,1,1234,153,169,112,0.97791547,-1,-1,-1
00176,1,816,76,222,118,0.87324154,-1,-1,-1
00177,1,691,272,571,358,0.9928498,-1,-1,-1
00177,1,1227,154,170,118,0.9813402,-1,-1,-1
00177,1,828,77,181,111,0.81495863,-1,-1,-1
00178,1,728,275,627,379,0.9941148,-1,-1,-1
00178,1,1213,159,173,112,0.9816736,-1,-1,-1
00178,1,815,78,213,114,0.8445229,-1,-1,-1
00179,1,794,290,640,384,0.9941129,-1,-1,-1
00179,1,1202,156,177,122,0.9652464,-1,-1,-1
00179,1,1814,470,107,167,0.8998218,-1,-1,-1
00179,1,813,77,212,115,0.88500917,-1,-1,-1
00180,1,829,296,706,411,0.98973536,-1,-1,-1
00180,1,1195,156,180,124,0.9643836,-1,-1,-1
00180,1,812,76,212,116,0.9139806,-1,-1,-1
00180,1,1785,461,136,188,0.881317,-1,-1,-1
00181,1,943,309,696,419,0.9956481,-1,-1,-1
00181,1,1192,157,172,123,0.9742691,-1,-1,-1
00181,1,1768,454,153,193,0.90072656,-1,-1,-1
00181,1,813,75,219,112,0.7725749,-1,-1,-1
00182,1,995,319,768,435,0.98581207,-1,-1,-1
00182,1,1178,157,180,124,0.9588508,-1,-1,-1
00182,1,1768,450,153,186,0.92490685,-1,-1,-1
00182,1,814,75,218,113,0.7850699,-1,-1,-1
00183,1,1146,321,712,468,0.99474686,-1,-1,-1
00183,1,1169,158,181,126,0.93502617,-1,-1,-1
00183,1,814,76,217,112,0.78290653,-1,-1,-1
00183,1,1168,52,144,104,0.71408015,-1,-1,-1
00184,1,1184,379,737,446,0.9936532,-1,-1,-1
00184,1,1161,165,185,120,0.97296596,-1,-1,-1
00184,1,812,75,213,116,0.8921266,-1,-1,-1
00184,1,1175,60,136,94,0.74651575,-1,-1,-1
00185,1,1304,386,617,429,0.9966176,-1,-1,-1
00185,1,1149,167,184,121,0.98753846,-1,-1,-1
00185,1,812,75,214,116,0.9021481,-1,-1,-1
00185,1,1174,60,136,94,0.7686037,-1,-1,-1
00186,1,1141,164,189,129,0.97611475,-1,-1,-1
00186,1,1406,396,515,418,0.9494198,-1,-1,-1
00186,1,813,73,214,118,0.8802083,-1,-1,-1
00187,1,1129,169,194,127,0.9724267,-1,-1,-1
00187,1,1499,425,422,390,0.88334256,-1,-1,-1
00187,1,812,74,213,117,0.860746,-1,-1,-1
00188,1,1123,172,195,123,0.9867379,-1,-1,-1
00188,1,813,75,213,115,0.83578753,-1,-1,-1
00188,1,1619,456,302,346,0.75185806,-1,-1,-1
00188,1,1176,64,132,88,0.73265076,-1,-1,-1
00189,1,1112,175,200,121,0.97687596,-1,-1,-1
00189,1,812,75,214,115,0.8474543,-1,-1,-1
00189,1,1176,64,132,88,0.7483089,-1,-1,-1
00190,1,1103,166,204,138,0.98181295,-1,-1,-1
00190,1,811,75,212,116,0.83559287,-1,-1,-1
00190,1,1171,56,140,99,0.74429697,-1,-1,-1
00191,1,1099,174,199,130,0.9811523,-1,-1,-1
00191,1,823,76,177,111,0.83121806,-1,-1,-1
00191,1,1686,414,235,217,0.8273223,-1,-1,-1
00192,1,1092,174,200,132,0.9802657,-1,-1,-1
00192,1,1675,411,246,218,0.8539256,-1,-1,-1
00192,1,822,76,179,111,0.83106464,-1,-1,-1
00193,1,1088,172,202,136,0.9894666,-1,-1,-1
00193,1,1671,409,250,219,0.92012244,-1,-1,-1
00193,1,826,76,172,110,0.89232045,-1,-1,-1
00194,1,1081,173,204,137,0.98859894,-1,-1,-1
00194,1,1668,407,253,221,0.9377169,-1,-1,-1
00194,1,827,77,173,109,0.901618,-1,-1,-1
00195,1,1074,172,207,140,0.98696,-1,-1,-1
00195,1,1655,405,266,224,0.9272743,-1,-1,-1
00195,1,823,77,185,108,0.9084032,-1,-1,-1
00196,1,1073,171,211,139,0.9913419,-1,-1,-1
00196,1,1644,403,277,221,0.90441674,-1,-1,-1
00196,1,824,76,184,109,0.89448404,-1,-1,-1
00197,1,1061,175,214,137,0.9776883,-1,-1,-1
00197,1,1631,403,290,224,0.9076792,-1,-1,-1
00197,1,817,74,197,117,0.8925123,-1,-1,-1
00198,1,1056,177,215,136,0.97576195,-1,-1,-1
00198,1,818,74,197,117,0.91445786,-1,-1,-1
00198,1,1614,397,307,231,0.90978616,-1,-1,-1
00199,1,1054,177,210,137,0.977227,-1,-1,-1
00199,1,826,76,177,111,0.924946,-1,-1,-1
00199,1,1602,388,319,243,0.8995057,-1,-1,-1
00200,1,1049,171,219,145,0.9837789,-1,-1,-1
00200,1,825,77,178,110,0.9304298,-1,-1,-1
00200,1,1584,385,337,247,0.92024547,-1,-1,-1
00201,1,1051,174,215,143,0.99100375,-1,-1,-1
00201,1,1575,385,346,250,0.92513156,-1,-1,-1
00201,1,810,74,212,115,0.8877881,-1,-1,-1
00201,1,1170,61,143,89,0.7022024,-1,-1,-1
00202,1,1049,175,216,142,0.9934685,-1,-1,-1
00202,1,815,74,202,115,0.9318205,-1,-1,-1
00203,1,1047,175,216,143,0.99400264,-1,-1,-1
00203,1,815,74,199,115,0.92754585,-1,-1,-1
00204,1,1047,176,215,143,0.9934284,-1,-1,-1
00204,1,814,73,200,116,0.93342984,-1,-1,-1
00204,1,1533,369,388,264,0.7217157,-1,-1,-1
00205,1,1047,175,216,142,0.9939825,-1,-1,-1
00205,1,825,77,180,109,0.91980976,-1,-1,-1
00205,1,1481,366,440,260,0.805208,-1,-1,-1
00206,1,1046,176,216,142,0.9921875,-1,-1,-1
00206,1,1460,358,441,263,0.89035606,-1,-1,-1
00206,1,811,74,210,115,0.8388952,-1,-1,-1
00206,1,1170,49,143,106,0.7030877,-1,-1,-1
00207,1,1047,176,215,142,0.99291307,-1,-1,-1
00207,1,819,73,189,115,0.9080701,-1,-1,-1
00207,1,1442,351,439,262,0.90095824,-1,-1,-1
00207,1,1170,50,142,106,0.75711715,-1,-1,-1
00208,1,1046,176,216,142,0.9928536,-1,-1,-1
00208,1,826,76,181,112,0.9126188,-1,-1,-1
00208,1,1403,343,436,265,0.8304654,-1,-1,-1
00208,1,1172,50,140,106,0.75499237,-1,-1,-1
00209,1,1047,176,215,142,0.9929263,-1,-1,-1
00209,1,810,75,212,115,0.90361863,-1,-1,-1
00209,1,1372,343,434,253,0.8492082,-1,-1,-1
00209,1,1172,50,140,106,0.7434153,-1,-1,-1
00210,1,1046,176,216,142,0.99250436,-1,-1,-1
00210,1,818,73,191,115,0.91207975,-1,-1,-1
00210,1,1334,335,424,256,0.8992463,-1,-1,-1
00210,1,1172,50,141,106,0.751083,-1,-1,-1
00211,1,1047,174,215,143,0.9944383,-1,-1,-1
00211,1,807,78,216,112,0.94404083,-1,-1,-1
00211,1,1303,330,411,243,0.91318166,-1,-1,-1
00211,1,1160,53,147,103,0.74951744,-1,-1,-1
00212,1,1047,174,215,144,0.9940158,-1,-1,-1
00212,1,807,78,215,112,0.93982476,-1,-1,-1
00212,1,1254,308,418,251,0.9260062,-1,-1,-1
00212,1,1160,53,147,103,0.7314019,-1,-1,-1
00213,1,1046,174,216,144,0.9940403,-1,-1,-1
00213,1,1219,310,417,240,0.9690653,-1,-1,-1
00213,1,826,79,181,109,0.95350534,-1,-1,-1
00213,1,1161,53,146,103,0.71556544,-1,-1,-1
00214,1,1045,173,215,146,0.9918296,-1,-1,-1
00214,1,1174,305,432,235,0.9842672,-1,-1,-1
00214,1,807,78,213,112,0.94327015,-1,-1,-1
00214,1,1160,52,148,104,0.7451172,-1,-1,-1
00215,1,1046,173,215,147,0.9914902,-1,-1,-1
00215,1,1132,295,419,238,0.9852856,-1,-1,-1
00215,1,806,78,215,112,0.94098413,-1,-1,-1
00216,1,1047,173,216,148,0.9893729,-1,-1,-1
00216,1,1090,286,423,239,0.95078254,-1,-1,-1
00216,1,806,78,215,113,0.93520224,-1,-1,-1
00216,1,1159,52,148,104,0.7023749,-1,-1,-1
00217,1,1047,173,215,150,0.9831649,-1,-1,-1
00217,1,805,77,220,115,0.9484196,-1,-1,-1
00217,1,1054,284,409,231,0.9352618,-1,-1,-1
00218,1,1007,278,413,226,0.98332524,-1,-1,-1
00218,1,1047,176,216,148,0.9617984,-1,-1,-1
00218,1,808,80,217,112,0.9568668,-1,-1,-1
00218,1,1169,57,148,93,0.72205096,-1,-1,-1
00219,1,962,271,413,222,0.9723885,-1,-1,-1
00219,1,808,79,215,112,0.95242697,-1,-1,-1
00219,1,1045,174,217,154,0.91051716,-1,-1,-1
00219,1,1169,57,149,94,0.7548791,-1,-1,-1
00220,1,921,269,399,216,0.97722036,-1,-1,-1
00220,1,807,78,218,112,0.9547714,-1,-1,-1
00220,1,1044,176,215,149,0.873339,-1,-1,-1
00220,1,1168,57,149,94,0.74582535,-1,-1,-1
00221,1,875,257,400,223,0.9757336,-1,-1,-1
00221,1,822,77,191,110,0.91902465,-1,-1,-1
00221,1,1044,176,216,147,0.83998007,-1,-1,-1
00221,1,1168,50,148,105,0.813835,-1,-1,-1
00222,1,833,250,390,220,0.98303336,-1,-1,-1
00222,1,809,75,225,118,0.91246843,-1,-1,-1
00222,1,1051,177,206,142,0.8579255,-1,-1,-1
00222,1,1167,52,144,104,0.83273476,-1,-1,-1
00223,1,788,248,380,207,0.9892931,-1,-1,-1
00223,1,812,75,219,118,0.92512226,-1,-1,-1
00223,1,1047,179,213,140,0.92144465,-1,-1,-1
00223,1,1168,52,142,104,0.856964,-1,-1,-1
00224,1,757,250,371,194,0.981263,-1,-1,-1
00224,1,1046,178,213,140,0.9387155,-1,-1,-1
00224,1,823,77,181,111,0.91199714,-1,-1,-1
00224,1,1170,54,140,101,0.8578826,-1,-1,-1
00225,1,1044,178,215,140,0.9872227,-1,-1,-1
00225,1,724,240,350,190,0.9839372,-1,-1,-1
00225,1,825,79,181,109,0.9321179,-1,-1,-1
00225,1,1166,48,148,108,0.7300844,-1,-1,-1
00226,1,1039,177,219,140,0.99287593,-1,-1,-1
00226,1,684,239,332,173,0.985571,-1,-1,-1
00226,1,825,78,180,110,0.90383905,-1,-1,-1
00226,1,1169,58,147,93,0.8191736,-1,-1,-1
00227,1,1035,178,221,140,0.99171937,-1,-1,-1
00227,1,656,233,323,185,0.97434163,-1,-1,-1
00227,1,826,78,182,109,0.92519593,-1,-1,-1
00227,1,1167,47,148,109,0.74509263,-1,-1,-1
00228,1,615,228,316,180,0.97852224,-1,-1,-1
00228,1,1024,174,230,145,0.9711015,-1,-1,-1
00228,1,823,77,175,110,0.89666915,-1,-1,-1
00228,1,1165,57,156,95,0.76606154,-1,-1,-1
00229,1,1027,177,227,142,0.98950267,-1,-1,-1
00229,1,577,225,307,175,0.97911215,-1,-1,-1
00229,1,1163,54,154,105,0.90546674,-1,-1,-1
00229,1,807,75,210,115,0.8507753,-1,-1,-1
00230,1,560,218,288,167,0.9768198,-1,-1,-1
00230,1,1019,183,227,142,0.9669446,-1,-1,-1
00230,1,815,74,213,118,0.900844,-1,-1,-1
00230,1,1160,46,168,114,0.8624311,-1,-1,-1
00231,1,519,219,279,161,0.9881613,-1,-1,-1
00231,1,1014,181,235,140,0.96967703,-1,-1,-1
00231,1,812,75,218,116,0.9121683,-1,-1,-1
00231,1,1159,45,170,114,0.76390463,-1,-1,-1
00232,1,483,210,280,164,0.9582983,-1,-1,-1
00232,1,1016,184,222,141,0.9555909,-1,-1,-1
00232,1,812,74,220,116,0.90357286,-1,-1,-1
00232,1,1160,46,170,113,0.76700306,-1,-1,-1
00233,1,1007,184,227,141,0.97450155,-1,-1,-1
00233,1,452,209,272,167,0.9698804,-1,-1,-1
00233,1,812,75,222,115,0.88801855,-1,-1,-1
00233,1,1160,46,170,114,0.8156314,-1,-1,-1
00234,1,990,179,241,144,0.9851799,-1,-1,-1
00234,1,430,205,253,155,0.9728865,-1,-1,-1
00234,1,812,76,219,115,0.9023921,-1,-1,-1
00234,1,1163,51,154,104,0.71198505,-1,-1,-1
00235,1,978,179,244,150,0.9801374,-1,-1,-1
00235,1,393,201,261,153,0.9783844,-1,-1,-1
00235,1,808,76,223,115,0.928331,-1,-1,-1
00235,1,1165,51,150,105,0.701199,-1,-1,-1
00236,1,966,181,248,150,0.9851697,-1,-1,-1
00236,1,374,201,247,148,0.9825514,-1,-1,-1
00236,1,808,75,223,115,0.9087868,-1,-1,-1
00236,1,1174,62,139,89,0.72835046,-1,-1,-1
00237,1,960,186,247,151,0.9848883,-1,-1,-1
00237,1,351,198,240,147,0.973765,-1,-1,-1
00237,1,809,75,222,115,0.9184415,-1,-1,-1
00238,1,946,185,258,155,0.99138707,-1,-1,-1
00238,1,330,200,218,135,0.97945625,-1,-1,-1
00238,1,810,74,222,116,0.9279215,-1,-1,-1
00239,1,938,194,255,150,0.9907178,-1,-1,-1
00239,1,309,200,210,129,0.956095,-1,-1,-1
00239,1,812,72,227,116,0.8858978,-1,-1,-1
00240,1,932,192,247,159,0.9845711,-1,-1,-1
00240,1,287,197,204,129,0.9630655,-1,-1,-1
00240,1,814,74,224,117,0.9428909,-1,-1,-1
00240,1,1173,60,139,92,0.7534099,-1,-1,-1
00241,1,914,196,254,161,0.9872701,-1,-1,-1
00241,1,268,194,203,128,0.96125335,-1,-1,-1
00241,1,825,76,186,111,0.9496726,-1,-1,-1
00241,1,1165,49,151,107,0.8093214,-1,-1,-1
00242,1,888,199,267,157,0.99063873,-1,-1,-1
00242,1,252,193,194,125,0.9799186,-1,-1,-1
00242,1,826,76,185,111,0.94487417,-1,-1,-1
00242,1,1164,49,152,108,0.81527424,-1,-1,-1
00243,1,873,203,269,161,0.98789716,-1,-1,-1
00243,1,230,189,184,124,0.9848129,-1,-1,-1
00243,1,812,75,212,117,0.9084918,-1,-1,-1
00243,1,1165,56,154,99,0.8284059,-1,-1,-1
00244,1,214,188,180,124,0.9925121,-1,-1,-1
00244,1,841,199,294,170,0.9870161,-1,-1,-1
00244,1,814,75,207,116,0.9034057,-1,-1,-1
00244,1,1164,49,150,109,0.8210808,-1,-1,-1
00245,1,198,185,176,124,0.99226826,-1,-1,-1
00245,1,830,201,276,175,0.98965037,-1,-1,-1
00245,1,823,75,186,114,0.90387774,-1,-1,-1
00245,1,1163,48,152,110,0.8188192,-1,-1,-1
00246,1,180,184,177,122,0.98880136,-1,-1,-1
00246,1,808,213,279,166,0.988368,-1,-1,-1
00246,1,823,76,186,112,0.883227,-1,-1,-1
00246,1,1159,43,162,115,0.83064955,-1,-1,-1
00247,1,164,182,169,122,0.9937966,-1,-1,-1
00247,1,780,217,290,168,0.9890143,-1,-1,-1
00247,1,825,76,187,112,0.86602706,-1,-1,-1
00247,1,1165,50,151,108,0.830844,-1,-1,-1
00248,1,751,217,302,172,0.9906843,-1,-1,-1
00248,1,149,181,169,118,0.984582,-1,-1,-1
00248,1,828,76,185,111,0.86513376,-1,-1,-1
00248,1,1164,48,151,109,0.81390786,-1,-1,-1
00249,1,717,216,313,179,0.98816025,-1,-1,-1
00249,1,131,180,165,119,0.98335385,-1,-1,-1
00249,1,813,76,208,113,0.9172097,-1,-1,-1
00249,1,1164,56,156,98,0.8197055,-1,-1,-1
00250,1,703,223,306,183,0.9873038,-1,-1,-1
00250,1,122,179,154,118,0.97459567,-1,-1,-1
00250,1,814,76,211,114,0.88845205,-1,-1,-1
00250,1,1166,49,147,111,0.78558046,-1,-1,-1
00251,1,105,181,157,114,0.99606735,-1,-1,-1
00251,1,655,233,332,181,0.98239845,-1,-1,-1
00251,1,815,73,214,118,0.94615775,-1,-1,-1
00251,1,1169,59,143,95,0.8587052,-1,-1,-1
00252,1,95,184,148,102,0.99083626,-1,-1,-1
00252,1,622,235,343,185,0.98418325,-1,-1,-1
00252,1,816,74,211,117,0.93253464,-1,-1,-1
00252,1,1160,38,159,116,0.757133,-1,-1,-1
00253,1,79,182,145,103,0.97703654,-1,-1,-1
00253,1,587,242,343,186,0.97609496,-1,-1,-1
00253,1,817,73,207,117,0.91613287,-1,-1,-1
00253,1,1171,59,142,94,0.8121665,-1,-1,-1
00254,1,550,240,355,207,0.97722864,-1,-1,-1
00254,1,73,180,134,101,0.9708355,-1,-1,-1
00254,1,827,76,179,111,0.90677303,-1,-1,-1
00254,1,1165,53,149,101,0.76865584,-1,-1,-1
00255,1,506,246,362,209,0.983192,-1,-1,-1
00255,1,58,181,137,100,0.9610513,-1,-1,-1
00255,1,815,75,205,115,0.94092435,-1,-1,-1
00255,1,1168,50,145,106,0.78221387,-1,-1,-1
00256,1,45,180,131,94,0.9665454,-1,-1,-1
00256,1,457,250,386,224,0.95359445,-1,-1,-1
00256,1,816,74,203,116,0.94060636,-1,-1,-1
00256,1,57,103,164,103,0.9130597,-1,-1,-1
00256,1,1166,51,146,105,0.83236957,-1,-1,-1
00257,1,427,258,369,222,0.96235293,-1,-1,-1
00257,1,814,75,205,115,0.9584402,-1,-1,-1
00257,1,37,181,128,92,0.89633584,-1,-1,-1
00257,1,1167,51,147,104,0.8139347,-1,-1,-1
00258,1,375,264,388,236,0.9638577,-1,-1,-1
00258,1,816,75,202,114,0.9459794,-1,-1,-1
00258,1,1166,51,147,104,0.8169863,-1,-1,-1
00258,1,24,181,128,95,0.7292519,-1,-1,-1
00259,1,322,276,416,239,0.95592815,-1,-1,-1
00259,1,823,79,187,106,0.92888325,-1,-1,-1
00259,1,1163,53,144,104,0.81474173,-1,-1,-1
00260,1,818,73,201,117,0.9579524,-1,-1,-1
00260,1,268,288,395,246,0.9438988,-1,-1,-1
00260,1,4,179,123,95,0.84563065,-1,-1,-1
00260,1,1163,40,157,113,0.75365734,-1,-1,-1
