00001,1,1091,258,561,471,0.99599093,-1,-1,-1
00001,1,377,94,240,195,0.92811257,-1,-1,-1
00001,1,1636,158,283,298,0.75615597,-1,-1,-1
00002,1,1128,264,539,476,0.9963278,-1,-1,-1
00002,1,1613,167,308,293,0.8953177,-1,-1,-1
00002,1,369,93,244,198,0.8933923,-1,-1,-1
00003,1,1121,261,591,506,0.99581677,-1,-1,-1
00003,1,365,94,245,199,0.92743564,-1,-1,-1
00003,1,1599,154,317,306,0.84436905,-1,-1,-1
00004,1,1151,287,570,503,0.99709535,-1,-1,-1
00004,1,1594,167,327,282,0.9286459,-1,-1,-1
00004,1,359,95,247,201,0.9173406,-1,-1,-1
00005,1,1154,285,615,527,0.996393,-1,-1,-1
00005,1,354,98,245,199,0.9431278,-1,-1,-1
00005,1,1583,158,335,289,0.9379889,-1,-1,-1
00006,1,1154,284,615,528,0.9963863,-1,-1,-1
00006,1,354,98,245,199,0.940178,-1,-1,-1
00006,1,1583,159,335,288,0.9355711,-1,-1,-1
00007,1,1174,292,607,530,0.9966798,-1,-1,-1
00007,1,348,99,246,205,0.9248125,-1,-1,-1
00007,1,1569,165,346,270,0.7962933,-1,-1,-1
00008,1,1213,299,596,519,0.9959369,-1,-1,-1
00008,1,345,99,247,205,0.9221047,-1,-1,-1
00009,1,1225,297,617,528,0.9952394,-1,-1,-1
00009,1,337,98,251,213,0.9256812,-1,-1,-1
00010,1,1235,331,659,563,0.99764,-1,-1,-1
00010,1,333,102,248,207,0.9034779,-1,-1,-1
00010,1,1524,129,346,291,0.85406345,-1,-1,-1
00011,1,1251,333,670,590,0.9970822,-1,-1,-1
00011,1,327,103,250,207,0.93122894,-1,-1,-1
00012,1,1304,307,617,605,0.99958724,-1,-1,-1
00012,1,322,103,251,209,0.93472886,-1,-1,-1
00013,1,1327,320,594,596,0.9993893,-1,-1,-1
00013,1,1473,124,336,285,0.94036406,-1,-1,-1
00013,1,317,106,254,207,0.8932423,-1,-1,-1
00014,1,1336,320,585,633,0.9995586,-1,-1,-1
00014,1,1462,123,334,286,0.91934603,-1,-1,-1
00014,1,310,108,254,206,0.85650766,-1,-1,-1
00015,1,1358,347,563,619,0.9995913,-1,-1,-1
00015,1,304,109,257,209,0.93540615,-1,-1,-1
00015,1,1443,128,327,274,0.8681622,-1,-1,-1
00016,1,1363,370,558,616,0.99766505,-1,-1,-1
00016,1,299,109,258,214,0.9373041,-1,-1,-1
00016,1,1440,127,324,272,0.890405,-1,-1,-1
00017,1,1393,369,528,639,0.9982659,-1,-1,-1
00017,1,1425,116,321,286,0.95396453,-1,-1,-1
00017,1,295,111,261,209,0.9294012,-1,-1,-1
00018,1,1407,398,514,632,0.9959745,-1,-1,-1
00018,1,1416,112,322,288,0.94678885,-1,-1,-1
00018,1,289,109,263,209,0.8890797,-1,-1,-1
00019,1,1420,391,501,653,0.99879634,-1,-1,-1
00019,1,1408,120,312,271,0.9107268,-1,-1,-1
00019,1,282,114,275,213,0.8830234,-1,-1,-1
00020,1,1443,436,478,653,0.9949281,-1,-1,-1
00020,1,1390,112,319,281,0.97727865,-1,-1,-1
00020,1,277,110,270,213,0.8591303,-1,-1,-1
00021,1,1463,433,458,656,0.9955841,-1,-1,-1
00021,1,1380,123,313,265,0.96110326,-1,-1,-1
00021,1,272,107,268,227,0.93913287,-1,-1,-1
00022,1,1463,433,458,656,0.9955161,-1,-1,-1
00022,1,1380,123,313,265,0.96077716,-1,-1,-1
00022,1,272,108,268,225,0.93674433,-1,-1,-1
00023,1,1462,434,459,655,0.99534434,-1,-1,-1
00023,1,1380,123,313,265,0.9623084,-1,-1,-1
00023,1,272,108,268,226,0.93805194,-1,-1,-1
00024,1,1462,434,459,655,0.9952099,-1,-1,-1
00024,1,1380,123,313,265,0.9614522,-1,-1,-1
00024,1,272,108,268,226,0.9395678,-1,-1,-1
00025,1,1463,434,458,655,0.99527115,-1,-1,-1
00025,1,1378,124,316,262,0.95398605,-1,-1,-1
00025,1,273,107,266,227,0.935476,-1,-1,-1
00026,1,1463,434,458,655,0.99522,-1,-1,-1
00026,1,1378,125,316,260,0.95162135,-1,-1,-1
00026,1,273,108,266,226,0.9309208,-1,-1,-1
00027,1,1462,434,459,655,0.9951068,-1,-1,-1
00027,1,1378,125,316,261,0.95457983,-1,-1,-1
00027,1,273,108,266,226,0.93298507,-1,-1,-1
00028,1,1462,434,459,655,0.9951389,-1,-1,-1
00028,1,1377,125,317,261,0.9565664,-1,-1,-1
00028,1,274,108,265,225,0.93422896,-1,-1,-1
00029,1,1462,435,459,654,0.9951604,-1,-1,-1
00029,1,1377,124,317,262,0.9567272,-1,-1,-1
00029,1,274,108,265,225,0.93444103,-1,-1,-1
00030,1,1462,435,459,654,0.99520606,-1,-1,-1
00030,1,1377,124,317,262,0.9572366,-1,-1,-1
00030,1,274,108,265,225,0.9336825,-1,-1,-1
00031,1,1462,435,459,654,0.9951414,-1,-1,-1
00031,1,1380,125,312,262,0.95406187,-1,-1,-1
00031,1,274,108,265,226,0.934058,-1,-1,-1
00032,1,1617,162,304,312,0.9839675,-1,-1,-1
00032,1,1272,111,289,249,0.97095597,-1,-1,-1
00032,1,240,115,291,254,0.9437132,-1,-1,-1
00033,1,1604,161,317,303,0.9857238,-1,-1,-1
00033,1,236,122,299,240,0.96243453,-1,-1,-1
00033,1,1252,111,297,238,0.9461914,-1,-1,-1
00034,1,1596,160,325,303,0.9905567,-1,-1,-1
00034,1,237,116,294,256,0.9779253,-1,-1,-1
00034,1,1239,113,297,237,0.9686118,-1,-1,-1
00035,1,1580,146,341,308,0.9919097,-1,-1,-1
00035,1,236,116,300,260,0.9776675,-1,-1,-1
00035,1,1233,117,292,232,0.9635525,-1,-1,-1
00036,1,1549,149,368,303,0.9890854,-1,-1,-1
00036,1,239,119,298,256,0.97861344,-1,-1,-1
00036,1,1234,118,275,224,0.9376828,-1,-1,-1
00037,1,1550,146,356,295,0.99522674,-1,-1,-1
00037,1,222,123,317,253,0.98300654,-1,-1,-1
00037,1,1221,119,281,221,0.95727265,-1,-1,-1
00038,1,1536,139,350,301,0.9908097,-1,-1,-1
00038,1,217,121,326,259,0.9862227,-1,-1,-1
00038,1,1213,117,280,217,0.8829792,-1,-1,-1
00039,1,220,122,330,259,0.9872322,-1,-1,-1
00039,1,1510,139,368,305,0.98539007,-1,-1,-1
00039,1,1197,106,279,221,0.91482115,-1,-1,-1
00040,1,1515,133,361,310,0.9939414,-1,-1,-1
00040,1,224,119,334,264,0.9711911,-1,-1,-1
00040,1,1198,104,278,223,0.915418,-1,-1,-1
00041,1,1514,132,362,311,0.99473405,-1,-1,-1
00041,1,218,127,339,262,0.98010683,-1,-1,-1
00041,1,1201,97,274,226,0.90192926,-1,-1,-1
00042,1,1469,131,361,295,0.99273926,-1,-1,-1
00042,1,244,129,315,276,0.9831912,-1,-1,-1
00042,1,562,165,229,113,0.97328115,-1,-1,-1
00042,1,1166,103,292,227,0.88095385,-1,-1,-1
00043,1,1458,124,351,302,0.9893155,-1,-1,-1
00043,1,246,132,316,277,0.98651046,-1,-1,-1
00043,1,541,160,248,116,0.948023,-1,-1,-1
00044,1,1449,124,343,297,0.9908632,-1,-1,-1
00044,1,244,131,321,284,0.98716044,-1,-1,-1
00044,1,521,158,220,117,0.94961894,-1,-1,-1
00044,1,1148,104,289,216,0.7365226,-1,-1,-1
00045,1,1434,120,346,296,0.9923921,-1,-1,-1
00045,1,247,133,321,284,0.98827446,-1,-1,-1
00045,1,526,157,212,115,0.8185389,-1,-1,-1
00046,1,1423,118,338,292,0.9890966,-1,-1,-1
00046,1,248,138,321,283,0.984807,-1,-1,-1
00046,1,1135,100,284,217,0.7511617,-1,-1,-1
00046,1,511,150,199,124,0.71960026,-1,-1,-1
00047,1,1414,119,332,290,0.99114966,-1,-1,-1
00047,1,255,137,323,288,0.98984843,-1,-1,-1
00047,1,1129,99,279,216,0.7094766,-1,-1,-1
00048,1,1402,120,326,281,0.9916318,-1,-1,-1
00048,1,255,140,330,291,0.9830245,-1,-1,-1
00048,1,512,148,173,130,0.7849253,-1,-1,-1
00048,1,1120,95,276,223,0.76641953,-1,-1,-1
00049,1,1390,119,332,281,0.9909031,-1,-1,-1
00049,1,260,140,333,295,0.9744796,-1,-1,-1
00049,1,1117,95,271,221,0.8505753,-1,-1,-1
00050,1,1365,113,333,271,0.99344593,-1,-1,-1
00050,1,261,147,342,293,0.9112616,-1,-1,-1
00050,1,1115,93,268,222,0.884412,-1,-1,-1
00051,1,1364,109,327,279,0.9939084,-1,-1,-1
00051,1,260,152,350,292,0.95034826,-1,-1,-1
00051,1,1117,108,252,209,0.932725,-1,-1,-1
00052,1,1364,110,327,279,0.99379915,-1,-1,-1
00052,1,260,152,350,292,0.9494941,-1,-1,-1
00052,1,1117,108,252,209,0.93172777,-1,-1,-1
00053,1,1364,109,327,280,0.99422616,-1,-1,-1
00053,1,261,152,349,292,0.9499714,-1,-1,-1
00053,1,1117,108,252,209,0.93298686,-1,-1,-1
00054,1,1363,109,328,280,0.99423665,-1,-1,-1
00054,1,260,152,350,292,0.9486474,-1,-1,-1
00054,1,1117,108,252,209,0.93376434,-1,-1,-1
00055,1,1364,109,326,280,0.99402785,-1,-1,-1
00055,1,260,153,350,291,0.9489208,-1,-1,-1
00055,1,1117,108,252,209,0.93370837,-1,-1,-1
00056,1,1364,109,326,280,0.9941778,-1,-1,-1
00056,1,261,153,349,291,0.9489887,-1,-1,-1
00056,1,1117,107,252,210,0.936271,-1,-1,-1
00057,1,1364,109,326,280,0.9940435,-1,-1,-1
00057,1,261,153,349,291,0.94945866,-1,-1,-1
00057,1,1117,107,252,210,0.93501097,-1,-1,-1
00058,1,1364,110,326,279,0.99403363,-1,-1,-1
00058,1,261,153,349,291,0.94883674,-1,-1,-1
00058,1,1117,108,252,209,0.9357703,-1,-1,-1
00059,1,1364,110,326,279,0.9942385,-1,-1,-1
00059,1,261,153,349,291,0.9492723,-1,-1,-1
00059,1,1117,108,252,209,0.93537796,-1,-1,-1
00060,1,1364,110,326,279,0.99428225,-1,-1,-1
00060,1,260,153,350,291,0.9491803,-1,-1,-1
00060,1,1117,108,252,209,0.9362347,-1,-1,-1
00061,1,1364,111,326,278,0.99375474,-1,-1,-1
00061,1,260,152,350,292,0.94636685,-1,-1,-1
00061,1,1116,108,253,209,0.93429834,-1,-1,-1
00062,1,308,196,368,333,0.9842339,-1,-1,-1
00062,1,1251,105,302,253,0.9701461,-1,-1,-1
00063,1,307,206,387,330,0.99233854,-1,-1,-1
00063,1,1241,101,309,254,0.9683861,-1,-1,-1
00064,1,306,196,395,351,0.9927176,-1,-1,-1
00064,1,1222,110,306,236,0.9367584,-1,-1,-1
00064,1,320,88,217,186,0.86992145,-1,-1,-1
00065,1,309,203,410,359,0.99469393,-1,-1,-1
00065,1,1232,102,297,246,0.8960045,-1,-1,-1
00065,1,313,87,216,186,0.8601506,-1,-1,-1
00066,1,320,216,399,345,0.9937733,-1,-1,-1
00066,1,1200,111,307,227,0.894019,-1,-1,-1
00067,1,321,218,403,349,0.99288344,-1,-1,-1
00067,1,1190,114,304,217,0.82033616,-1,-1,-1
00068,1,316,216,419,366,0.99357647,-1,-1,-1
00068,1,1202,107,283,231,0.7952665,-1,-1,-1
00069,1,322,222,420,366,0.99395424,-1,-1,-1
00069,1,1202,103,282,241,0.9206951,-1,-1,-1
00069,1,291,81,221,203,0.83817333,-1,-1,-1
00069,1,1727,210,194,313,0.823833,-1,-1,-1
00070,1,321,223,432,377,0.99438983,-1,-1,-1
00070,1,1167,107,301,230,0.92289764,-1,-1,-1
00070,1,284,80,224,198,0.8725005,-1,-1,-1
00070,1,1707,211,214,293,0.71297085,-1,-1,-1
00071,1,329,216,424,387,0.99628407,-1,-1,-1
00071,1,1185,108,264,231,0.9711807,-1,-1,-1
00071,1,1692,199,229,307,0.97049034,-1,-1,-1
00071,1,280,81,218,195,0.9071223,-1,-1,-1
00072,1,333,224,425,390,0.99480444,-1,-1,-1
00072,1,1178,107,260,223,0.954993,-1,-1,-1
00072,1,274,83,220,191,0.9275914,-1,-1,-1
00072,1,1674,199,247,297,0.86877424,-1,-1,-1
00073,1,337,228,435,398,0.9935169,-1,-1,-1
00073,1,1662,202,259,288,0.978844,-1,-1,-1
00073,1,1171,107,260,224,0.9476583,-1,-1,-1
00073,1,271,82,221,193,0.9391459,-1,-1,-1
00074,1,338,235,440,401,0.99420035,-1,-1,-1
00074,1,1645,191,276,297,0.9889704,-1,-1,-1
00074,1,265,83,227,192,0.93466866,-1,-1,-1
00074,1,1143,111,277,215,0.8851993,-1,-1,-1
00075,1,337,234,440,402,0.99405575,-1,-1,-1
00075,1,1645,191,276,296,0.9885288,-1,-1,-1
00075,1,265,83,227,192,0.9334476,-1,-1,-1
00075,1,1143,111,277,215,0.8851955,-1,-1,-1
00076,1,338,234,440,402,0.99410844,-1,-1,-1
00076,1,1645,191,276,296,0.9880795,-1,-1,-1
00076,1,266,83,226,192,0.9327055,-1,-1,-1
00076,1,1143,111,277,215,0.88831556,-1,-1,-1
00077,1,337,235,440,401,0.99407417,-1,-1,-1
00077,1,1645,191,276,296,0.98834085,-1,-1,-1
00077,1,266,83,226,192,0.93290937,-1,-1,-1
00077,1,1143,111,277,215,0.8898127,-1,-1,-1
00078,1,337,235,440,401,0.9939843,-1,-1,-1
00078,1,1645,191,276,296,0.98848593,-1,-1,-1
00078,1,266,83,226,192,0.93332404,-1,-1,-1
00078,1,1143,111,277,215,0.8911182,-1,-1,-1
00079,1,337,234,440,402,0.99402064,-1,-1,-1
00079,1,1645,191,276,297,0.98855036,-1,-1,-1
00079,1,266,83,226,192,0.9321426,-1,-1,-1
00079,1,1143,111,277,215,0.8913977,-1,-1,-1
00080,1,337,235,440,401,0.9940223,-1,-1,-1
00080,1,1645,191,276,297,0.98859125,-1,-1,-1
00080,1,266,83,226,192,0.93416184,-1,-1,-1
00080,1,1143,111,277,215,0.89212155,-1,-1,-1
00081,1,338,232,440,404,0.99458486,-1,-1,-1
00081,1,1647,191,274,296,0.99070275,-1,-1,-1
00081,1,267,83,225,193,0.9372068,-1,-1,-1
00081,1,1141,111,278,214,0.8725171,-1,-1,-1
00082,1,338,232,440,404,0.99446046,-1,-1,-1
00082,1,1647,191,274,296,0.9901618,-1,-1,-1
00082,1,267,83,225,193,0.9379979,-1,-1,-1
00082,1,1141,111,278,214,0.8739923,-1,-1,-1
00083,1,338,232,440,404,0.9946332,-1,-1,-1
00083,1,1647,191,274,296,0.9898051,-1,-1,-1
00083,1,267,83,225,193,0.9381649,-1,-1,-1
00083,1,1141,111,278,214,0.87336266,-1,-1,-1
00084,1,338,232,440,404,0.99466527,-1,-1,-1
00084,1,1647,191,274,296,0.9898409,-1,-1,-1
00084,1,267,83,225,193,0.93662286,-1,-1,-1
00084,1,1142,111,277,213,0.8703315,-1,-1,-1
00085,1,339,233,439,403,0.99390936,-1,-1,-1
00085,1,1647,191,274,297,0.99146956,-1,-1,-1
00085,1,266,83,227,193,0.93674576,-1,-1,-1
00085,1,1141,112,276,211,0.8325078,-1,-1,-1
00086,1,339,233,439,403,0.9940765,-1,-1,-1
00086,1,1647,191,274,297,0.99159616,-1,-1,-1
00086,1,266,83,226,193,0.94051695,-1,-1,-1
00086,1,1141,112,277,211,0.8307823,-1,-1,-1
00087,1,339,233,439,403,0.9940645,-1,-1,-1
00087,1,1647,191,274,297,0.9916409,-1,-1,-1
00087,1,267,83,225,193,0.940483,-1,-1,-1
00087,1,1141,112,276,211,0.8288526,-1,-1,-1
00088,1,339,233,439,403,0.99404013,-1,-1,-1
00088,1,1647,191,274,297,0.99165076,-1,-1,-1
00088,1,267,83,225,193,0.94023454,-1,-1,-1
00088,1,1141,112,276,211,0.8292681,-1,-1,-1
00089,1,339,233,439,403,0.9940165,-1,-1,-1
00089,1,1647,191,274,297,0.99156284,-1,-1,-1
00089,1,267,83,225,193,0.9400358,-1,-1,-1
00089,1,1142,112,275,211,0.83505166,-1,-1,-1
00090,1,339,233,439,403,0.9940333,-1,-1,-1
00090,1,1647,191,274,297,0.9915747,-1,-1,-1
00090,1,267,83,225,193,0.940004,-1,-1,-1
00090,1,1142,112,275,211,0.83701986,-1,-1,-1
00091,1,339,233,439,403,0.9940931,-1,-1,-1
00091,1,1647,191,274,297,0.9913982,-1,-1,-1
00091,1,267,83,225,193,0.94018704,-1,-1,-1
00091,1,1142,112,276,212,0.83845115,-1,-1,-1
00092,1,415,380,645,505,0.99895525,-1,-1,-1
00092,1,1383,133,333,264,0.97016364,-1,-1,-1
00092,1,223,101,249,224,0.9666889,-1,-1,-1
00092,1,1030,94,254,199,0.7957161,-1,-1,-1
00093,1,403,400,669,544,0.99903,-1,-1,-1
00093,1,1396,129,313,268,0.9755864,-1,-1,-1
00093,1,223,105,250,223,0.96719056,-1,-1,-1
00093,1,1009,99,263,193,0.83905816,-1,-1,-1
00094,1,442,396,662,565,0.9992593,-1,-1,-1
00094,1,1384,127,313,272,0.98728627,-1,-1,-1
00094,1,219,101,262,220,0.9457586,-1,-1,-1
00094,1,1027,96,247,198,0.75264025,-1,-1,-1
00095,1,427,437,697,566,0.9968041,-1,-1,-1
00095,1,1374,126,310,266,0.9769305,-1,-1,-1
00095,1,218,104,259,227,0.95365524,-1,-1,-1
00095,1,1021,102,249,195,0.8305097,-1,-1,-1
00096,1,421,426,729,614,0.99675375,-1,-1,-1
00096,1,1363,127,308,262,0.9853323,-1,-1,-1
00096,1,217,103,262,230,0.96484375,-1,-1,-1
00096,1,1020,98,240,198,0.8183338,-1,-1,-1
00097,1,450,426,733,594,0.999514,-1,-1,-1
00097,1,1350,124,318,267,0.977183,-1,-1,-1
00097,1,218,100,269,234,0.9608522,-1,-1,-1
00097,1,1013,98,231,197,0.74051374,-1,-1,-1
00098,1,464,447,731,607,0.9994586,-1,-1,-1
00098,1,1342,125,300,259,0.9769843,-1,-1,-1
00098,1,215,99,275,235,0.96428275,-1,-1,-1
00098,1,468,175,208,101,0.93091464,-1,-1,-1
00098,1,1018,99,225,192,0.826835,-1,-1,-1
00099,1,501,457,733,631,0.9994112,-1,-1,-1
00099,1,213,108,280,234,0.9799755,-1,-1,-1
00099,1,1331,126,299,253,0.9589996,-1,-1,-1
00099,1,1724,218,195,284,0.7258454,-1,-1,-1
00100,1,500,485,749,589,0.9993149,-1,-1,-1
00100,1,216,101,278,240,0.9766545,-1,-1,-1
00100,1,1324,128,296,249,0.9678218,-1,-1,-1
00100,1,1715,217,206,280,0.91294503,-1,-1,-1
00101,1,507,545,773,544,0.9996563,-1,-1,-1
00101,1,219,108,269,243,0.9838284,-1,-1,-1
00101,1,1316,130,290,243,0.9730408,-1,-1,-1
00101,1,1694,209,227,288,0.94609934,-1,-1,-1
00101,1,451,173,162,99,0.72807175,-1,-1,-1
00102,1,507,573,790,516,0.99952555,-1,-1,-1
00102,1,213,110,289,239,0.98690635,-1,-1,-1
00102,1,1681,208,240,278,0.9784691,-1,-1,-1
00102,1,1308,123,289,243,0.9590043,-1,-1,-1
00103,1,541,566,803,523,0.9988703,-1,-1,-1
00103,1,210,111,295,240,0.9859958,-1,-1,-1
00103,1,1669,202,252,278,0.98230505,-1,-1,-1
00103,1,1298,123,293,249,0.9171819,-1,-1,-1
00104,1,554,576,824,513,0.9973003,-1,-1,-1
00104,1,1663,204,258,282,0.9866497,-1,-1,-1
00104,1,209,107,295,245,0.9771338,-1,-1,-1
00104,1,1263,132,307,232,0.9567008,-1,-1,-1
00105,1,564,545,840,525,0.9988998,-1,-1,-1
00105,1,1273,127,288,241,0.99231905,-1,-1,-1
00105,1,221,108,286,258,0.98467964,-1,-1,-1
00105,1,1647,195,274,279,0.9717112,-1,-1,-1
00106,1,619,556,815,533,0.99746215,-1,-1,-1
00106,1,224,109,295,258,0.9848298,-1,-1,-1
00106,1,1247,133,306,227,0.97304857,-1,-1,-1
00106,1,1636,194,285,277,0.9165086,-1,-1,-1
00107,1,623,568,844,508,0.9987961,-1,-1,-1
00107,1,220,107,303,264,0.9878736,-1,-1,-1
00107,1,1239,129,302,231,0.9819833,-1,-1,-1
00107,1,1626,190,295,278,0.977711,-1,-1,-1
00108,1,639,559,883,530,0.9977145,-1,-1,-1
00108,1,1613,192,308,276,0.991439,-1,-1,-1
00108,1,219,112,306,267,0.9912834,-1,-1,-1
00108,1,1232,126,297,230,0.983966,-1,-1,-1
00109,1,663,589,918,500,0.99529487,-1,-1,-1
00109,1,1599,187,322,276,0.9940346,-1,-1,-1
00109,1,215,114,312,265,0.9865736,-1,-1,-1
00109,1,1222,128,298,228,0.983842,-1,-1,-1
00110,1,651,643,1027,446,0.99388415,-1,-1,-1
00110,1,221,118,310,267,0.99303776,-1,-1,-1
00110,1,1593,177,310,285,0.98705,-1,-1,-1
00110,1,1215,127,298,227,0.9840826,-1,-1,-1
00111,1,218,116,316,271,0.98998076,-1,-1,-1
00111,1,728,603,924,486,0.986356,-1,-1,-1
00111,1,1224,121,282,228,0.9849076,-1,-1,-1
00111,1,1569,180,321,273,0.9751952,-1,-1,-1
00112,1,219,116,315,271,0.98991966,-1,-1,-1
00112,1,734,602,921,487,0.9857227,-1,-1,-1
00112,1,1224,122,283,227,0.98521245,-1,-1,-1
00112,1,1569,180,322,272,0.9756512,-1,-1,-1
00113,1,219,116,315,271,0.9895062,-1,-1,-1
00113,1,740,607,939,482,0.98581934,-1,-1,-1
00113,1,1224,122,282,227,0.9837167,-1,-1,-1
00113,1,1568,180,322,272,0.97551084,-1,-1,-1
00114,1,219,116,315,271,0.98975813,-1,-1,-1
00114,1,741,607,934,482,0.98624927,-1,-1,-1
00114,1,1223,122,283,227,0.98422736,-1,-1,-1
00114,1,1568,180,322,272,0.97564924,-1,-1,-1
00115,1,219,117,315,270,0.98973477,-1,-1,-1
00115,1,743,607,929,482,0.98638237,-1,-1,-1
00115,1,1223,122,284,226,0.9836896,-1,-1,-1
00115,1,1568,180,322,272,0.9754801,-1,-1,-1
00116,1,219,117,315,270,0.98986137,-1,-1,-1
00116,1,744,607,925,482,0.98717,-1,-1,-1
00116,1,1224,121,282,227,0.9826707,-1,-1,-1
00116,1,1568,180,322,272,0.9755105,-1,-1,-1
00117,1,219,116,315,271,0.9900085,-1,-1,-1
00117,1,746,608,924,481,0.9873031,-1,-1,-1
00117,1,1224,122,282,226,0.9829867,-1,-1,-1
00117,1,1568,180,322,272,0.9754294,-1,-1,-1
00118,1,219,117,315,270,0.9899719,-1,-1,-1
00118,1,746,608,924,481,0.987465,-1,-1,-1
00118,1,1224,122,282,227,0.9833264,-1,-1,-1
00118,1,1568,180,322,272,0.9756973,-1,-1,-1
00119,1,218,116,316,271,0.9899222,-1,-1,-1
00119,1,744,608,927,481,0.9868009,-1,-1,-1
00119,1,1224,122,282,227,0.9831919,-1,-1,-1
00119,1,1568,180,322,272,0.97574586,-1,-1,-1
00120,1,218,116,316,271,0.98997307,-1,-1,-1
00120,1,743,608,929,481,0.98680645,-1,-1,-1
00120,1,1224,122,282,227,0.9841151,-1,-1,-1
00120,1,1568,180,322,272,0.9755499,-1,-1,-1
00121,1,218,117,316,270,0.99034846,-1,-1,-1
00121,1,749,612,923,477,0.988373,-1,-1,-1
00121,1,1223,122,281,227,0.98552936,-1,-1,-1
00121,1,1585,178,308,278,0.97896165,-1,-1,-1
00122,1,259,154,330,306,0.99461347,-1,-1,-1
00122,1,1132,121,274,210,0.9655528,-1,-1,-1
00122,1,1648,177,273,285,0.8288491,-1,-1,-1
00122,1,1465,170,296,243,0.7541457,-1,-1,-1
00123,1,262,152,330,313,0.9964444,-1,-1,-1
00123,1,1130,117,258,212,0.9831526,-1,-1,-1
00123,1,1446,162,278,241,0.94476724,-1,-1,-1
00123,1,1650,187,271,291,0.878561,-1,-1,-1
00124,1,261,158,339,312,0.9966691,-1,-1,-1
00124,1,1125,116,257,210,0.9847557,-1,-1,-1
00124,1,1626,175,295,285,0.84834135,-1,-1,-1
00124,1,1419,164,320,232,0.8222145,-1,-1,-1
00125,1,270,163,338,323,0.9982317,-1,-1,-1
00125,1,1119,119,256,203,0.9807192,-1,-1,-1
00125,1,1609,170,312,294,0.8461994,-1,-1,-1
00125,1,1406,162,318,233,0.7501603,-1,-1,-1
00126,1,268,166,347,324,0.9983511,-1,-1,-1
00126,1,1114,120,258,201,0.972959,-1,-1,-1
00126,1,1606,175,315,287,0.95231384,-1,-1,-1
00126,1,1418,162,285,230,0.77339315,-1,-1,-1
00127,1,268,167,347,323,0.9983088,-1,-1,-1
00127,1,1113,120,260,201,0.97275394,-1,-1,-1
00127,1,1606,175,315,287,0.9520539,-1,-1,-1
00127,1,1418,161,285,231,0.7723719,-1,-1,-1
00128,1,268,167,347,323,0.9983145,-1,-1,-1
00128,1,1114,120,258,201,0.97194135,-1,-1,-1
00128,1,1606,176,315,287,0.9507584,-1,-1,-1
00128,1,1418,162,285,230,0.76996946,-1,-1,-1
00129,1,268,166,347,325,0.9982868,-1,-1,-1
00129,1,1114,120,259,201,0.9722911,-1,-1,-1
00129,1,1607,175,314,287,0.9513937,-1,-1,-1
00129,1,1418,162,285,230,0.76554984,-1,-1,-1
00130,1,268,166,347,324,0.99830025,-1,-1,-1
00130,1,1114,120,258,200,0.9720019,-1,-1,-1
00130,1,1606,175,315,287,0.9507692,-1,-1,-1
00130,1,1418,162,285,230,0.75625765,-1,-1,-1
00131,1,264,163,352,328,0.9983637,-1,-1,-1
00131,1,1113,121,259,200,0.9766129,-1,-1,-1
00131,1,1605,178,316,284,0.938625,-1,-1,-1
00131,1,1419,160,285,231,0.7455291,-1,-1,-1
00132,1,283,197,386,347,0.9961116,-1,-1,-1
00132,1,1551,154,335,286,0.990673,-1,-1,-1
00132,1,1089,116,232,195,0.9709084,-1,-1,-1
00132,1,1368,149,265,229,0.76904774,-1,-1,-1
00133,1,283,203,391,349,0.9952828,-1,-1,-1
00133,1,1539,149,339,283,0.98552203,-1,-1,-1
00133,1,1082,116,235,196,0.9803915,-1,-1,-1
00133,1,1348,139,273,237,0.9060822,-1,-1,-1
00134,1,296,192,384,368,0.9975159,-1,-1,-1
00134,1,1529,150,343,279,0.98078525,-1,-1,-1
00134,1,1071,115,248,197,0.93891066,-1,-1,-1
00134,1,193,86,229,185,0.805364,-1,-1,-1
00135,1,299,204,397,364,0.99618655,-1,-1,-1
00135,1,1514,149,335,278,0.95760113,-1,-1,-1
00135,1,1066,115,248,193,0.92409587,-1,-1,-1
00135,1,194,85,229,191,0.82370853,-1,-1,-1
00136,1,301,202,400,378,0.9974251,-1,-1,-1
00136,1,1505,144,329,280,0.98507845,-1,-1,-1
00136,1,1333,140,254,228,0.9579,-1,-1,-1
00136,1,1071,114,225,194,0.93910766,-1,-1,-1
00136,1,191,87,238,192,0.8394011,-1,-1,-1
00137,1,300,200,416,389,0.99803776,-1,-1,-1
00137,1,1488,142,336,274,0.96496683,-1,-1,-1
00137,1,1056,104,230,202,0.8809324,-1,-1,-1
00137,1,189,88,243,191,0.8148178,-1,-1,-1
00138,1,303,204,434,391,0.99766314,-1,-1,-1
00138,1,1482,143,314,268,0.9517975,-1,-1,-1
00138,1,1047,104,235,201,0.8886698,-1,-1,-1
00138,1,185,91,247,195,0.8353234,-1,-1,-1
00139,1,305,218,421,394,0.99657863,-1,-1,-1
00139,1,1044,104,234,203,0.95172006,-1,-1,-1
00139,1,1467,136,331,274,0.93874156,-1,-1,-1
00139,1,190,91,246,199,0.87789315,-1,-1,-1
00140,1,314,225,432,398,0.9963652,-1,-1,-1
00140,1,1042,110,227,195,0.94237006,-1,-1,-1
00140,1,193,91,243,202,0.88736546,-1,-1,-1
00140,1,1457,134,331,270,0.8283065,-1,-1,-1
00141,1,313,230,439,406,0.9978042,-1,-1,-1
00141,1,1448,134,321,272,0.9569659,-1,-1,-1
00141,1,1037,117,221,187,0.9238604,-1,-1,-1
00141,1,1276,141,257,211,0.9194859,-1,-1,-1
00141,1,196,91,245,203,0.9131364,-1,-1,-1
00142,1,314,229,459,425,0.99815,-1,-1,-1
00142,1,1441,129,319,271,0.9550947,-1,-1,-1
00142,1,199,94,243,202,0.8976586,-1,-1,-1
00142,1,1029,116,234,185,0.8922755,-1,-1,-1
00142,1,415,138,184,138,0.7373755,-1,-1,-1
00143,1,329,248,449,413,0.9977779,-1,-1,-1
00143,1,1024,109,231,192,0.9355687,-1,-1,-1
00143,1,1429,133,322,268,0.9311646,-1,-1,-1
00143,1,195,90,249,206,0.9203821,-1,-1,-1
00143,1,1266,143,248,205,0.8535689,-1,-1,-1
00143,1,409,133,191,142,0.8403637,-1,-1,-1
00144,1,326,250,463,431,0.9970227,-1,-1,-1
00144,1,1420,129,317,269,0.9408902,-1,-1,-1
00144,1,1025,111,231,193,0.92628473,-1,-1,-1
00144,1,193,90,251,207,0.9184487,-1,-1,-1
00144,1,411,131,193,144,0.8819545,-1,-1,-1
00144,1,903,131,187,149,0.80845255,-1,-1,-1
00145,1,326,250,464,430,0.99703455,-1,-1,-1
00145,1,1421,129,316,269,0.93748015,-1,-1,-1
00145,1,1025,111,232,192,0.9373266,-1,-1,-1
00145,1,193,91,251,205,0.91257894,-1,-1,-1
00145,1,411,131,194,144,0.88095677,-1,-1,-1
00145,1,904,131,186,149,0.80512875,-1,-1,-1
00146,1,326,250,464,430,0.9970325,-1,-1,-1
00146,1,1025,111,232,192,0.93869424,-1,-1,-1
00146,1,1421,129,316,269,0.9355582,-1,-1,-1
00146,1,193,91,251,205,0.9147462,-1,-1,-1
00146,1,411,131,194,144,0.88084763,-1,-1,-1
00146,1,904,131,186,149,0.8060007,-1,-1,-1
00147,1,326,250,464,430,0.99700564,-1,-1,-1
00147,1,1251,136,248,208,0.96310234,-1,-1,-1
00147,1,1420,129,317,269,0.9372607,-1,-1,-1
00147,1,1025,111,232,192,0.9367625,-1,-1,-1
00147,1,193,90,251,206,0.9148481,-1,-1,-1
00147,1,411,131,194,144,0.88214445,-1,-1,-1
00147,1,903,131,187,148,0.8074302,-1,-1,-1
00148,1,326,250,464,430,0.9969913,-1,-1,-1
00148,1,1025,111,232,192,0.9376281,-1,-1,-1
00148,1,1417,131,319,265,0.9267813,-1,-1,-1
00148,1,193,90,251,206,0.91469526,-1,-1,-1
00148,1,411,131,194,144,0.8798599,-1,-1,-1
00148,1,903,131,187,148,0.81118995,-1,-1,-1
00149,1,326,250,464,430,0.99702924,-1,-1,-1
00149,1,1250,136,250,208,0.96177506,-1,-1,-1
00149,1,1025,111,231,192,0.9376348,-1,-1,-1
00149,1,1421,129,316,269,0.93703675,-1,-1,-1
00149,1,193,90,251,206,0.9152974,-1,-1,-1
00149,1,411,131,194,144,0.88112676,-1,-1,-1
00149,1,904,131,186,148,0.8113379,-1,-1,-1
00150,1,326,250,464,430,0.9970366,-1,-1,-1
00150,1,1025,111,231,192,0.93690646,-1,-1,-1
00150,1,1421,129,316,269,0.9345516,-1,-1,-1
00150,1,193,91,251,205,0.91430944,-1,-1,-1
00150,1,411,131,194,144,0.8801168,-1,-1,-1
00150,1,904,131,186,148,0.80744165,-1,-1,-1
00151,1,328,248,466,430,0.997895,-1,-1,-1
00151,1,1420,128,317,270,0.9437268,-1,-1,-1
00151,1,1035,108,213,191,0.94198877,-1,-1,-1
00151,1,192,91,253,205,0.9106745,-1,-1,-1
00151,1,411,130,194,146,0.89078456,-1,-1,-1
00151,1,903,131,187,148,0.76795703,-1,-1,-1
00151,1,1253,139,254,199,0.7519954,-1,-1,-1
00152,1,363,310,544,511,0.99775827,-1,-1,-1
00152,1,1354,119,306,271,0.98593056,-1,-1,-1
00152,1,430,115,199,159,0.9660922,-1,-1,-1
00152,1,1191,134,242,197,0.9492988,-1,-1,-1
00152,1,192,92,276,222,0.8810832,-1,-1,-1
00152,1,1000,114,213,175,0.83900076,-1,-1,-1
00153,1,369,318,564,520,0.99760336,-1,-1,-1
00153,1,1336,131,295,243,0.9723136,-1,-1,-1
00153,1,425,114,209,157,0.9535153,-1,-1,-1
00153,1,1186,130,229,199,0.8641498,-1,-1,-1
00153,1,203,97,268,224,0.8553644,-1,-1,-1
00154,1,374,339,595,500,0.9984432,-1,-1,-1
00154,1,431,117,208,157,0.9677961,-1,-1,-1
00154,1,1337,118,297,261,0.9399323,-1,-1,-1
00154,1,207,106,269,213,0.8895355,-1,-1,-1
00154,1,1178,131,227,192,0.8540432,-1,-1,-1
00155,1,382,338,598,524,0.9982851,-1,-1,-1
00155,1,436,118,208,156,0.9658988,-1,-1,-1
00155,1,1336,117,290,262,0.94654113,-1,-1,-1
00155,1,198,97,284,220,0.8141878,-1,-1,-1
00156,1,385,349,626,552,0.99888164,-1,-1,-1
00156,1,212,96,269,231,0.979603,-1,-1,-1
00156,1,1325,119,289,253,0.96587944,-1,-1,-1
00156,1,448,116,200,158,0.9280914,-1,-1,-1
00156,1,1166,131,230,189,0.7699571,-1,-1,-1
00157,1,398,350,633,569,0.9974355,-1,-1,-1
00157,1,1314,119,291,253,0.96940506,-1,-1,-1
00157,1,216,102,269,222,0.9020959,-1,-1,-1
00157,1,438,116,216,158,0.87997997,-1,-1,-1
00157,1,1160,129,223,190,0.828342,-1,-1,-1
00157,1,966,116,228,170,0.82711977,-1,-1,-1
00158,1,403,374,671,571,0.99782676,-1,-1,-1
00158,1,1301,118,290,254,0.9341062,-1,-1,-1
00158,1,208,97,285,230,0.90964216,-1,-1,-1
00158,1,441,116,214,157,0.9081608,-1,-1,-1
00158,1,1151,131,232,188,0.82563156,-1,-1,-1
00159,1,405,389,692,584,0.99845743,-1,-1,-1
00159,1,206,101,292,232,0.93748915,-1,-1,-1
00159,1,1295,119,299,255,0.9333551,-1,-1,-1
00159,1,448,115,210,158,0.9285243,-1,-1,-1
00159,1,972,112,221,173,0.7167677,-1,-1,-1
00160,1,426,381,689,647,0.99954176,-1,-1,-1
00160,1,213,93,288,242,0.96010476,-1,-1,-1
00160,1,1284,115,300,254,0.9257374,-1,-1,-1
00160,1,455,114,209,161,0.9129631,-1,-1,-1
00161,1,382,407,759,682,0.9991922,-1,-1,-1
00161,1,223,103,275,242,0.98243874,-1,-1,-1
00161,1,460,116,208,163,0.9507013,-1,-1,-1
00161,1,1280,113,290,251,0.89809626,-1,-1,-1
00162,1,383,407,759,682,0.9992078,-1,-1,-1
00162,1,224,103,274,242,0.98196757,-1,-1,-1
00162,1,460,116,208,163,0.94862676,-1,-1,-1
00162,1,1280,113,290,251,0.8997924,-1,-1,-1
00163,1,450,397,709,636,0.99952805,-1,-1,-1
00163,1,223,103,275,242,0.98208076,-1,-1,-1
00163,1,460,116,208,162,0.9471437,-1,-1,-1
00163,1,1280,113,290,251,0.9013376,-1,-1,-1
00164,1,379,402,765,687,0.99922884,-1,-1,-1
00164,1,223,103,275,242,0.9820327,-1,-1,-1
00164,1,460,116,208,162,0.9485489,-1,-1,-1
00164,1,1279,113,291,251,0.9028615,-1,-1,-1
00165,1,450,397,708,635,0.9995253,-1,-1,-1
00165,1,224,103,273,242,0.9819626,-1,-1,-1
00165,1,460,116,208,162,0.94554406,-1,-1,-1
00165,1,1279,113,291,251,0.8962774,-1,-1,-1
00166,1,398,409,769,654,0.9989209,-1,-1,-1
00166,1,213,102,292,242,0.9770658,-1,-1,-1
00166,1,460,116,208,162,0.9461883,-1,-1,-1
00166,1,1279,113,290,251,0.9053073,-1,-1,-1
00167,1,450,397,709,636,0.99945587,-1,-1,-1
00167,1,213,102,292,242,0.97747654,-1,-1,-1
00167,1,460,116,208,162,0.9470782,-1,-1,-1
00167,1,1279,113,290,251,0.90583575,-1,-1,-1
00168,1,450,397,709,636,0.999461,-1,-1,-1
00168,1,213,102,292,242,0.97757965,-1,-1,-1
00168,1,460,116,208,162,0.94695914,-1,-1,-1
00168,1,1279,113,290,251,0.9070916,-1,-1,-1
00169,1,424,398,726,654,0.9996275,-1,-1,-1
00169,1,221,104,277,242,0.9820395,-1,-1,-1
00169,1,461,116,208,163,0.9538554,-1,-1,-1
00169,1,1279,112,292,252,0.8854828,-1,-1,-1
00170,1,424,399,726,653,0.9996308,-1,-1,-1
00170,1,221,104,277,242,0.9818809,-1,-1,-1
00170,1,462,116,207,163,0.95433015,-1,-1,-1
00170,1,1279,112,292,252,0.88518965,-1,-1,-1
00171,1,424,399,726,653,0.9996301,-1,-1,-1
00171,1,221,104,277,242,0.9820005,-1,-1,-1
00171,1,461,116,208,163,0.95395154,-1,-1,-1
00171,1,1279,112,292,252,0.8830101,-1,-1,-1
00172,1,649,623,860,466,0.9918343,-1,-1,-1
00172,1,245,106,320,283,0.9913966,-1,-1,-1
00172,1,1175,116,282,235,0.9674683,-1,-1,-1
00172,1,515,131,218,168,0.79257244,-1,-1,-1
00173,1,599,626,1018,463,0.99310994,-1,-1,-1
00173,1,249,105,322,292,0.9898589,-1,-1,-1
00173,1,1187,120,270,217,0.86431605,-1,-1,-1
00173,1,518,129,221,171,0.728828,-1,-1,-1
00173,1,939,118,212,161,0.71251404,-1,-1,-1
00174,1,247,113,331,290,0.99546,-1,-1,-1
00174,1,697,652,828,437,0.9770583,-1,-1,-1
00174,1,1174,122,274,216,0.8744032,-1,-1,-1
00174,1,529,133,217,170,0.77331895,-1,-1,-1
00175,1,263,111,322,293,0.9876533,-1,-1,-1
00175,1,621,669,1066,420,0.96904683,-1,-1,-1
00175,1,534,136,214,168,0.8485415,-1,-1,-1
00175,1,1170,115,273,217,0.8264799,-1,-1,-1
00176,1,260,116,332,292,0.9927631,-1,-1,-1
00176,1,696,710,1046,379,0.9810829,-1,-1,-1
00176,1,935,121,204,163,0.9002082,-1,-1,-1
00176,1,1168,126,261,213,0.89819145,-1,-1,-1
00177,1,262,119,336,297,0.99402606,-1,-1,-1
00177,1,758,717,959,372,0.9925908,-1,-1,-1
00177,1,1167,119,258,212,0.87252176,-1,-1,-1
00177,1,921,122,205,157,0.7646022,-1,-1,-1
00178,1,262,126,347,295,0.9936699,-1,-1,-1
00178,1,1161,120,257,211,0.8935613,-1,-1,-1
00178,1,545,137,230,180,0.82113373,-1,-1,-1
00178,1,759,761,880,321,0.79650325,-1,-1,-1
00179,1,263,130,355,295,0.9932575,-1,-1,-1
00179,1,1159,118,254,212,0.9600489,-1,-1,-1
00180,1,266,132,359,311,0.99268687,-1,-1,-1
00180,1,550,143,228,172,0.9609255,-1,-1,-1
00180,1,1147,117,257,213,0.94748837,-1,-1,-1
00180,1,777,158,199,123,0.7946474,-1,-1,-1
00181,1,268,137,362,312,0.99331856,-1,-1,-1
00181,1,561,143,224,173,0.91780776,-1,-1,-1
00181,1,1137,118,267,210,0.91068476,-1,-1,-1
00181,1,757,156,205,123,0.8165638,-1,-1,-1
00182,1,267,144,363,312,0.9883576,-1,-1,-1
00182,1,565,143,222,178,0.97325814,-1,-1,-1
00182,1,1130,118,269,206,0.90730625,-1,-1,-1
00183,1,275,142,367,317,0.9932736,-1,-1,-1
00183,1,1130,120,263,204,0.92803884,-1,-1,-1
00183,1,926,126,199,152,0.9022789,-1,-1,-1
00184,1,277,152,367,314,0.9928779,-1,-1,-1
00184,1,567,146,239,182,0.9656822,-1,-1,-1
00184,1,925,126,191,157,0.9392621,-1,-1,-1
00184,1,1133,119,253,201,0.8999487,-1,-1,-1
00185,1,289,152,366,325,0.9958792,-1,-1,-1
00185,1,1132,117,249,201,0.9130382,-1,-1,-1
00185,1,581,144,234,185,0.7169406,-1,-1,-1
00186,1,289,166,370,316,0.99081814,-1,-1,-1
00186,1,1122,116,251,201,0.9204967,-1,-1,-1
00186,1,911,129,195,147,0.8823898,-1,-1,-1
00187,1,284,154,396,341,0.9920661,-1,-1,-1
00187,1,1116,115,254,199,0.87058204,-1,-1,-1
00188,1,291,165,391,342,0.993086,-1,-1,-1
00188,1,924,127,198,160,0.925264,-1,-1,-1
00188,1,1111,117,258,195,0.8561486,-1,-1,-1
00189,1,291,165,391,342,0.9930803,-1,-1,-1
00189,1,925,127,198,160,0.9175573,-1,-1,-1
00189,1,1111,116,258,196,0.85639936,-1,-1,-1
00190,1,291,165,391,342,0.99302,-1,-1,-1
00190,1,925,127,198,160,0.9222131,-1,-1,-1
00190,1,1111,116,258,196,0.85967696,-1,-1,-1
00191,1,289,161,398,348,0.98817575,-1,-1,-1
00191,1,907,123,200,155,0.84638935,-1,-1,-1
00191,1,1117,117,254,197,0.8324829,-1,-1,-1
00192,1,301,187,409,364,0.9890398,-1,-1,-1
00192,1,1102,118,237,195,0.7221145,-1,-1,-1
00193,1,316,194,406,362,0.99051297,-1,-1,-1
00193,1,908,136,175,140,0.8386416,-1,-1,-1
00193,1,1095,110,246,199,0.74244064,-1,-1,-1
00194,1,329,194,400,369,0.98883456,-1,-1,-1
00194,1,1096,110,240,198,0.7403467,-1,-1,-1
00195,1,336,191,407,379,0.9794607,-1,-1,-1
00195,1,1095,110,233,197,0.84440225,-1,-1,-1
00195,1,907,137,172,142,0.843628,-1,-1,-1
00196,1,335,191,419,400,0.9875793,-1,-1,-1
00196,1,899,131,168,144,0.8553508,-1,-1,-1
00196,1,1086,109,238,195,0.8254055,-1,-1,-1
00197,1,327,202,448,394,0.99484384,-1,-1,-1
00197,1,1085,111,236,196,0.8491551,-1,-1,-1
00198,1,345,199,446,417,0.98867214,-1,-1,-1
00198,1,1671,279,250,395,0.9445607,-1,-1,-1
00198,1,1076,111,238,195,0.7253117,-1,-1,-1
00199,1,345,203,468,432,0.99182874,-1,-1,-1
00199,1,1635,281,286,372,0.9559102,-1,-1,-1
00199,1,1083,113,227,195,0.8403604,-1,-1,-1
00200,1,345,227,476,415,0.9930266,-1,-1,-1
00200,1,1605,273,316,375,0.9373492,-1,-1,-1
00200,1,1080,115,230,193,0.7818789,-1,-1,-1
00201,1,354,238,482,417,0.9952064,-1,-1,-1
00201,1,1578,266,343,368,0.9640972,-1,-1,-1
00201,1,1086,108,218,194,0.8315809,-1,-1,-1
00202,1,354,238,482,417,0.9950995,-1,-1,-1
00202,1,1578,273,343,361,0.9864086,-1,-1,-1
00203,1,354,238,481,417,0.9950413,-1,-1,-1
00203,1,1578,273,343,362,0.9858884,-1,-1,-1
00204,1,354,238,481,417,0.995193,-1,-1,-1
00204,1,1583,261,338,379,0.98288107,-1,-1,-1
00205,1,355,240,480,415,0.9956345,-1,-1,-1
00205,1,1578,273,343,361,0.9866348,-1,-1,-1
00205,1,1086,109,218,193,0.8166098,-1,-1,-1
00206,1,355,240,480,415,0.9956298,-1,-1,-1
00206,1,1578,274,343,360,0.98588955,-1,-1,-1
00206,1,1086,108,218,194,0.81562996,-1,-1,-1
00207,1,355,240,480,415,0.9955907,-1,-1,-1
00207,1,1578,274,343,361,0.98601794,-1,-1,-1
00208,1,355,240,480,415,0.99562955,-1,-1,-1
00208,1,1578,274,343,360,0.9854952,-1,-1,-1
00209,1,355,240,480,415,0.9955923,-1,-1,-1
00209,1,1578,274,343,360,0.9857313,-1,-1,-1
00210,1,355,240,480,415,0.99560994,-1,-1,-1
00210,1,1578,273,343,361,0.985951,-1,-1,-1
00211,1,355,240,480,415,0.9956411,-1,-1,-1
00211,1,1577,259,344,378,0.9648527,-1,-1,-1
00212,1,387,287,738,645,0.9983895,-1,-1,-1
00212,1,1310,204,391,312,0.99667144,-1,-1,-1
00212,1,560,225,313,174,0.906864,-1,-1,-1
00213,1,1299,193,380,315,0.99637824,-1,-1,-1
00213,1,444,322,687,588,0.9959019,-1,-1,-1
00213,1,556,229,320,185,0.9822457,-1,-1,-1
00214,1,458,333,703,608,0.9971349,-1,-1,-1
00214,1,1278,195,382,301,0.9963728,-1,-1,-1
00214,1,558,231,329,210,0.9884171,-1,-1,-1
00215,1,464,338,745,640,0.99901545,-1,-1,-1
00215,1,1262,188,373,302,0.9976404,-1,-1,-1
00215,1,549,234,339,267,0.96659386,-1,-1,-1
00216,1,478,357,743,647,0.99766576,-1,-1,-1
00216,1,1236,183,370,297,0.9944781,-1,-1,-1
00216,1,538,225,352,288,0.8897268,-1,-1,-1
00216,1,1704,365,217,326,0.8122303,-1,-1,-1
00217,1,479,359,801,703,0.99937445,-1,-1,-1
00217,1,1222,173,357,298,0.99181926,-1,-1,-1
00217,1,542,249,352,287,0.8579866,-1,-1,-1
00217,1,1667,341,254,338,0.80402845,-1,-1,-1
00218,1,487,399,814,690,0.9991014,-1,-1,-1
00218,1,1203,170,353,290,0.99208087,-1,-1,-1
00218,1,548,264,349,282,0.9586881,-1,-1,-1
00218,1,1632,324,289,344,0.90335804,-1,-1,-1
00219,1,453,393,922,696,0.997938,-1,-1,-1
00219,1,1183,170,347,283,0.98889774,-1,-1,-1
00219,1,1611,315,310,335,0.981246,-1,-1,-1
00219,1,539,266,381,287,0.97514254,-1,-1,-1
00220,1,541,403,845,686,0.9987355,-1,-1,-1
00220,1,543,268,378,300,0.9802699,-1,-1,-1
00220,1,1581,307,340,330,0.9798779,-1,-1,-1
00220,1,1168,161,346,290,0.9615567,-1,-1,-1
00221,1,572,445,866,644,0.99955374,-1,-1,-1
00221,1,1151,158,339,286,0.9925545,-1,-1,-1
00221,1,559,275,369,294,0.99089056,-1,-1,-1
00221,1,1556,301,365,322,0.97960246,-1,-1,-1
00222,1,549,503,908,586,0.99948263,-1,-1,-1
00222,1,560,274,366,308,0.9931514,-1,-1,-1
00222,1,1136,166,340,274,0.9855114,-1,-1,-1
00222,1,1523,292,398,327,0.9830136,-1,-1,-1
00223,1,596,516,912,573,0.99930894,-1,-1,-1
00223,1,1501,289,420,318,0.98857856,-1,-1,-1
00223,1,1123,151,328,279,0.9868587,-1,-1,-1
00223,1,553,280,396,318,0.9829305,-1,-1,-1
00224,1,649,504,950,585,0.99957496,-1,-1,-1
00224,1,1481,283,411,318,0.9946936,-1,-1,-1
00224,1,559,286,395,325,0.99429387,-1,-1,-1
00224,1,1102,155,336,270,0.9891565,-1,-1,-1
00225,1,648,505,951,584,0.99956745,-1,-1,-1
00225,1,1481,283,411,317,0.9947956,-1,-1,-1
00225,1,558,286,396,325,0.9942545,-1,-1,-1
00225,1,1102,155,336,270,0.989321,-1,-1,-1
00226,1,650,503,948,586,0.9995913,-1,-1,-1
00226,1,1482,283,410,317,0.9944636,-1,-1,-1
00226,1,559,286,395,325,0.9940925,-1,-1,-1
00226,1,1108,151,329,274,0.9887977,-1,-1,-1
00227,1,650,504,948,585,0.99958056,-1,-1,-1
00227,1,1482,283,410,317,0.99446,-1,-1,-1
00227,1,559,286,395,325,0.9940912,-1,-1,-1
00227,1,1108,151,329,274,0.9892302,-1,-1,-1
00228,1,650,504,949,585,0.99958736,-1,-1,-1
00228,1,1482,283,410,318,0.9943963,-1,-1,-1
00228,1,559,286,395,325,0.9940719,-1,-1,-1
00228,1,1108,151,329,274,0.98899686,-1,-1,-1
00229,1,651,503,946,586,0.9995975,-1,-1,-1
00229,1,1485,283,400,312,0.9919723,-1,-1,-1
00229,1,1102,154,336,271,0.98862725,-1,-1,-1
00229,1,558,294,400,313,0.986733,-1,-1,-1
00230,1,651,504,947,585,0.9996018,-1,-1,-1
00230,1,1486,283,399,312,0.9920626,-1,-1,-1
00230,1,1103,154,335,271,0.98876894,-1,-1,-1
00230,1,559,294,399,313,0.9869615,-1,-1,-1
00231,1,648,501,950,588,0.9996314,-1,-1,-1
00231,1,1486,284,400,317,0.99381185,-1,-1,-1
00231,1,1106,152,333,275,0.98807526,-1,-1,-1
00231,1,558,294,403,312,0.98667693,-1,-1,-1
00232,1,593,363,451,379,0.9941204,-1,-1,-1
00232,1,1567,319,354,354,0.979352,-1,-1,-1
00232,1,1311,227,355,289,0.9559446,-1,-1,-1
00232,1,440,33,253,253,0.9072885,-1,-1,-1
00232,1,968,717,923,358,0.9010313,-1,-1,-1
00233,1,594,381,464,376,0.9920873,-1,-1,-1
00233,1,1546,321,375,341,0.973304,-1,-1,-1
00233,1,1291,222,348,285,0.94097453,-1,-1,-1
00233,1,438,33,259,254,0.8595631,-1,-1,-1
00234,1,589,380,486,413,0.99475706,-1,-1,-1
00234,1,1516,306,405,341,0.98497725,-1,-1,-1
00234,1,1271,218,349,278,0.92476743,-1,-1,-1
00234,1,441,36,261,252,0.8732151,-1,-1,-1
00235,1,1518,296,403,341,0.9924448,-1,-1,-1
00235,1,599,406,479,395,0.9915269,-1,-1,-1
00235,1,1267,225,329,258,0.9683405,-1,-1,-1
00235,1,445,34,264,256,0.8579579,-1,-1,-1
00236,1,1480,292,424,326,0.9941573,-1,-1,-1
00236,1,602,419,499,403,0.99035853,-1,-1,-1
00236,1,1236,213,343,260,0.96766704,-1,-1,-1
00236,1,446,38,264,258,0.8526405,-1,-1,-1
00237,1,619,430,495,417,0.9956287,-1,-1,-1
00237,1,1445,288,430,329,0.9876274,-1,-1,-1
00237,1,1223,207,334,254,0.9284197,-1,-1,-1
00237,1,450,35,262,261,0.9179171,-1,-1,-1
00238,1,622,439,510,438,0.994466,-1,-1,-1
00238,1,1435,282,403,317,0.9921417,-1,-1,-1
00238,1,1200,205,338,250,0.9324336,-1,-1,-1
00238,1,451,39,264,258,0.90417045,-1,-1,-1
00238,1,967,121,276,239,0.85817367,-1,-1,-1
00239,1,620,451,530,435,0.9928645,-1,-1,-1
00239,1,1404,276,411,318,0.9838181,-1,-1,-1
00239,1,1186,204,332,240,0.86931103,-1,-1,-1
00239,1,960,112,271,243,0.86252904,-1,-1,-1
00239,1,452,38,269,259,0.8604541,-1,-1,-1
00240,1,633,467,538,454,0.994484,-1,-1,-1
00240,1,1400,276,384,306,0.9925915,-1,-1,-1
00240,1,1185,212,304,232,0.96815723,-1,-1,-1
00240,1,455,39,273,261,0.89139724,-1,-1,-1
00241,1,636,486,561,451,0.9964856,-1,-1,-1
00241,1,1376,270,385,299,0.99225885,-1,-1,-1
00241,1,1173,198,297,242,0.9919526,-1,-1,-1
00241,1,460,44,271,259,0.902336,-1,-1,-1
00242,1,637,478,555,474,0.99560696,-1,-1,-1
00242,1,1376,270,385,300,0.9922889,-1,-1,-1
00242,1,1173,198,297,242,0.99211603,-1,-1,-1
00242,1,460,43,271,259,0.89698505,-1,-1,-1
00243,1,637,478,555,474,0.99565107,-1,-1,-1
00243,1,1376,270,385,299,0.99231017,-1,-1,-1
00243,1,1173,197,297,243,0.992292,-1,-1,-1
00243,1,460,43,271,259,0.9004211,-1,-1,-1
00244,1,637,478,555,475,0.99564916,-1,-1,-1
00244,1,1173,197,297,242,0.99243814,-1,-1,-1
00244,1,1376,270,385,300,0.9923056,-1,-1,-1
00244,1,460,43,271,259,0.901726,-1,-1,-1
00245,1,637,486,560,451,0.9964792,-1,-1,-1
00245,1,1376,270,385,300,0.99212193,-1,-1,-1
00245,1,1173,197,297,243,0.99201816,-1,-1,-1
00245,1,460,43,271,259,0.9031048,-1,-1,-1
00246,1,637,478,555,474,0.9957071,-1,-1,-1
00246,1,1376,270,385,300,0.99216604,-1,-1,-1
00246,1,1173,197,297,243,0.99186486,-1,-1,-1
00246,1,460,43,271,259,0.9049581,-1,-1,-1
00247,1,637,478,555,474,0.995782,-1,-1,-1
00247,1,1376,270,385,300,0.9923767,-1,-1,-1
00247,1,1173,197,297,243,0.9919654,-1,-1,-1
00247,1,460,43,271,259,0.905717,-1,-1,-1
00248,1,637,478,555,474,0.9957832,-1,-1,-1
00248,1,1376,270,385,300,0.9924534,-1,-1,-1
00248,1,1173,197,297,242,0.9920626,-1,-1,-1
00248,1,460,43,271,259,0.9051423,-1,-1,-1
00249,1,637,486,560,450,0.9965479,-1,-1,-1
00249,1,1376,270,385,300,0.99248755,-1,-1,-1
00249,1,1173,197,297,242,0.9922356,-1,-1,-1
00249,1,460,43,271,259,0.90309095,-1,-1,-1
00250,1,637,478,555,474,0.99570024,-1,-1,-1
00250,1,1376,270,385,300,0.9924964,-1,-1,-1
00250,1,1173,197,297,242,0.9923383,-1,-1,-1
00250,1,460,43,271,259,0.9041595,-1,-1,-1
00251,1,637,478,555,474,0.9957359,-1,-1,-1
00251,1,1376,270,385,300,0.9922104,-1,-1,-1
00251,1,1173,197,297,242,0.9921612,-1,-1,-1
00251,1,460,43,271,259,0.90184873,-1,-1,-1
00252,1,1199,219,341,256,0.9859804,-1,-1,-1
00252,1,787,727,751,347,0.95573145,-1,-1,-1
00252,1,507,41,292,279,0.93359846,-1,-1,-1
00252,1,1046,172,255,203,0.7303628,-1,-1,-1
00252,1,845,119,272,199,0.71310467,-1,-1,-1
00253,1,1184,218,341,252,0.98446184,-1,-1,-1
00253,1,801,766,765,302,0.9477075,-1,-1,-1
00253,1,510,34,300,291,0.929377,-1,-1,-1
00253,1,845,109,246,207,0.7914412,-1,-1,-1
00254,1,1170,216,337,254,0.9881477,-1,-1,-1
00254,1,519,31,307,307,0.9169864,-1,-1,-1
00254,1,829,115,279,199,0.7649536,-1,-1,-1
00254,1,772,787,830,302,0.72807765,-1,-1,-1
00255,1,1164,210,327,251,0.97635955,-1,-1,-1
00255,1,523,33,309,310,0.95486397,-1,-1,-1
00255,1,829,113,257,198,0.85866576,-1,-1,-1
00256,1,1156,209,325,245,0.9831682,-1,-1,-1
00256,1,530,29,311,321,0.94631314,-1,-1,-1
00256,1,819,115,258,194,0.8616839,-1,-1,-1
00257,1,1145,204,318,250,0.9729331,-1,-1,-1
00257,1,523,44,310,300,0.9700739,-1,-1,-1
00257,1,814,112,251,196,0.91180295,-1,-1,-1
00258,1,1137,194,310,249,0.96086645,-1,-1,-1
00258,1,538,39,316,314,0.94427204,-1,-1,-1
00258,1,1688,246,233,269,0.8546508,-1,-1,-1
00258,1,991,144,243,199,0.8070948,-1,-1,-1
00258,1,810,113,243,191,0.72386384,-1,-1,-1
00259,1,1123,192,318,250,0.9828179,-1,-1,-1
00259,1,548,39,315,315,0.9791079,-1,-1,-1
00259,1,1671,245,250,260,0.87317234,-1,-1,-1
00259,1,814,115,222,186,0.81425595,-1,-1,-1
00260,1,1117,188,311,251,0.9776112,-1,-1,-1
00260,1,554,37,313,325,0.9741857,-1,-1,-1
00260,1,1644,228,277,271,0.93586624,-1,-1,-1
00260,1,817,118,215,182,0.7473668,-1,-1,-1
00261,1,1107,185,306,247,0.98838323,-1,-1,-1
00261,1,551,48,319,311,0.9610517,-1,-1,-1
00261,1,1635,224,286,268,0.9551786,-1,-1,-1
00262,1,1619,222,302,263,0.9891276,-1,-1,-1
00262,1,1099,184,302,244,0.98168004,-1,-1,-1
00262,1,569,44,321,321,0.9744236,-1,-1,-1
00263,1,1597,216,324,267,0.9937273,-1,-1,-1
00263,1,572,46,312,320,0.980823,-1,-1,-1
00263,1,1089,189,304,230,0.96541345,-1,-1,-1
00264,1,580,42,328,328,0.9784551,-1,-1,-1
00264,1,1566,214,346,262,0.96484673,-1,-1,-1
00264,1,1080,184,303,229,0.9614855,-1,-1,-1
00265,1,1547,208,355,254,0.9877626,-1,-1,-1
00265,1,589,43,332,331,0.97035325,-1,-1,-1
00265,1,1069,186,304,224,0.95925045,-1,-1,-1
00266,1,1525,198,354,263,0.98491454,-1,-1,-1
00266,1,587,50,326,331,0.94607896,-1,-1,-1
00266,1,1060,180,299,228,0.94580466,-1,-1,-1
00267,1,588,50,339,336,0.972291,-1,-1,-1
00267,1,1505,198,340,253,0.969751,-1,-1,-1
00267,1,1057,178,291,229,0.95174134,-1,-1,-1
00268,1,1484,194,344,251,0.98838997,-1,-1,-1
00268,1,599,54,335,334,0.9681106,-1,-1,-1
00268,1,1039,177,298,227,0.88358,-1,-1,-1
00269,1,1473,188,328,252,0.99133694,-1,-1,-1
00269,1,609,55,342,337,0.95992696,-1,-1,-1
00269,1,1018,170,300,231,0.8888949,-1,-1,-1
00270,1,1454,186,332,246,0.9902512,-1,-1,-1
00270,1,619,58,345,345,0.97134936,-1,-1,-1
00270,1,983,176,327,216,0.92353845,-1,-1,-1
00271,1,1441,182,318,240,0.98549646,-1,-1,-1
00271,1,627,69,341,341,0.97253114,-1,-1,-1
00271,1,962,172,333,214,0.89765483,-1,-1,-1
00272,1,633,60,367,365,0.9881406,-1,-1,-1
00272,1,1421,177,317,242,0.96946543,-1,-1,-1
00273,1,641,67,362,362,0.9945294,-1,-1,-1
00273,1,1389,174,333,236,0.9758065,-1,-1,-1
00273,1,940,168,310,208,0.8162709,-1,-1,-1
00274,1,651,68,362,367,0.9863594,-1,-1,-1
00274,1,1377,172,321,233,0.95577794,-1,-1,-1
00275,1,657,67,367,370,0.97570384,-1,-1,-1
00275,1,1365,170,318,231,0.95606905,-1,-1,-1
00275,1,975,170,227,205,0.87249804,-1,-1,-1
00276,1,661,77,380,369,0.99073267,-1,-1,-1
00276,1,1349,164,317,232,0.9555685,-1,-1,-1
00277,1,662,73,405,380,0.988896,-1,-1,-1
00277,1,1357,165,290,230,0.96870786,-1,-1,-1
00278,1,680,70,385,392,0.99061865,-1,-1,-1
00278,1,1326,167,312,218,0.9819197,-1,-1,-1
00279,1,695,66,384,400,0.99120015,-1,-1,-1
00279,1,1334,165,278,221,0.8933111,-1,-1,-1
00279,1,1111,190,155,101,0.88244474,-1,-1,-1
00280,1,695,66,384,399,0.99127066,-1,-1,-1
00280,1,1334,165,278,221,0.89173716,-1,-1,-1
00280,1,1111,190,155,101,0.8820716,-1,-1,-1
00281,1,694,81,378,389,0.9870586,-1,-1,-1
00281,1,1335,166,277,219,0.89395887,-1,-1,-1
00281,1,1111,191,155,99,0.8468043,-1,-1,-1
00282,1,694,81,378,389,0.9872181,-1,-1,-1
00282,1,1335,166,277,219,0.8862517,-1,-1,-1
00282,1,1112,191,154,99,0.83770704,-1,-1,-1
00283,1,694,71,390,393,0.9883491,-1,-1,-1
00283,1,1335,166,277,219,0.8879445,-1,-1,-1
00283,1,1112,191,154,99,0.84599924,-1,-1,-1
00284,1,694,81,378,389,0.9875299,-1,-1,-1
00284,1,1335,166,277,219,0.88447607,-1,-1,-1
00284,1,1112,191,154,99,0.83504575,-1,-1,-1
00285,1,694,81,378,389,0.98746836,-1,-1,-1
00285,1,1335,166,277,219,0.88541156,-1,-1,-1
00285,1,1112,192,160,99,0.76857656,-1,-1,-1
00286,1,695,81,377,389,0.9873461,-1,-1,-1
00286,1,1335,165,277,220,0.8869128,-1,-1,-1
00286,1,1113,192,159,100,0.75844574,-1,-1,-1
00287,1,695,81,377,389,0.98722947,-1,-1,-1
00287,1,1335,165,277,220,0.88577294,-1,-1,-1
00287,1,1113,192,159,100,0.76716626,-1,-1,-1
00288,1,695,81,377,389,0.9871997,-1,-1,-1
00288,1,1335,165,277,220,0.88419664,-1,-1,-1
00288,1,1112,192,160,100,0.7704962,-1,-1,-1
00289,1,694,68,388,397,0.9889325,-1,-1,-1
00289,1,1334,166,278,219,0.8942833,-1,-1,-1
00289,1,1111,191,155,99,0.86375767,-1,-1,-1
00290,1,694,68,388,397,0.98888856,-1,-1,-1
00290,1,1334,166,278,219,0.89454657,-1,-1,-1
00290,1,1111,191,155,99,0.8632583,-1,-1,-1
00291,1,694,68,389,397,0.98888737,-1,-1,-1
00291,1,1334,166,278,219,0.8973473,-1,-1,-1
00291,1,1111,191,155,99,0.86076504,-1,-1,-1
00292,1,843,96,484,488,0.9973363,-1,-1,-1
00292,1,1424,255,390,297,0.99641067,-1,-1,-1
00292,1,212,152,463,210,0.9880822,-1,-1,-1
00292,1,664,120,178,147,0.9313109,-1,-1,-1
00293,1,859,92,489,509,0.99728584,-1,-1,-1
00293,1,1402,246,392,293,0.99359363,-1,-1,-1
00293,1,658,116,184,152,0.95860505,-1,-1,-1
00293,1,199,144,429,215,0.95702225,-1,-1,-1
00294,1,878,97,491,524,0.9951833,-1,-1,-1
00294,1,1388,245,381,288,0.993032,-1,-1,-1
00294,1,159,154,467,207,0.9864885,-1,-1,-1
00294,1,654,118,187,148,0.9708985,-1,-1,-1
00295,1,878,54,518,567,0.9963058,-1,-1,-1
00295,1,132,154,472,208,0.99079204,-1,-1,-1
00295,1,1376,239,371,281,0.98529565,-1,-1,-1
00295,1,653,119,191,147,0.9700351,-1,-1,-1
00295,1,763,122,192,158,0.842441,-1,-1,-1
00296,1,898,70,529,559,0.9979096,-1,-1,-1
00296,1,1369,238,356,280,0.993004,-1,-1,-1
00296,1,124,146,451,214,0.9435233,-1,-1,-1
00296,1,763,120,196,161,0.87730604,-1,-1,-1
00296,1,654,121,183,145,0.8129173,-1,-1,-1
00297,1,916,61,534,607,0.9991208,-1,-1,-1
00297,1,112,147,445,213,0.9559918,-1,-1,-1
00297,1,1382,240,317,270,0.92389977,-1,-1,-1
00297,1,761,120,194,162,0.9084435,-1,-1,-1
00297,1,660,119,190,150,0.80772823,-1,-1,-1
00298,1,926,66,559,588,0.9985537,-1,-1,-1
00298,1,94,145,450,213,0.9487906,-1,-1,-1
00298,1,760,116,190,163,0.92822707,-1,-1,-1
00298,1,1386,236,284,250,0.72583616,-1,-1,-1
00299,1,962,64,555,626,0.9955576,-1,-1,-1
00299,1,87,150,442,209,0.9579651,-1,-1,-1
00299,1,751,119,190,162,0.9010997,-1,-1,-1
