00001,1,1412,196,325,284,0.99241555,-1,-1,-1
00001,1,1228,157,161,144,0.97704643,-1,-1,-1
00001,1,669,185,225,196,0.96444315,-1,-1,-1
00001,1,835,183,175,155,0.95324224,-1,-1,-1
00001,1,1150,86,78,79,0.79713553,-1,-1,-1
00001,1,1405,153,120,120,0.7164565,-1,-1,-1
00001,1,951,169,172,132,0.70399,-1,-1,-1
00002,1,1418,193,329,283,0.99062717,-1,-1,-1
00002,1,1229,159,158,143,0.97741127,-1,-1,-1
00002,1,833,188,182,151,0.9447098,-1,-1,-1
00002,1,666,183,234,196,0.9427241,-1,-1,-1
00002,1,1405,162,128,111,0.8758155,-1,-1,-1
00002,1,1150,88,81,80,0.84331113,-1,-1,-1
00003,1,1426,193,322,275,0.9809038,-1,-1,-1
00003,1,1228,159,159,142,0.977616,-1,-1,-1
00003,1,1404,163,129,109,0.8670242,-1,-1,-1
00003,1,654,188,237,192,0.85441476,-1,-1,-1
00003,1,926,186,151,134,0.83937544,-1,-1,-1
00003,1,823,184,172,150,0.820316,-1,-1,-1
00003,1,1148,88,86,83,0.73208076,-1,-1,-1
00004,1,1431,191,321,276,0.98781306,-1,-1,-1
00004,1,1228,159,161,142,0.97892076,-1,-1,-1
00004,1,1407,164,123,110,0.9014406,-1,-1,-1
00004,1,648,188,238,193,0.86591446,-1,-1,-1
00004,1,837,186,181,152,0.8464746,-1,-1,-1
00004,1,1147,88,87,82,0.7162081,-1,-1,-1
00005,1,1230,158,158,143,0.9796402,-1,-1,-1
00005,1,1431,190,324,266,0.9669425,-1,-1,-1
00005,1,821,186,192,153,0.90674645,-1,-1,-1
00005,1,1416,161,124,117,0.890481,-1,-1,-1
00005,1,1144,79,89,97,0.77670866,-1,-1,-1
00005,1,634,184,249,193,0.7422107,-1,-1,-1
00006,1,1230,155,157,145,0.98210424,-1,-1,-1
00006,1,811,185,180,155,0.9725179,-1,-1,-1
00006,1,1438,186,319,265,0.9622002,-1,-1,-1
00006,1,1148,88,87,82,0.83985436,-1,-1,-1
00006,1,1412,158,128,120,0.8174413,-1,-1,-1
00006,1,633,200,247,188,0.7477775,-1,-1,-1
00007,1,1231,155,156,145,0.98117054,-1,-1,-1
00007,1,1445,185,317,259,0.9570812,-1,-1,-1
00007,1,813,183,183,160,0.93266237,-1,-1,-1
00007,1,1149,91,88,79,0.8848055,-1,-1,-1
00007,1,628,202,255,190,0.77432656,-1,-1,-1
00007,1,1411,156,132,122,0.7279657,-1,-1,-1
00008,1,1232,158,156,141,0.9756457,-1,-1,-1
00008,1,811,186,176,156,0.94998676,-1,-1,-1
00008,1,1454,187,312,250,0.94386715,-1,-1,-1
00008,1,633,189,260,207,0.84726995,-1,-1,-1
00008,1,1149,92,90,78,0.8051754,-1,-1,-1
00009,1,1461,190,308,248,0.97535354,-1,-1,-1
00009,1,1233,159,156,140,0.97439474,-1,-1,-1
00009,1,802,186,180,163,0.9575926,-1,-1,-1
00009,1,1150,93,88,78,0.84937686,-1,-1,-1
00009,1,1412,169,130,107,0.7355751,-1,-1,-1
00009,1,606,187,252,204,0.72160846,-1,-1,-1
00010,1,1468,188,302,246,0.97818464,-1,-1,-1
00010,1,1234,161,155,138,0.97703505,-1,-1,-1
00010,1,798,186,184,169,0.942246,-1,-1,-1
00010,1,1150,93,90,81,0.8919296,-1,-1,-1
00011,1,1235,160,153,138,0.98421603,-1,-1,-1
00011,1,1475,185,297,244,0.97728103,-1,-1,-1
00011,1,1152,92,87,81,0.87204254,-1,-1,-1
00011,1,1415,164,132,111,0.79873425,-1,-1,-1
00011,1,595,203,267,202,0.71687675,-1,-1,-1
00012,1,1236,160,152,137,0.98412836,-1,-1,-1
00012,1,1484,182,289,243,0.9821393,-1,-1,-1
00012,1,1152,93,87,80,0.9054432,-1,-1,-1
00012,1,787,183,190,173,0.8556571,-1,-1,-1
00012,1,585,199,268,204,0.7973381,-1,-1,-1
00013,1,1234,158,155,140,0.9862229,-1,-1,-1
00013,1,1487,182,286,238,0.9804981,-1,-1,-1
00013,1,782,186,194,169,0.9493695,-1,-1,-1
00013,1,1152,94,87,79,0.8564224,-1,-1,-1
00013,1,592,188,278,226,0.85569346,-1,-1,-1
00014,1,1234,159,156,139,0.9870301,-1,-1,-1
00014,1,1492,182,281,232,0.98066735,-1,-1,-1
00014,1,1152,93,88,82,0.8564308,-1,-1,-1
00014,1,911,185,166,133,0.7409256,-1,-1,-1
00015,1,1235,160,156,138,0.9859869,-1,-1,-1
00015,1,1499,183,274,224,0.9831383,-1,-1,-1
00015,1,1151,94,90,83,0.8753778,-1,-1,-1
00015,1,563,193,279,218,0.76603323,-1,-1,-1
00016,1,1502,181,272,224,0.9814356,-1,-1,-1
00016,1,1235,159,156,140,0.9787612,-1,-1,-1
00016,1,1150,94,93,85,0.86073834,-1,-1,-1
00016,1,1391,153,110,104,0.85145,-1,-1,-1
00016,1,1022,157,121,97,0.794391,-1,-1,-1
00016,1,762,193,204,158,0.77642494,-1,-1,-1
00016,1,905,189,160,138,0.70457006,-1,-1,-1
00017,1,1509,178,262,224,0.98359156,-1,-1,-1
00017,1,1235,159,158,140,0.9809337,-1,-1,-1
00017,1,1392,154,107,100,0.9083021,-1,-1,-1
00017,1,1150,96,93,83,0.8365074,-1,-1,-1
00017,1,904,192,161,134,0.7665948,-1,-1,-1
00018,1,1234,159,159,140,0.97722435,-1,-1,-1
00018,1,1509,177,262,222,0.97562194,-1,-1,-1
00018,1,1393,149,117,109,0.92540586,-1,-1,-1
00018,1,1004,152,144,100,0.896742,-1,-1,-1
00018,1,759,190,193,165,0.8722101,-1,-1,-1
00018,1,1150,97,94,83,0.8436737,-1,-1,-1
00018,1,901,193,164,132,0.821594,-1,-1,-1
00018,1,530,200,290,221,0.7129708,-1,-1,-1
00019,1,1235,159,157,140,0.980288,-1,-1,-1
00019,1,1511,174,261,222,0.9781095,-1,-1,-1
00019,1,896,192,169,132,0.95793587,-1,-1,-1
00019,1,1011,154,147,96,0.94291854,-1,-1,-1
00019,1,1394,147,114,107,0.8951201,-1,-1,-1
00019,1,1150,97,94,83,0.7613036,-1,-1,-1
00019,1,762,187,195,170,0.74047416,-1,-1,-1
00020,1,1515,173,259,220,0.9834383,-1,-1,-1
00020,1,1235,159,157,139,0.9738695,-1,-1,-1
00020,1,896,190,165,135,0.9513958,-1,-1,-1
00020,1,1011,153,153,95,0.94587725,-1,-1,-1
00020,1,1149,97,95,84,0.7399551,-1,-1,-1
00021,1,1513,167,259,224,0.9826438,-1,-1,-1
00021,1,1234,157,159,142,0.9792867,-1,-1,-1
00021,1,896,191,164,133,0.9098293,-1,-1,-1
00021,1,1018,152,145,96,0.89875036,-1,-1,-1
00021,1,1147,99,96,82,0.7952998,-1,-1,-1
00021,1,1474,172,117,95,0.789393,-1,-1,-1
00021,1,754,185,204,174,0.77709126,-1,-1,-1
00022,1,1513,167,259,219,0.98142195,-1,-1,-1
00022,1,1234,158,159,141,0.9796866,-1,-1,-1
00022,1,1022,160,146,92,0.93887925,-1,-1,-1
00022,1,894,189,165,139,0.9138138,-1,-1,-1
00022,1,1393,150,110,99,0.85315895,-1,-1,-1
00022,1,1147,99,95,84,0.72914857,-1,-1,-1
00022,1,755,184,200,170,0.7118774,-1,-1,-1
00023,1,1234,158,161,142,0.97658485,-1,-1,-1
00023,1,892,189,169,137,0.97043353,-1,-1,-1
00023,1,1516,169,257,215,0.96733844,-1,-1,-1
00023,1,1394,150,107,100,0.95300627,-1,-1,-1
00023,1,1027,161,136,92,0.9470514,-1,-1,-1
00023,1,1145,99,99,87,0.75717777,-1,-1,-1
00024,1,1521,170,250,211,0.9817888,-1,-1,-1
00024,1,1234,159,161,140,0.9761969,-1,-1,-1
00024,1,1394,151,107,101,0.97533995,-1,-1,-1
00024,1,891,190,166,137,0.958187,-1,-1,-1
00024,1,740,187,206,175,0.91097593,-1,-1,-1
00024,1,1026,153,163,94,0.90675205,-1,-1,-1
00024,1,506,216,257,219,0.74111813,-1,-1,-1
00025,1,1521,169,250,210,0.9904469,-1,-1,-1
00025,1,1235,160,160,141,0.97932076,-1,-1,-1
00025,1,1393,148,115,107,0.9786861,-1,-1,-1
00025,1,885,186,169,144,0.97007555,-1,-1,-1
00025,1,733,187,211,179,0.95487887,-1,-1,-1
00025,1,1029,156,146,94,0.904113,-1,-1,-1
00025,1,482,209,266,238,0.81882095,-1,-1,-1
00025,1,1313,104,89,91,0.7055038,-1,-1,-1
00026,1,1523,166,247,208,0.99167645,-1,-1,-1
00026,1,1393,147,115,107,0.9788832,-1,-1,-1
00026,1,1234,158,160,142,0.9772957,-1,-1,-1
00026,1,882,185,174,145,0.95109874,-1,-1,-1
00026,1,477,208,278,238,0.9142519,-1,-1,-1
00026,1,1030,155,158,96,0.8818045,-1,-1,-1
00026,1,724,192,208,170,0.70279527,-1,-1,-1
00027,1,1522,163,244,208,0.993852,-1,-1,-1
00027,1,1394,146,115,108,0.97818017,-1,-1,-1
00027,1,1233,159,160,140,0.9749264,-1,-1,-1
00027,1,1034,147,160,103,0.9590488,-1,-1,-1
00027,1,479,204,269,243,0.9381214,-1,-1,-1
00027,1,880,189,175,138,0.932752,-1,-1,-1
00027,1,721,182,220,185,0.8517449,-1,-1,-1
00028,1,1522,162,237,205,0.987276,-1,-1,-1
00028,1,1234,159,157,138,0.97150266,-1,-1,-1
00028,1,1391,138,117,115,0.9648855,-1,-1,-1
00028,1,711,184,225,184,0.92932576,-1,-1,-1
00028,1,874,191,179,135,0.9047859,-1,-1,-1
00028,1,452,209,308,248,0.87567717,-1,-1,-1
00028,1,1051,149,152,94,0.72400534,-1,-1,-1
00029,1,1522,162,232,204,0.986712,-1,-1,-1
00029,1,1234,159,158,138,0.9769791,-1,-1,-1
00029,1,1395,147,110,103,0.9525692,-1,-1,-1
00029,1,440,206,311,258,0.8757577,-1,-1,-1
00029,1,875,190,179,136,0.8475002,-1,-1,-1
00029,1,704,180,230,196,0.82914686,-1,-1,-1
00029,1,1313,102,90,90,0.71259314,-1,-1,-1
00030,1,1521,163,228,199,0.98421,-1,-1,-1
00030,1,1238,157,152,135,0.97659314,-1,-1,-1
00030,1,1395,145,115,109,0.97361994,-1,-1,-1
00030,1,872,187,177,143,0.9478122,-1,-1,-1
00030,1,692,189,222,183,0.8816323,-1,-1,-1
00030,1,436,214,294,247,0.874518,-1,-1,-1
00030,1,1032,155,117,88,0.8248593,-1,-1,-1
00031,1,1520,166,226,196,0.98536325,-1,-1,-1
00031,1,1394,145,114,109,0.9765803,-1,-1,-1
00031,1,1235,160,154,137,0.9744139,-1,-1,-1
00031,1,871,188,178,141,0.9449297,-1,-1,-1
00031,1,691,185,242,196,0.83966094,-1,-1,-1
00031,1,1313,102,90,91,0.7553075,-1,-1,-1
00032,1,1512,167,234,191,0.9904351,-1,-1,-1
00032,1,868,188,182,144,0.9757962,-1,-1,-1
00032,1,1394,147,113,108,0.9743882,-1,-1,-1
00032,1,1235,160,155,138,0.97202367,-1,-1,-1
00032,1,682,194,227,180,0.8615365,-1,-1,-1
00032,1,409,211,318,262,0.7506453,-1,-1,-1
00032,1,1142,99,100,97,0.737189,-1,-1,-1
00032,1,1312,104,91,87,0.726454,-1,-1,-1
00033,1,1511,165,231,190,0.98595077,-1,-1,-1
00033,1,865,188,185,146,0.98004353,-1,-1,-1
00033,1,1235,160,155,137,0.97348267,-1,-1,-1
00033,1,1394,147,114,108,0.9694955,-1,-1,-1
00033,1,1113,126,131,122,0.88139063,-1,-1,-1
00033,1,416,223,300,259,0.8702111,-1,-1,-1
00033,1,674,182,226,194,0.8124699,-1,-1,-1
00034,1,1511,166,221,189,0.9791728,-1,-1,-1
00034,1,1239,158,150,132,0.9781707,-1,-1,-1
00034,1,859,188,192,148,0.97580147,-1,-1,-1
00034,1,1393,146,115,108,0.9750636,-1,-1,-1
00034,1,1115,129,130,120,0.937468,-1,-1,-1
00034,1,384,207,325,277,0.76170844,-1,-1,-1
00035,1,1504,161,225,192,0.98557335,-1,-1,-1
00035,1,1237,157,152,132,0.9851967,-1,-1,-1
00035,1,1394,145,116,109,0.9725635,-1,-1,-1
00035,1,854,188,197,147,0.95528525,-1,-1,-1
00035,1,1109,135,130,109,0.9386108,-1,-1,-1
00035,1,397,228,305,260,0.7611265,-1,-1,-1
00035,1,1313,101,90,91,0.7498916,-1,-1,-1
00035,1,663,187,235,192,0.70597297,-1,-1,-1
00036,1,1500,160,233,194,0.99515426,-1,-1,-1
00036,1,1238,157,152,132,0.9856677,-1,-1,-1
00036,1,848,187,198,150,0.97558355,-1,-1,-1
00036,1,1396,147,108,103,0.9497916,-1,-1,-1
00036,1,1118,133,128,116,0.9165083,-1,-1,-1
00036,1,376,225,311,270,0.86268276,-1,-1,-1
00036,1,661,185,231,193,0.85559154,-1,-1,-1
00037,1,1498,160,229,192,0.9944291,-1,-1,-1
00037,1,1238,157,150,132,0.98627895,-1,-1,-1
00037,1,849,187,199,148,0.9754567,-1,-1,-1
00037,1,1396,147,108,105,0.96177465,-1,-1,-1
00037,1,1124,126,122,126,0.94991755,-1,-1,-1
00037,1,657,184,231,196,0.94986564,-1,-1,-1
00037,1,365,211,314,287,0.915189,-1,-1,-1
00037,1,1313,101,89,92,0.74976724,-1,-1,-1
00037,1,1026,160,108,84,0.7384888,-1,-1,-1
00038,1,1238,157,149,131,0.9859883,-1,-1,-1
00038,1,1394,146,114,107,0.97507715,-1,-1,-1
00038,1,1495,166,220,179,0.9749221,-1,-1,-1
00038,1,843,186,200,153,0.9654108,-1,-1,-1
00038,1,1124,131,122,120,0.9466841,-1,-1,-1
00038,1,654,187,232,192,0.91881466,-1,-1,-1
00038,1,344,225,328,275,0.80796427,-1,-1,-1
00038,1,1026,161,107,84,0.7645982,-1,-1,-1
00038,1,1312,103,91,89,0.7622623,-1,-1,-1
00039,1,1492,166,222,177,0.9882775,-1,-1,-1
00039,1,1239,157,148,131,0.9864412,-1,-1,-1
00039,1,844,185,200,152,0.98117816,-1,-1,-1
00039,1,1393,147,115,107,0.973987,-1,-1,-1
00039,1,1126,129,121,122,0.95448077,-1,-1,-1
00039,1,647,191,240,196,0.9208732,-1,-1,-1
00039,1,342,237,306,275,0.9167597,-1,-1,-1
00040,1,1491,161,222,183,0.9963561,-1,-1,-1
00040,1,1239,158,147,131,0.98665667,-1,-1,-1
00040,1,1393,147,114,106,0.9731521,-1,-1,-1
00040,1,838,188,191,151,0.94889635,-1,-1,-1
00040,1,644,191,243,201,0.9451877,-1,-1,-1
00040,1,1128,125,117,125,0.93306243,-1,-1,-1
00040,1,327,239,309,277,0.92276204,-1,-1,-1
00040,1,542,744,992,337,0.9168963,-1,-1,-1
00040,1,1028,157,105,86,0.7393862,-1,-1,-1
00040,1,1313,104,90,89,0.7129018,-1,-1,-1
00041,1,1489,159,215,183,0.99604756,-1,-1,-1
00041,1,1240,157,147,131,0.9876908,-1,-1,-1
00041,1,634,194,250,199,0.9733396,-1,-1,-1
00041,1,1392,147,118,105,0.9670502,-1,-1,-1
00041,1,839,188,186,150,0.9533358,-1,-1,-1
00041,1,523,730,1004,351,0.9348475,-1,-1,-1
00041,1,317,237,309,282,0.92012465,-1,-1,-1
00041,1,1129,123,114,125,0.91794455,-1,-1,-1
00041,1,1028,157,104,87,0.7159487,-1,-1,-1
00042,1,1490,158,211,183,0.9942931,-1,-1,-1
00042,1,1240,157,147,131,0.9880918,-1,-1,-1
00042,1,624,192,253,204,0.97219354,-1,-1,-1
00042,1,582,674,1084,407,0.9709864,-1,-1,-1
00042,1,1393,147,119,105,0.9623434,-1,-1,-1
00042,1,837,186,189,150,0.94759214,-1,-1,-1
00042,1,1129,125,114,122,0.923289,-1,-1,-1
00042,1,308,240,316,283,0.8701683,-1,-1,-1
00043,1,677,601,993,480,0.99341315,-1,-1,-1
00043,1,1239,157,148,131,0.99082255,-1,-1,-1
00043,1,1490,155,207,182,0.9898822,-1,-1,-1
00043,1,621,195,247,205,0.9664493,-1,-1,-1
00043,1,1393,146,120,105,0.9542874,-1,-1,-1
00043,1,834,184,191,154,0.9466269,-1,-1,-1
00043,1,1123,141,118,103,0.89463836,-1,-1,-1
00043,1,290,243,327,288,0.7863077,-1,-1,-1
00044,1,827,518,942,537,0.9992681,-1,-1,-1
00044,1,1239,158,147,129,0.9887088,-1,-1,-1
00044,1,1488,155,205,179,0.9873904,-1,-1,-1
00044,1,613,196,250,205,0.9780593,-1,-1,-1
00044,1,1394,147,121,105,0.9496374,-1,-1,-1
00044,1,836,184,186,155,0.94428474,-1,-1,-1
00044,1,1127,142,112,101,0.91079086,-1,-1,-1
00044,1,1144,99,97,94,0.79157346,-1,-1,-1
00044,1,272,233,347,294,0.76429355,-1,-1,-1
00044,1,1022,154,129,90,0.74949193,-1,-1,-1
00045,1,904,470,903,609,0.99964786,-1,-1,-1
00045,1,1239,157,147,129,0.98821706,-1,-1,-1
00045,1,1483,153,203,181,0.98248154,-1,-1,-1
00045,1,606,200,254,205,0.9702498,-1,-1,-1
00045,1,1393,146,122,105,0.9473085,-1,-1,-1
00045,1,828,189,187,149,0.9460072,-1,-1,-1
00045,1,265,240,341,299,0.91427344,-1,-1,-1
00045,1,1127,139,113,104,0.8922429,-1,-1,-1
00045,1,1028,155,104,88,0.7320497,-1,-1,-1
00046,1,947,514,842,553,0.9976418,-1,-1,-1
00046,1,1480,157,202,179,0.9888493,-1,-1,-1
00046,1,1238,158,148,129,0.9884588,-1,-1,-1
00046,1,603,201,257,207,0.9562563,-1,-1,-1
00046,1,1393,146,123,105,0.9507213,-1,-1,-1
00046,1,828,190,184,148,0.94896173,-1,-1,-1
00046,1,246,254,345,298,0.9074136,-1,-1,-1
00046,1,1126,140,115,103,0.88173974,-1,-1,-1
00046,1,1028,156,104,88,0.79961854,-1,-1,-1
00047,1,1020,461,866,620,0.9995932,-1,-1,-1
00047,1,1477,158,201,179,0.9897884,-1,-1,-1
00047,1,1238,158,147,129,0.9880136,-1,-1,-1
00047,1,823,187,189,155,0.96700615,-1,-1,-1
00047,1,1394,147,120,104,0.9504464,-1,-1,-1
00047,1,589,192,268,215,0.9295515,-1,-1,-1
00047,1,1132,120,112,129,0.89302963,-1,-1,-1
00047,1,256,264,329,289,0.86477524,-1,-1,-1
00047,1,1028,156,103,88,0.8260602,-1,-1,-1
00048,1,1103,415,791,666,0.9996062,-1,-1,-1
00048,1,1476,158,198,179,0.99099547,-1,-1,-1
00048,1,1238,159,147,128,0.9883613,-1,-1,-1
00048,1,216,250,354,318,0.97286224,-1,-1,-1
00048,1,816,190,192,153,0.95367855,-1,-1,-1
00048,1,1394,146,119,105,0.95285004,-1,-1,-1
00048,1,1131,124,112,127,0.9388158,-1,-1,-1
00048,1,586,194,267,212,0.9155448,-1,-1,-1
00048,1,1027,155,104,89,0.8427675,-1,-1,-1
00049,1,1162,383,749,666,0.9996624,-1,-1,-1
00049,1,1473,158,198,178,0.99063814,-1,-1,-1
00049,1,1239,160,145,127,0.98691094,-1,-1,-1
00049,1,203,254,367,324,0.9693495,-1,-1,-1
00049,1,583,195,263,221,0.9655559,-1,-1,-1
00049,1,1129,134,113,116,0.95717174,-1,-1,-1
00049,1,1394,147,119,104,0.9434452,-1,-1,-1
00049,1,816,189,192,154,0.9423928,-1,-1,-1
00049,1,1026,156,106,87,0.8440523,-1,-1,-1
00050,1,1226,414,689,667,0.9994261,-1,-1,-1
00050,1,1238,160,145,127,0.98883367,-1,-1,-1
00050,1,1470,158,199,178,0.9861829,-1,-1,-1
00050,1,1129,128,114,122,0.944283,-1,-1,-1
00050,1,178,251,378,333,0.9345035,-1,-1,-1
00050,1,812,188,192,156,0.93197787,-1,-1,-1
00050,1,569,195,277,225,0.93079835,-1,-1,-1
00050,1,1394,148,112,102,0.82566047,-1,-1,-1
00050,1,1026,155,106,88,0.793331,-1,-1,-1
00051,1,1270,381,651,608,0.99933285,-1,-1,-1
00051,1,1237,158,145,128,0.9879255,-1,-1,-1
00051,1,1468,157,198,177,0.98673487,-1,-1,-1
00051,1,168,262,373,325,0.9695283,-1,-1,-1
00051,1,811,187,194,156,0.87655896,-1,-1,-1
00051,1,1130,123,115,126,0.8757142,-1,-1,-1
00051,1,561,195,276,226,0.87088495,-1,-1,-1
00051,1,1393,149,113,100,0.86261684,-1,-1,-1
00052,1,1330,386,591,598,0.99807835,-1,-1,-1
00052,1,1237,158,145,128,0.98861545,-1,-1,-1
00052,1,1467,158,197,174,0.9860801,-1,-1,-1
00052,1,157,255,380,337,0.97348624,-1,-1,-1
00052,1,1393,149,112,100,0.8895892,-1,-1,-1
00052,1,1130,125,117,126,0.8676889,-1,-1,-1
00052,1,808,190,198,153,0.834403,-1,-1,-1
00052,1,1030,158,103,84,0.8254036,-1,-1,-1
00052,1,567,200,256,222,0.8169225,-1,-1,-1
00053,1,1366,316,555,567,0.9993549,-1,-1,-1
00053,1,1465,158,195,174,0.98915964,-1,-1,-1
00053,1,1237,159,146,128,0.9881444,-1,-1,-1
00053,1,138,259,395,337,0.9542748,-1,-1,-1
00053,1,1395,148,116,102,0.9317293,-1,-1,-1
00053,1,798,192,200,155,0.79166174,-1,-1,-1
00053,1,1135,113,112,136,0.7721643,-1,-1,-1
00053,1,562,202,254,225,0.7192842,-1,-1,-1
00054,1,1395,331,526,524,0.9984787,-1,-1,-1
00054,1,1237,158,147,128,0.98747176,-1,-1,-1
00054,1,1461,163,192,167,0.9769621,-1,-1,-1
00054,1,1395,149,114,100,0.90928245,-1,-1,-1
00054,1,799,192,197,155,0.87134224,-1,-1,-1
00054,1,559,200,255,224,0.86979616,-1,-1,-1
00054,1,125,264,387,335,0.8670304,-1,-1,-1
00054,1,1130,120,117,133,0.83727694,-1,-1,-1
00055,1,1406,298,509,536,0.9982151,-1,-1,-1
00055,1,1238,159,145,127,0.98686963,-1,-1,-1
00055,1,1459,160,193,167,0.9790596,-1,-1,-1
00055,1,102,271,391,337,0.9582529,-1,-1,-1
00055,1,1129,122,117,132,0.90617806,-1,-1,-1
00055,1,790,193,209,156,0.9000687,-1,-1,-1
00055,1,553,199,262,233,0.8881792,-1,-1,-1
00055,1,1385,147,120,108,0.8045665,-1,-1,-1
00056,1,1439,290,482,504,0.9982399,-1,-1,-1
00056,1,1237,159,144,126,0.9877714,-1,-1,-1
00056,1,86,265,410,351,0.94605935,-1,-1,-1
00056,1,540,200,264,234,0.9370597,-1,-1,-1
00056,1,789,193,203,154,0.90704346,-1,-1,-1
00056,1,1130,120,116,135,0.8755713,-1,-1,-1
00056,1,1457,156,186,162,0.79304457,-1,-1,-1
00057,1,1463,277,458,482,0.9973381,-1,-1,-1
00057,1,1238,158,143,126,0.9883503,-1,-1,-1
00057,1,75,270,398,349,0.96314734,-1,-1,-1
00057,1,1130,139,110,116,0.92417234,-1,-1,-1
00057,1,1450,162,195,161,0.91751593,-1,-1,-1
00057,1,540,203,269,231,0.9134529,-1,-1,-1
00057,1,782,192,201,159,0.8411581,-1,-1,-1
00057,1,1383,157,138,110,0.71332675,-1,-1,-1
00058,1,1489,256,432,478,0.995314,-1,-1,-1
00058,1,1237,158,147,127,0.98384166,-1,-1,-1
00058,1,1460,157,184,165,0.9482687,-1,-1,-1
00058,1,537,206,264,230,0.9342503,-1,-1,-1
00058,1,1128,134,113,118,0.931535,-1,-1,-1
00058,1,1363,162,148,103,0.9225779,-1,-1,-1
00058,1,785,187,205,164,0.9189745,-1,-1,-1
00058,1,61,273,393,355,0.72276556,-1,-1,-1
00059,1,1488,257,430,467,0.9968016,-1,-1,-1
00059,1,1235,159,154,124,0.9809241,-1,-1,-1
00059,1,531,204,265,238,0.9568314,-1,-1,-1
00059,1,1465,150,186,176,0.9442489,-1,-1,-1
00059,1,781,189,204,163,0.940593,-1,-1,-1
00059,1,1128,133,114,120,0.92999005,-1,-1,-1
00059,1,31,274,412,374,0.9093996,-1,-1,-1
00059,1,1349,160,163,104,0.88207906,-1,-1,-1
00060,1,1509,238,412,455,0.99610436,-1,-1,-1
00060,1,1237,158,153,127,0.98365283,-1,-1,-1
00060,1,1453,157,184,163,0.9737152,-1,-1,-1
00060,1,1337,153,163,112,0.97095776,-1,-1,-1
00060,1,517,201,283,253,0.93755895,-1,-1,-1
00060,1,774,194,201,159,0.9346527,-1,-1,-1
00060,1,1132,135,107,121,0.9303714,-1,-1,-1
00060,1,19,281,430,377,0.9202071,-1,-1,-1
00061,1,1519,222,402,445,0.99525875,-1,-1,-1
00061,1,1234,156,160,127,0.98839265,-1,-1,-1
00061,1,0,283,425,372,0.95316565,-1,-1,-1
00061,1,769,192,210,160,0.94640344,-1,-1,-1
00061,1,510,205,293,254,0.9433798,-1,-1,-1
00061,1,1452,162,186,160,0.9369707,-1,-1,-1
00061,1,1131,141,107,115,0.93127245,-1,-1,-1
00061,1,1340,158,150,111,0.74030465,-1,-1,-1
00062,1,1530,214,391,431,0.9953714,-1,-1,-1
00062,1,1235,160,158,125,0.98627687,-1,-1,-1
00062,1,1132,141,107,116,0.92992914,-1,-1,-1
00062,1,766,196,203,160,0.9183288,-1,-1,-1
00062,1,1451,161,188,158,0.91089267,-1,-1,-1
00062,1,501,204,296,259,0.89810586,-1,-1,-1
00062,1,0,306,409,367,0.87338394,-1,-1,-1
00063,1,1541,205,380,419,0.9954255,-1,-1,-1
00063,1,1230,158,167,127,0.9862174,-1,-1,-1
00063,1,1456,163,173,154,0.9478349,-1,-1,-1
00063,1,494,206,296,257,0.91331464,-1,-1,-1
00063,1,1131,139,108,118,0.9027179,-1,-1,-1
00063,1,761,192,215,162,0.85743105,-1,-1,-1
00064,1,1549,197,372,409,0.99629337,-1,-1,-1
00064,1,1219,156,166,125,0.9824416,-1,-1,-1
00064,1,1453,156,183,160,0.9229467,-1,-1,-1
00064,1,478,205,304,259,0.91281855,-1,-1,-1
00064,1,761,192,215,163,0.9038469,-1,-1,-1
00064,1,0,300,396,390,0.8432314,-1,-1,-1
00064,1,1121,137,132,118,0.7180609,-1,-1,-1
00065,1,1563,204,358,392,0.99775666,-1,-1,-1
00065,1,1228,159,160,125,0.967631,-1,-1,-1
00065,1,759,190,216,166,0.94692683,-1,-1,-1
00065,1,1451,156,184,160,0.93636525,-1,-1,-1
00065,1,472,215,300,252,0.91723436,-1,-1,-1
00065,1,0,306,380,382,0.86056876,-1,-1,-1
00065,1,1194,173,105,101,0.8161504,-1,-1,-1
00066,1,1567,202,354,380,0.99692446,-1,-1,-1
00066,1,466,219,289,252,0.96256614,-1,-1,-1
00066,1,750,192,213,167,0.93865335,-1,-1,-1
00066,1,1233,162,149,118,0.91859335,-1,-1,-1
00066,1,1161,162,142,110,0.9087455,-1,-1,-1
00066,1,1454,161,170,152,0.90697694,-1,-1,-1
00066,1,0,311,373,401,0.8444257,-1,-1,-1
00067,1,1579,200,342,363,0.9961033,-1,-1,-1
00067,1,459,218,304,256,0.966334,-1,-1,-1
00067,1,1449,157,181,156,0.9386878,-1,-1,-1
00067,1,744,194,218,165,0.9286166,-1,-1,-1
00067,1,1237,159,143,125,0.9056385,-1,-1,-1
00067,1,1136,161,155,115,0.87038547,-1,-1,-1
00067,1,0,337,359,383,0.7896146,-1,-1,-1
00068,1,1582,196,339,361,0.99538934,-1,-1,-1
00068,1,449,217,291,264,0.9379439,-1,-1,-1
00068,1,0,330,341,413,0.92510504,-1,-1,-1
00068,1,1239,164,140,120,0.8924435,-1,-1,-1
00068,1,741,194,218,167,0.8854755,-1,-1,-1
00068,1,1128,160,153,115,0.8816499,-1,-1,-1
00068,1,1446,159,178,150,0.87934864,-1,-1,-1
00069,1,1585,190,336,356,0.99671644,-1,-1,-1
00069,1,733,195,230,165,0.9717581,-1,-1,-1
00069,1,1122,158,154,123,0.9522878,-1,-1,-1
00069,1,1241,160,138,123,0.94211626,-1,-1,-1
00069,1,433,216,302,272,0.90901566,-1,-1,-1
00069,1,1028,158,106,83,0.8589116,-1,-1,-1
00069,1,1449,165,170,145,0.8198595,-1,-1,-1
00069,1,0,347,343,412,0.8110443,-1,-1,-1
00070,1,1590,187,331,341,0.99537945,-1,-1,-1
00070,1,1240,161,140,122,0.9684742,-1,-1,-1
00070,1,733,191,224,172,0.9504947,-1,-1,-1
00070,1,1107,150,167,133,0.94889164,-1,-1,-1
00070,1,0,355,308,419,0.92251503,-1,-1,-1
00070,1,431,217,319,271,0.91875356,-1,-1,-1
00070,1,1448,163,169,146,0.825636,-1,-1,-1
00070,1,1395,149,117,100,0.7499068,-1,-1,-1
00070,1,1028,159,105,83,0.7359034,-1,-1,-1
00071,1,1587,182,334,347,0.99305624,-1,-1,-1
00071,1,0,356,297,429,0.96723294,-1,-1,-1
00071,1,1242,161,138,123,0.95597607,-1,-1,-1
00071,1,1082,157,196,123,0.95296156,-1,-1,-1
00071,1,731,193,230,168,0.947557,-1,-1,-1
00071,1,421,217,318,274,0.93906265,-1,-1,-1
00071,1,1448,160,174,148,0.89876956,-1,-1,-1
00072,1,1595,183,326,330,0.9928139,-1,-1,-1
00072,1,1240,159,140,124,0.96630204,-1,-1,-1
00072,1,1067,161,198,118,0.95624894,-1,-1,-1
00072,1,0,366,282,436,0.9392146,-1,-1,-1
00072,1,729,191,217,173,0.9243293,-1,-1,-1
00072,1,411,215,303,284,0.9188361,-1,-1,-1
00072,1,1442,166,170,141,0.85628265,-1,-1,-1
00073,1,1596,182,325,326,0.9939798,-1,-1,-1
00073,1,400,220,310,277,0.9727798,-1,-1,-1
00073,1,1238,159,142,122,0.969344,-1,-1,-1
00073,1,1065,165,170,120,0.9662407,-1,-1,-1
00073,1,721,194,226,169,0.92102003,-1,-1,-1
00073,1,0,398,294,434,0.9081414,-1,-1,-1
00073,1,1440,169,168,136,0.89142233,-1,-1,-1
00073,1,1387,149,117,103,0.8710702,-1,-1,-1
00074,1,1603,183,318,323,0.99714977,-1,-1,-1
00074,1,1048,162,161,126,0.97634774,-1,-1,-1
00074,1,1239,157,142,123,0.971047,-1,-1,-1
00074,1,394,218,321,280,0.9668241,-1,-1,-1
00074,1,1437,168,170,139,0.8976069,-1,-1,-1
00074,1,1387,151,118,101,0.8848902,-1,-1,-1
00074,1,0,389,259,459,0.8714139,-1,-1,-1
00074,1,713,193,235,170,0.8362035,-1,-1,-1
00075,1,1600,180,321,316,0.994222,-1,-1,-1
00075,1,1036,174,166,115,0.9906441,-1,-1,-1
00075,1,1240,157,141,123,0.974532,-1,-1,-1
00075,1,378,221,324,286,0.9699856,-1,-1,-1
00075,1,1436,164,169,142,0.9051083,-1,-1,-1
00075,1,709,195,230,171,0.89031106,-1,-1,-1
00075,1,1387,151,117,102,0.828105,-1,-1,-1
00075,1,0,428,250,429,0.8255206,-1,-1,-1
00076,1,1599,178,318,309,0.9926676,-1,-1,-1
00076,1,1035,173,171,116,0.98799264,-1,-1,-1
00076,1,1240,158,141,122,0.9789634,-1,-1,-1
00076,1,354,223,346,290,0.97779214,-1,-1,-1
00076,1,1436,164,168,144,0.92132974,-1,-1,-1
00076,1,702,196,232,172,0.88451815,-1,-1,-1
00076,1,1393,147,119,105,0.8108496,-1,-1,-1
00077,1,1593,170,319,312,0.99282056,-1,-1,-1
00077,1,1011,179,171,113,0.9827288,-1,-1,-1
00077,1,346,221,338,295,0.9806758,-1,-1,-1
00077,1,1239,156,142,124,0.97224605,-1,-1,-1
00077,1,694,196,238,175,0.9563254,-1,-1,-1
00077,1,1435,166,167,142,0.93938327,-1,-1,-1
00077,1,1392,146,121,104,0.82281643,-1,-1,-1
00077,1,0,461,224,438,0.7536848,-1,-1,-1
00078,1,1592,172,319,307,0.9931108,-1,-1,-1
00078,1,1006,172,158,115,0.98690945,-1,-1,-1
00078,1,340,225,326,306,0.9833119,-1,-1,-1
00078,1,1240,156,140,123,0.97500503,-1,-1,-1
00078,1,1434,165,164,142,0.95614684,-1,-1,-1
00078,1,691,195,239,179,0.95275253,-1,-1,-1
00079,1,1592,173,310,297,0.9945083,-1,-1,-1
00079,1,993,171,166,121,0.9875258,-1,-1,-1
00079,1,333,232,333,304,0.9826713,-1,-1,-1
00079,1,1240,156,140,123,0.971404,-1,-1,-1
00079,1,1431,163,164,142,0.9400357,-1,-1,-1
00079,1,687,191,244,187,0.93197435,-1,-1,-1
00079,1,1391,146,126,107,0.8490221,-1,-1,-1
00080,1,1588,170,310,292,0.9926923,-1,-1,-1
00080,1,309,228,357,304,0.9855306,-1,-1,-1
00080,1,1241,156,139,123,0.97519356,-1,-1,-1
00080,1,991,171,160,118,0.9648953,-1,-1,-1
00080,1,1430,164,164,141,0.9349549,-1,-1,-1
00080,1,673,192,256,181,0.8670402,-1,-1,-1
00080,1,1390,147,129,108,0.8132918,-1,-1,-1
00080,1,1117,136,122,121,0.7561289,-1,-1,-1
00081,1,1590,170,303,286,0.9938455,-1,-1,-1
00081,1,1240,156,141,123,0.96988374,-1,-1,-1
00081,1,972,171,165,126,0.9694138,-1,-1,-1
00081,1,1429,164,162,141,0.96261626,-1,-1,-1
00081,1,296,233,353,314,0.93785435,-1,-1,-1
00081,1,674,196,250,186,0.9303519,-1,-1,-1
00081,1,1392,147,126,106,0.849025,-1,-1,-1
00082,1,1590,171,295,281,0.99116087,-1,-1,-1
00082,1,1240,158,140,123,0.97425234,-1,-1,-1
00082,1,964,189,152,113,0.96068,-1,-1,-1
00082,1,1428,164,161,141,0.9545154,-1,-1,-1
00082,1,291,241,340,308,0.9331964,-1,-1,-1
00082,1,1392,149,124,106,0.84489197,-1,-1,-1
00082,1,676,196,242,192,0.8121673,-1,-1,-1
00082,1,1109,154,118,110,0.8005922,-1,-1,-1
00083,1,1586,173,294,274,0.9894136,-1,-1,-1
00083,1,1420,159,172,149,0.9889671,-1,-1,-1
00083,1,1240,158,140,123,0.96972984,-1,-1,-1
00083,1,277,236,359,319,0.9594322,-1,-1,-1
00083,1,974,189,141,113,0.95018137,-1,-1,-1
00083,1,668,196,252,192,0.8260283,-1,-1,-1
00083,1,1109,155,117,108,0.8154375,-1,-1,-1
00084,1,1583,169,292,271,0.98605263,-1,-1,-1
00084,1,262,237,368,327,0.98404413,-1,-1,-1
00084,1,1239,158,141,122,0.96886384,-1,-1,-1
00084,1,1423,164,161,139,0.9468097,-1,-1,-1
00084,1,959,194,136,106,0.8931119,-1,-1,-1
00084,1,1107,156,119,108,0.8521507,-1,-1,-1
00084,1,660,195,257,196,0.8505644,-1,-1,-1
00085,1,1572,169,297,265,0.9844566,-1,-1,-1
00085,1,1240,158,140,121,0.97498655,-1,-1,-1
00085,1,257,242,358,328,0.9713429,-1,-1,-1
00085,1,954,193,138,109,0.96697724,-1,-1,-1
00085,1,1411,156,175,149,0.9438046,-1,-1,-1
00085,1,656,196,258,198,0.88956946,-1,-1,-1
00085,1,1107,154,118,110,0.88541645,-1,-1,-1
00086,1,1568,170,298,257,0.9836029,-1,-1,-1
00086,1,230,242,394,327,0.9814683,-1,-1,-1
00086,1,1240,156,140,123,0.9712045,-1,-1,-1
00086,1,954,192,131,111,0.96802497,-1,-1,-1
00086,1,1410,156,171,146,0.9397124,-1,-1,-1
00086,1,1108,154,117,111,0.8881033,-1,-1,-1
00086,1,650,194,260,197,0.854704,-1,-1,-1
00087,1,1564,168,296,256,0.9829177,-1,-1,-1
00087,1,228,246,374,340,0.97963345,-1,-1,-1
00087,1,1240,157,140,122,0.97202367,-1,-1,-1
00087,1,1417,154,165,148,0.9526705,-1,-1,-1
00087,1,950,192,125,115,0.93631446,-1,-1,-1
00087,1,1109,155,115,112,0.93229485,-1,-1,-1
00087,1,646,195,258,198,0.7579879,-1,-1,-1
00088,1,1565,165,290,253,0.98089635,-1,-1,-1
00088,1,213,249,383,343,0.9752058,-1,-1,-1
00088,1,1239,156,141,122,0.96674794,-1,-1,-1
00088,1,1411,163,165,136,0.91955787,-1,-1,-1
00088,1,948,194,122,112,0.916374,-1,-1,-1
00088,1,1108,156,114,111,0.9142888,-1,-1,-1
00089,1,1561,169,287,244,0.9843435,-1,-1,-1
00089,1,198,250,386,339,0.97743785,-1,-1,-1
00089,1,1238,157,142,122,0.9756762,-1,-1,-1
00089,1,1410,164,164,134,0.90048903,-1,-1,-1
00089,1,1104,155,120,113,0.873909,-1,-1,-1
00089,1,939,191,134,118,0.8265423,-1,-1,-1
00089,1,620,196,267,205,0.7302205,-1,-1,-1
00090,1,1560,167,280,242,0.98527676,-1,-1,-1
00090,1,1238,158,142,123,0.97229576,-1,-1,-1
00090,1,1412,164,163,139,0.9705612,-1,-1,-1
00090,1,188,251,391,351,0.96685934,-1,-1,-1
00090,1,1105,155,120,113,0.8465048,-1,-1,-1
00090,1,612,201,267,204,0.7496436,-1,-1,-1
00091,1,1558,164,277,238,0.98471284,-1,-1,-1
00091,1,184,254,377,355,0.97592986,-1,-1,-1
00091,1,1239,158,141,121,0.9756739,-1,-1,-1
00091,1,1414,161,157,140,0.9513368,-1,-1,-1
00091,1,1105,155,121,112,0.848803,-1,-1,-1
00091,1,936,204,128,101,0.8068779,-1,-1,-1
00091,1,617,197,282,214,0.7974078,-1,-1,-1
00092,1,1551,163,278,238,0.98553073,-1,-1,-1
00092,1,166,256,391,355,0.9738764,-1,-1,-1
00092,1,1238,157,142,123,0.972839,-1,-1,-1
00092,1,1412,165,157,137,0.9702735,-1,-1,-1
00092,1,1104,156,121,110,0.8757546,-1,-1,-1
00092,1,608,202,293,212,0.77507734,-1,-1,-1
00092,1,933,204,128,100,0.751985,-1,-1,-1
00093,1,1560,158,255,238,0.98627126,-1,-1,-1
00093,1,1404,162,170,135,0.97892994,-1,-1,-1
00093,1,1239,157,141,122,0.9774606,-1,-1,-1
00093,1,153,261,401,355,0.9721439,-1,-1,-1
00093,1,1104,156,121,111,0.8785133,-1,-1,-1
00093,1,601,198,284,213,0.8403442,-1,-1,-1
00094,1,1403,161,169,135,0.98016167,-1,-1,-1
00094,1,1547,160,265,229,0.97663975,-1,-1,-1
00094,1,1240,157,138,123,0.9718911,-1,-1,-1
00094,1,131,261,411,365,0.96120656,-1,-1,-1
00094,1,1104,156,121,111,0.8713602,-1,-1,-1
00094,1,612,199,263,211,0.72156906,-1,-1,-1
00094,1,929,193,129,117,0.72035986,-1,-1,-1
00095,1,112,257,427,371,0.9777479,-1,-1,-1
00095,1,1240,155,138,125,0.9764276,-1,-1,-1
00095,1,1544,158,261,229,0.9754925,-1,-1,-1
00095,1,1407,155,154,146,0.9698336,-1,-1,-1
00095,1,1103,156,122,112,0.87026674,-1,-1,-1
00095,1,923,195,133,115,0.75271374,-1,-1,-1
00096,1,1407,156,153,148,0.98524255,-1,-1,-1
00096,1,1240,156,138,124,0.9716116,-1,-1,-1
00096,1,93,261,432,381,0.967749,-1,-1,-1
00096,1,1542,154,259,227,0.9481026,-1,-1,-1
00096,1,1103,156,120,112,0.9028795,-1,-1,-1
00096,1,920,194,136,116,0.7534783,-1,-1,-1
00097,1,87,268,416,384,0.9811963,-1,-1,-1
00097,1,1239,155,138,125,0.9674649,-1,-1,-1
00097,1,1403,160,152,143,0.9426043,-1,-1,-1
00097,1,1540,154,259,223,0.9389991,-1,-1,-1
00097,1,1101,159,128,109,0.88788265,-1,-1,-1
00097,1,586,205,285,222,0.80290836,-1,-1,-1
00097,1,1034,152,103,97,0.7428912,-1,-1,-1
00098,1,64,264,441,383,0.9837768,-1,-1,-1
00098,1,1239,155,136,125,0.96345645,-1,-1,-1
00098,1,1536,155,257,217,0.95970964,-1,-1,-1
00098,1,1403,165,149,137,0.9538338,-1,-1,-1
00098,1,914,205,137,108,0.9325976,-1,-1,-1
00098,1,1098,160,129,108,0.91162926,-1,-1,-1
00098,1,576,201,292,227,0.8337231,-1,-1,-1
00098,1,1033,152,105,97,0.7681442,-1,-1,-1
00099,1,1402,163,155,130,0.98554176,-1,-1,-1
00099,1,45,270,441,383,0.98422396,-1,-1,-1
00099,1,1239,155,136,125,0.96022904,-1,-1,-1
00099,1,1535,153,251,219,0.9545665,-1,-1,-1
00099,1,1099,160,124,109,0.88340575,-1,-1,-1
00099,1,566,203,297,220,0.87655044,-1,-1,-1
00099,1,1035,152,102,98,0.76377195,-1,-1,-1
00099,1,915,206,138,108,0.71345794,-1,-1,-1
00100,1,1540,152,234,211,0.98366725,-1,-1,-1
00100,1,1401,161,155,131,0.983624,-1,-1,-1
00100,1,27,276,450,396,0.9652523,-1,-1,-1
00100,1,1237,157,139,122,0.96047586,-1,-1,-1
00100,1,1099,161,125,108,0.8809689,-1,-1,-1
00100,1,1035,152,103,97,0.84338844,-1,-1,-1
00100,1,559,210,294,222,0.74915355,-1,-1,-1
00101,1,11,279,467,401,0.979575,-1,-1,-1
00101,1,1400,160,150,132,0.9785242,-1,-1,-1
00101,1,1538,156,230,208,0.9736264,-1,-1,-1
00101,1,1238,156,137,123,0.96120864,-1,-1,-1
00101,1,1096,161,133,108,0.93177396,-1,-1,-1
00101,1,910,206,143,110,0.8037259,-1,-1,-1
00101,1,566,213,262,220,0.7607422,-1,-1,-1
00102,1,1530,148,228,210,0.98718774,-1,-1,-1
00102,1,1399,160,154,132,0.98198193,-1,-1,-1
00102,1,0,288,453,403,0.9685468,-1,-1,-1
00102,1,1234,159,142,121,0.9638244,-1,-1,-1
00102,1,1096,161,134,108,0.9333568,-1,-1,-1
00102,1,908,206,143,109,0.8737396,-1,-1,-1
00102,1,1034,152,103,97,0.83735925,-1,-1,-1
00102,1,560,216,268,217,0.7663856,-1,-1,-1
00103,1,1524,154,234,204,0.9905003,-1,-1,-1
00103,1,1400,159,151,136,0.97007746,-1,-1,-1
00103,1,0,292,450,403,0.96478313,-1,-1,-1
00103,1,1234,160,141,120,0.9617744,-1,-1,-1
00103,1,1095,162,135,107,0.94996685,-1,-1,-1
00103,1,1034,152,103,98,0.8788103,-1,-1,-1
00103,1,903,208,148,110,0.8638153,-1,-1,-1
00104,1,1509,152,247,208,0.98608637,-1,-1,-1
00104,1,1235,159,139,119,0.9625538,-1,-1,-1
00104,1,0,296,436,414,0.9535345,-1,-1,-1
00104,1,1397,162,147,132,0.94086593,-1,-1,-1
00104,1,1095,160,133,110,0.9379179,-1,-1,-1
00104,1,904,207,146,110,0.90106136,-1,-1,-1
00104,1,1031,158,102,84,0.7150067,-1,-1,-1
00105,1,1509,151,240,206,0.9900995,-1,-1,-1
00105,1,0,302,434,410,0.9647517,-1,-1,-1
00105,1,1237,157,135,122,0.9599565,-1,-1,-1
00105,1,1397,162,145,134,0.9354009,-1,-1,-1
00105,1,1094,165,125,106,0.9312032,-1,-1,-1
00105,1,901,206,147,111,0.8235707,-1,-1,-1
00106,1,1507,148,240,204,0.9793761,-1,-1,-1
00106,1,0,306,429,416,0.97534466,-1,-1,-1
00106,1,1236,158,137,122,0.96305114,-1,-1,-1
00106,1,1095,164,134,107,0.9458324,-1,-1,-1
00106,1,1397,161,144,135,0.945709,-1,-1,-1
00106,1,523,220,282,227,0.93854994,-1,-1,-1
00106,1,900,207,148,111,0.83448035,-1,-1,-1
00107,1,1506,149,235,200,0.97507995,-1,-1,-1
00107,1,1236,158,137,122,0.9675817,-1,-1,-1
00107,1,0,319,404,412,0.9645373,-1,-1,-1
00107,1,1398,164,142,130,0.94681966,-1,-1,-1
00107,1,1092,166,127,106,0.92324877,-1,-1,-1
00107,1,521,220,276,229,0.8683354,-1,-1,-1
00107,1,901,204,146,117,0.80580753,-1,-1,-1
00107,1,1030,159,103,86,0.7089572,-1,-1,-1
00108,1,0,319,399,422,0.9751286,-1,-1,-1
00108,1,1503,150,234,198,0.9709443,-1,-1,-1
00108,1,1236,158,136,122,0.96540546,-1,-1,-1
00108,1,1397,161,143,133,0.9588382,-1,-1,-1
00108,1,1090,167,129,104,0.9473931,-1,-1,-1
00108,1,503,218,311,242,0.87240875,-1,-1,-1
00108,1,898,207,150,112,0.8380747,-1,-1,-1
00108,1,1030,159,103,86,0.75188607,-1,-1,-1
00109,1,1512,152,210,190,0.9843711,-1,-1,-1
00109,1,1237,158,136,122,0.97163254,-1,-1,-1
00109,1,0,319,392,429,0.96054614,-1,-1,-1
00109,1,1090,166,130,104,0.95173615,-1,-1,-1
00109,1,1397,160,143,134,0.9485885,-1,-1,-1
00109,1,495,217,317,249,0.8509448,-1,-1,-1
00109,1,897,207,152,112,0.8031485,-1,-1,-1
00109,1,1030,158,103,88,0.7415917,-1,-1,-1
00110,1,1512,149,203,188,0.9845696,-1,-1,-1
00110,1,0,338,375,409,0.97973174,-1,-1,-1
00110,1,1233,159,140,120,0.96561384,-1,-1,-1
00110,1,1090,167,128,103,0.9625173,-1,-1,-1
00110,1,1396,162,143,132,0.95293677,-1,-1,-1
00110,1,889,206,152,114,0.87333935,-1,-1,-1
00110,1,504,212,304,252,0.86369157,-1,-1,-1
00110,1,1029,158,102,87,0.7342273,-1,-1,-1
00111,1,1232,159,142,117,0.9954431,-1,-1,-1
00111,1,0,339,365,418,0.99095213,-1,-1,-1
00111,1,1505,150,204,184,0.9834146,-1,-1,-1
00111,1,1396,158,141,136,0.9619042,-1,-1,-1
00111,1,1089,165,127,108,0.9603638,-1,-1,-1
00111,1,896,205,151,115,0.8600351,-1,-1,-1
00111,1,480,226,322,250,0.79179,-1,-1,-1
00111,1,1031,159,100,86,0.72818244,-1,-1,-1
00112,1,1232,159,142,117,0.9948775,-1,-1,-1
00112,1,1500,149,207,182,0.9774883,-1,-1,-1
00112,1,1088,167,127,106,0.97478265,-1,-1,-1
00112,1,0,349,358,437,0.974159,-1,-1,-1
00112,1,1396,157,140,137,0.9616379,-1,-1,-1
00112,1,470,226,329,252,0.8505494,-1,-1,-1
00112,1,894,205,154,113,0.83747596,-1,-1,-1
00112,1,1031,159,100,87,0.7467791,-1,-1,-1
00113,1,1232,160,142,116,0.99485826,-1,-1,-1
00113,1,0,357,338,424,0.98339385,-1,-1,-1
00113,1,1498,150,207,182,0.9796667,-1,-1,-1
00113,1,1087,168,126,106,0.9772652,-1,-1,-1
00113,1,1396,159,140,134,0.946235,-1,-1,-1
00113,1,466,229,316,249,0.8740308,-1,-1,-1
00113,1,1032,159,99,88,0.7286842,-1,-1,-1
00114,1,1232,160,142,115,0.9943973,-1,-1,-1
00114,1,1499,151,203,181,0.978695,-1,-1,-1
00114,1,1087,168,126,105,0.9641605,-1,-1,-1
00114,1,0,360,336,451,0.95534277,-1,-1,-1
00114,1,1397,155,133,134,0.9152746,-1,-1,-1
00114,1,477,223,294,252,0.8926743,-1,-1,-1
00114,1,890,206,155,116,0.8543313,-1,-1,-1
00114,1,1030,159,100,89,0.7946769,-1,-1,-1
00115,1,0,357,323,461,0.9807647,-1,-1,-1
00115,1,1087,169,126,106,0.9718987,-1,-1,-1
00115,1,1498,154,200,176,0.9717381,-1,-1,-1
00115,1,1234,161,139,118,0.96860963,-1,-1,-1
00115,1,448,226,323,261,0.921834,-1,-1,-1
00115,1,1396,150,134,139,0.8804768,-1,-1,-1
00115,1,889,206,154,117,0.83957225,-1,-1,-1
00115,1,1030,159,100,89,0.80648035,-1,-1,-1
00116,1,0,366,299,458,0.9793967,-1,-1,-1
00116,1,1086,170,127,105,0.9776483,-1,-1,-1
00116,1,1235,161,138,118,0.96783864,-1,-1,-1
00116,1,1495,153,194,177,0.9672962,-1,-1,-1
00116,1,1395,151,130,137,0.89238024,-1,-1,-1
00116,1,436,230,325,267,0.8836876,-1,-1,-1
00116,1,888,206,154,118,0.8396661,-1,-1,-1
00116,1,1030,159,100,90,0.8062476,-1,-1,-1
00117,1,1233,159,140,116,0.99339974,-1,-1,-1
00117,1,0,378,287,454,0.972462,-1,-1,-1
00117,1,1086,171,125,105,0.9707891,-1,-1,-1
00117,1,1489,151,199,180,0.952923,-1,-1,-1
00117,1,1035,152,99,101,0.93300307,-1,-1,-1
00117,1,1393,160,135,131,0.8743423,-1,-1,-1
00117,1,428,230,334,266,0.8704149,-1,-1,-1
00117,1,888,206,154,119,0.79322857,-1,-1,-1
00118,1,1084,171,126,105,0.9699182,-1,-1,-1
00118,1,1235,160,137,118,0.9570659,-1,-1,-1
00118,1,1483,152,206,175,0.9463662,-1,-1,-1
00118,1,1035,151,100,102,0.93063396,-1,-1,-1
00118,1,0,385,275,459,0.91959924,-1,-1,-1
00118,1,414,235,333,264,0.8657605,-1,-1,-1
00118,1,1392,156,136,133,0.86131716,-1,-1,-1
00118,1,886,206,156,119,0.7865427,-1,-1,-1
00119,1,1083,170,124,106,0.9688037,-1,-1,-1
00119,1,1236,154,137,123,0.96830106,-1,-1,-1
00119,1,1483,151,204,172,0.93745816,-1,-1,-1
00119,1,1036,151,100,103,0.9101987,-1,-1,-1
00119,1,0,414,283,443,0.87494683,-1,-1,-1
00119,1,1392,164,135,124,0.87455136,-1,-1,-1
00119,1,413,241,320,256,0.8212061,-1,-1,-1
00120,1,1238,155,132,120,0.981847,-1,-1,-1
00120,1,1082,167,134,106,0.957898,-1,-1,-1
00120,1,1481,150,203,174,0.9568527,-1,-1,-1
00120,1,0,409,275,463,0.9406872,-1,-1,-1
00120,1,1036,151,100,102,0.9134705,-1,-1,-1
00120,1,880,204,160,118,0.8835862,-1,-1,-1
00120,1,1391,156,131,132,0.85957044,-1,-1,-1
00120,1,410,236,319,259,0.8218202,-1,-1,-1
00121,1,1238,157,127,114,0.9797713,-1,-1,-1
00121,1,1485,154,184,170,0.97880733,-1,-1,-1
00121,1,1083,167,125,110,0.9489701,-1,-1,-1
00121,1,1036,149,98,105,0.9449147,-1,-1,-1
00121,1,386,240,317,264,0.8779899,-1,-1,-1
00121,1,1392,163,132,122,0.8549736,-1,-1,-1
00121,1,0,414,269,488,0.8099344,-1,-1,-1
00122,1,1238,159,129,114,0.98924035,-1,-1,-1
00122,1,1083,172,124,107,0.9704004,-1,-1,-1
00122,1,1477,160,198,167,0.95642376,-1,-1,-1
00122,1,1036,150,98,103,0.9370345,-1,-1,-1
00122,1,389,243,309,266,0.9059729,-1,-1,-1
00122,1,1390,155,130,131,0.8252836,-1,-1,-1
00122,1,0,418,254,478,0.79763293,-1,-1,-1
00122,1,889,210,144,117,0.7025987,-1,-1,-1
00123,1,1233,159,136,112,0.98637563,-1,-1,-1
00123,1,1083,172,123,107,0.97872293,-1,-1,-1
00123,1,1473,162,199,166,0.96295774,-1,-1,-1
00123,1,1035,150,98,105,0.9542771,-1,-1,-1
00123,1,381,245,313,272,0.9514671,-1,-1,-1
00123,1,882,207,158,122,0.89517665,-1,-1,-1
00123,1,0,434,247,477,0.83679974,-1,-1,-1
00123,1,1389,160,134,125,0.758354,-1,-1,-1
00124,1,1231,159,139,111,0.9919397,-1,-1,-1
00124,1,1082,173,122,106,0.97709674,-1,-1,-1
00124,1,1470,162,198,161,0.9711731,-1,-1,-1
00124,1,357,247,333,274,0.9707537,-1,-1,-1
00124,1,878,206,162,122,0.87078565,-1,-1,-1
00124,1,1388,160,127,120,0.8471084,-1,-1,-1
00124,1,1029,151,110,103,0.8371788,-1,-1,-1
00125,1,1468,157,193,165,0.9827449,-1,-1,-1
00125,1,1080,173,122,106,0.9803011,-1,-1,-1
00125,1,353,248,326,277,0.9693904,-1,-1,-1
00125,1,1236,159,131,115,0.9609052,-1,-1,-1
00125,1,874,206,168,121,0.91712666,-1,-1,-1
00125,1,1390,155,127,125,0.90999895,-1,-1,-1
00125,1,905,726,755,342,0.7910333,-1,-1,-1
00125,1,1033,157,93,91,0.7863585,-1,-1,-1
00125,1,1689,178,225,424,0.7741319,-1,-1,-1
00126,1,1234,158,136,112,0.98934364,-1,-1,-1
00126,1,1079,171,123,108,0.9793497,-1,-1,-1
00126,1,1466,162,187,159,0.97865605,-1,-1,-1
00126,1,1694,205,227,386,0.9693787,-1,-1,-1
00126,1,348,249,331,285,0.96746606,-1,-1,-1
00126,1,1034,149,100,107,0.9542733,-1,-1,-1
00126,1,956,692,760,387,0.9536263,-1,-1,-1
00126,1,874,208,162,117,0.9194454,-1,-1,-1
00126,1,1391,154,124,128,0.8964599,-1,-1,-1
00127,1,1027,670,736,411,0.99488235,-1,-1,-1
00127,1,1236,157,135,113,0.9915081,-1,-1,-1
00127,1,1464,160,187,160,0.9798917,-1,-1,-1
00127,1,1080,169,123,111,0.9772931,-1,-1,-1
00127,1,334,248,336,293,0.97708386,-1,-1,-1
00127,1,1697,200,224,383,0.9731285,-1,-1,-1
00127,1,1035,149,97,106,0.9632074,-1,-1,-1
00127,1,872,208,164,118,0.924947,-1,-1,-1
00127,1,1389,152,125,127,0.9219465,-1,-1,-1
00128,1,1237,159,133,111,0.993566,-1,-1,-1
00128,1,1055,633,711,448,0.9895865,-1,-1,-1
00128,1,330,253,336,289,0.97838885,-1,-1,-1
00128,1,1078,170,127,111,0.97382754,-1,-1,-1
00128,1,1464,160,185,160,0.9733193,-1,-1,-1
00128,1,873,205,167,120,0.9728184,-1,-1,-1
00128,1,1034,150,100,103,0.9571321,-1,-1,-1
00128,1,1691,191,230,367,0.94093555,-1,-1,-1
00128,1,1386,154,126,126,0.90510017,-1,-1,-1
00129,1,1156,584,663,497,0.9982999,-1,-1,-1
00129,1,317,255,341,296,0.9843407,-1,-1,-1
00129,1,1077,171,128,112,0.97966194,-1,-1,-1
00129,1,1237,160,129,114,0.9697319,-1,-1,-1
00129,1,872,205,168,122,0.956533,-1,-1,-1
00129,1,1689,188,232,345,0.93718195,-1,-1,-1
00129,1,1463,153,184,165,0.9352815,-1,-1,-1
00129,1,1034,150,101,104,0.92958605,-1,-1,-1
00129,1,1388,155,123,124,0.8748463,-1,-1,-1
00130,1,1206,556,597,497,0.9971571,-1,-1,-1
00130,1,1237,161,129,114,0.9815329,-1,-1,-1
00130,1,1460,155,182,160,0.97384316,-1,-1,-1
00130,1,870,204,170,123,0.9720015,-1,-1,-1
00130,1,1077,169,129,115,0.97115415,-1,-1,-1
00130,1,1681,186,240,349,0.9670514,-1,-1,-1
00130,1,304,259,343,298,0.96442175,-1,-1,-1
00130,1,1389,151,120,133,0.84204835,-1,-1,-1
00130,1,1031,159,94,91,0.76188236,-1,-1,-1
00130,1,1312,105,90,87,0.7241191,-1,-1,-1
00131,1,1185,528,598,522,0.99565023,-1,-1,-1
00131,1,1240,159,125,113,0.9948886,-1,-1,-1
00131,1,872,204,167,122,0.9828168,-1,-1,-1
00131,1,297,261,339,303,0.9736936,-1,-1,-1
00131,1,1076,166,128,118,0.96433127,-1,-1,-1
00131,1,1465,154,174,161,0.96037626,-1,-1,-1
00131,1,1682,187,239,325,0.9583584,-1,-1,-1
00131,1,1388,152,122,127,0.93711483,-1,-1,-1
00131,1,1031,160,94,89,0.84051526,-1,-1,-1
00131,1,1655,248,109,81,0.71273834,-1,-1,-1
00132,1,1233,508,548,480,0.99715614,-1,-1,-1
00132,1,1240,157,123,114,0.9943217,-1,-1,-1
00132,1,1668,180,253,336,0.980928,-1,-1,-1
00132,1,290,258,341,310,0.97911763,-1,-1,-1
00132,1,873,204,165,123,0.9714537,-1,-1,-1
00132,1,1074,166,129,117,0.9686004,-1,-1,-1
00132,1,1456,142,169,172,0.96649575,-1,-1,-1
00132,1,1386,154,122,124,0.9350554,-1,-1,-1
00132,1,1033,150,108,107,0.78880143,-1,-1,-1
00133,1,1243,481,542,496,0.9941531,-1,-1,-1
00133,1,1672,183,249,323,0.9862282,-1,-1,-1
00133,1,1072,166,130,117,0.9780808,-1,-1,-1
00133,1,1233,155,133,117,0.9756929,-1,-1,-1
00133,1,271,257,355,318,0.97380203,-1,-1,-1
00133,1,874,204,161,122,0.96480834,-1,-1,-1
00133,1,1385,157,124,120,0.96438396,-1,-1,-1
00133,1,1457,148,177,161,0.943198,-1,-1,-1
00134,1,1262,463,508,468,0.997624,-1,-1,-1
00134,1,1237,154,125,115,0.9893427,-1,-1,-1
00134,1,1663,187,258,308,0.98720866,-1,-1,-1
00134,1,259,259,365,320,0.9801052,-1,-1,-1
00134,1,1071,165,132,119,0.9736674,-1,-1,-1
00134,1,1384,158,127,119,0.9656333,-1,-1,-1
00134,1,1457,151,173,155,0.9445805,-1,-1,-1
00134,1,875,204,159,122,0.9400314,-1,-1,-1
00135,1,1262,438,504,467,0.9971155,-1,-1,-1
00135,1,1650,178,271,324,0.9885124,-1,-1,-1
00135,1,248,264,369,321,0.98261297,-1,-1,-1
00135,1,1238,159,125,111,0.98216677,-1,-1,-1
00135,1,1065,165,135,122,0.9768057,-1,-1,-1
00135,1,1383,157,126,120,0.95709264,-1,-1,-1
00135,1,1456,158,174,151,0.9263334,-1,-1,-1
00135,1,872,208,157,120,0.92607635,-1,-1,-1
00135,1,1313,102,88,89,0.74761736,-1,-1,-1
00135,1,1029,159,93,92,0.7358707,-1,-1,-1
00136,1,1266,430,505,451,0.99537575,-1,-1,-1
00136,1,1237,160,126,110,0.98355985,-1,-1,-1
00136,1,231,270,377,322,0.9804119,-1,-1,-1
00136,1,1066,165,133,124,0.97984904,-1,-1,-1
00136,1,1385,156,117,123,0.96674156,-1,-1,-1
00136,1,1646,188,275,305,0.96285176,-1,-1,-1
00136,1,1456,159,170,149,0.9142116,-1,-1,-1
00136,1,882,210,142,118,0.7479167,-1,-1,-1
00136,1,1314,100,87,95,0.71932393,-1,-1,-1
00137,1,1274,417,473,434,0.9934437,-1,-1,-1
00137,1,1237,161,126,108,0.9868711,-1,-1,-1
00137,1,225,269,376,330,0.985786,-1,-1,-1
00137,1,1637,187,284,307,0.98437405,-1,-1,-1
00137,1,1064,167,133,124,0.9790166,-1,-1,-1
00137,1,1381,157,121,121,0.9536713,-1,-1,-1
00137,1,1455,158,165,149,0.9404791,-1,-1,-1
00137,1,878,209,146,119,0.7337542,-1,-1,-1
00137,1,1314,102,87,91,0.7225035,-1,-1,-1
00138,1,1276,397,461,420,0.9966338,-1,-1,-1
00138,1,1238,158,121,111,0.99023306,-1,-1,-1
00138,1,211,268,392,333,0.98818845,-1,-1,-1
00138,1,1646,180,275,304,0.98186135,-1,-1,-1
00138,1,1060,166,138,126,0.97805744,-1,-1,-1
00138,1,1381,156,125,121,0.95571774,-1,-1,-1
00138,1,1455,158,164,147,0.9419289,-1,-1,-1
00138,1,870,207,158,121,0.9019649,-1,-1,-1
00138,1,1314,102,87,92,0.74643016,-1,-1,-1
00139,1,1274,370,466,429,0.99637115,-1,-1,-1
00139,1,1628,172,293,304,0.9883264,-1,-1,-1
00139,1,1237,160,126,109,0.9854226,-1,-1,-1
00139,1,196,274,384,333,0.97970665,-1,-1,-1
00139,1,1059,166,141,125,0.9788447,-1,-1,-1
00139,1,862,202,166,126,0.9783919,-1,-1,-1
00139,1,1452,159,166,144,0.96699476,-1,-1,-1
00139,1,1381,159,121,118,0.91477364,-1,-1,-1
00140,1,1275,369,446,399,0.9950944,-1,-1,-1
00140,1,1237,159,125,110,0.9853483,-1,-1,-1
00140,1,1058,167,141,124,0.9792307,-1,-1,-1
00140,1,182,278,405,338,0.9780377,-1,-1,-1
00140,1,1441,148,166,158,0.95388776,-1,-1,-1
00140,1,1629,151,292,324,0.95039886,-1,-1,-1
00140,1,862,209,162,120,0.93148774,-1,-1,-1
00140,1,1380,157,122,120,0.87214184,-1,-1,-1
00141,1,1267,359,447,389,0.9953316,-1,-1,-1
00141,1,859,204,164,126,0.99061733,-1,-1,-1
00141,1,175,278,394,340,0.9874923,-1,-1,-1
00141,1,1238,158,123,111,0.9834899,-1,-1,-1
00141,1,1058,170,143,121,0.97436213,-1,-1,-1
00141,1,1633,173,288,285,0.90412116,-1,-1,-1
00141,1,1447,157,167,146,0.8933569,-1,-1,-1
00141,1,1382,159,130,118,0.86259836,-1,-1,-1
00142,1,1266,334,441,392,0.9965951,-1,-1,-1
00142,1,167,275,397,342,0.98279023,-1,-1,-1
00142,1,1237,158,123,111,0.98224616,-1,-1,-1
00142,1,859,205,160,124,0.98181826,-1,-1,-1
00142,1,1059,170,143,123,0.97248954,-1,-1,-1
00142,1,1620,166,301,291,0.9706843,-1,-1,-1
00142,1,1442,160,169,143,0.93410695,-1,-1,-1
00142,1,1383,158,130,118,0.8350206,-1,-1,-1
00143,1,1264,323,426,386,0.9964122,-1,-1,-1
00143,1,856,204,165,127,0.99222237,-1,-1,-1
00143,1,155,284,397,341,0.9824337,-1,-1,-1
00143,1,1237,159,124,110,0.97639114,-1,-1,-1
00143,1,1623,169,298,284,0.969347,-1,-1,-1
00143,1,1058,167,155,123,0.95852363,-1,-1,-1
00143,1,1441,163,169,140,0.91568905,-1,-1,-1
00143,1,1381,159,116,117,0.8119535,-1,-1,-1
00144,1,1263,317,415,362,0.99678963,-1,-1,-1
00144,1,856,205,166,128,0.9930535,-1,-1,-1
00144,1,145,288,396,344,0.9872665,-1,-1,-1
00144,1,1609,170,305,282,0.97742385,-1,-1,-1
00144,1,1237,159,123,110,0.9750642,-1,-1,-1
00144,1,1438,160,165,147,0.95783055,-1,-1,-1
00144,1,1057,171,145,124,0.95538914,-1,-1,-1
00144,1,1380,161,119,115,0.79858404,-1,-1,-1
00145,1,1259,309,405,348,0.99689025,-1,-1,-1
00145,1,852,206,170,127,0.99202335,-1,-1,-1
00145,1,130,289,402,346,0.9883825,-1,-1,-1
00145,1,1236,159,124,108,0.969824,-1,-1,-1
00145,1,1600,170,305,275,0.9696256,-1,-1,-1
00145,1,1421,162,169,144,0.9645845,-1,-1,-1
00145,1,1058,166,142,132,0.9598444,-1,-1,-1
00145,1,1380,160,118,116,0.78573114,-1,-1,-1
00146,1,1265,302,402,342,0.99778616,-1,-1,-1
00146,1,849,206,170,127,0.99378294,-1,-1,-1
00146,1,112,291,417,355,0.9831141,-1,-1,-1
00146,1,1050,166,156,130,0.973097,-1,-1,-1
00146,1,1424,162,165,147,0.9642606,-1,-1,-1
00146,1,1236,158,123,109,0.96004057,-1,-1,-1
00146,1,1579,163,323,269,0.8601043,-1,-1,-1
00146,1,1382,159,116,115,0.75327736,-1,-1,-1
00147,1,1258,298,412,338,0.99816835,-1,-1,-1
00147,1,98,289,425,352,0.98805654,-1,-1,-1
00147,1,1051,167,159,128,0.9853555,-1,-1,-1
00147,1,846,209,169,120,0.9852797,-1,-1,-1
00147,1,1425,160,163,149,0.96601105,-1,-1,-1
00147,1,1236,156,123,111,0.9585734,-1,-1,-1
00147,1,1587,156,310,276,0.79052526,-1,-1,-1
00147,1,1386,156,112,117,0.76017404,-1,-1,-1
00148,1,1255,290,388,331,0.99572986,-1,-1,-1
00148,1,85,298,430,350,0.9908054,-1,-1,-1
00148,1,842,205,170,127,0.9904,-1,-1,-1
00148,1,1051,167,160,130,0.984616,-1,-1,-1
00148,1,1237,156,121,110,0.9567217,-1,-1,-1
00148,1,1422,158,169,147,0.9344268,-1,-1,-1
00148,1,1575,167,307,258,0.92466563,-1,-1,-1
00149,1,72,298,437,361,0.9936168,-1,-1,-1
00149,1,1254,284,380,314,0.99301493,-1,-1,-1
00149,1,836,206,173,126,0.98765147,-1,-1,-1
00149,1,1052,166,148,131,0.97496504,-1,-1,-1
00149,1,1237,157,120,109,0.9585378,-1,-1,-1
00149,1,1568,160,308,261,0.9328183,-1,-1,-1
00149,1,1413,149,172,153,0.88247204,-1,-1,-1
00150,1,1247,282,386,303,0.99431926,-1,-1,-1
00150,1,54,300,443,367,0.9916822,-1,-1,-1
00150,1,829,207,179,126,0.9885145,-1,-1,-1
00150,1,1051,167,149,132,0.96766716,-1,-1,-1
00150,1,1237,157,121,109,0.95613605,-1,-1,-1
00150,1,1418,161,169,145,0.93771225,-1,-1,-1
00150,1,1563,163,308,253,0.9320917,-1,-1,-1
00151,1,1254,275,362,303,0.9950421,-1,-1,-1
00151,1,48,301,443,369,0.99466187,-1,-1,-1
00151,1,826,207,176,127,0.98660207,-1,-1,-1
00151,1,1050,169,147,130,0.9660592,-1,-1,-1
00151,1,1237,157,121,110,0.96244425,-1,-1,-1
00151,1,1560,165,294,245,0.9437534,-1,-1,-1
00151,1,1405,149,181,156,0.887575,-1,-1,-1
00152,1,1250,274,361,293,0.9959771,-1,-1,-1
00152,1,36,305,444,377,0.99455416,-1,-1,-1
00152,1,820,210,174,126,0.9764474,-1,-1,-1
00152,1,1049,169,147,131,0.9611354,-1,-1,-1
00152,1,1237,157,121,110,0.95410806,-1,-1,-1
00152,1,1554,157,280,243,0.8873469,-1,-1,-1
00152,1,1411,150,173,153,0.8865464,-1,-1,-1
00153,1,1246,268,360,291,0.9967168,-1,-1,-1
00153,1,24,307,454,385,0.99302155,-1,-1,-1
00153,1,806,209,180,128,0.98752916,-1,-1,-1
00153,1,1414,158,171,145,0.9700552,-1,-1,-1
00153,1,1046,168,152,133,0.9635925,-1,-1,-1
00153,1,1237,156,120,112,0.95858115,-1,-1,-1
00153,1,1543,154,282,235,0.8885247,-1,-1,-1
00154,1,1236,273,365,271,0.9955106,-1,-1,-1
00154,1,799,207,183,132,0.9910074,-1,-1,-1
00154,1,1,319,457,380,0.9795975,-1,-1,-1
00154,1,1045,168,154,133,0.9662615,-1,-1,-1
00154,1,1237,155,120,112,0.9398,-1,-1,-1
00154,1,1411,149,161,152,0.9104089,-1,-1,-1
00154,1,1548,153,271,237,0.8799978,-1,-1,-1
00155,1,1238,266,356,264,0.9932603,-1,-1,-1
00155,1,0,317,457,392,0.9905143,-1,-1,-1
00155,1,787,209,198,126,0.98425907,-1,-1,-1
00155,1,1040,167,161,136,0.95865893,-1,-1,-1
00155,1,1414,156,171,147,0.9360332,-1,-1,-1
00155,1,1237,154,120,112,0.93043226,-1,-1,-1
00155,1,1542,148,272,242,0.74321693,-1,-1,-1
00155,1,1831,201,90,114,0.7431914,-1,-1,-1
00156,1,1239,266,349,257,0.989062,-1,-1,-1
00156,1,0,324,448,391,0.9839692,-1,-1,-1
00156,1,769,211,207,126,0.981029,-1,-1,-1
00156,1,1040,170,160,135,0.97165203,-1,-1,-1
00156,1,1238,154,119,112,0.9343169,-1,-1,-1
00156,1,1411,158,173,141,0.8913501,-1,-1,-1
00157,1,1234,264,348,258,0.98806584,-1,-1,-1
00157,1,0,325,442,400,0.9770836,-1,-1,-1
00157,1,769,211,200,131,0.95501995,-1,-1,-1
00157,1,1039,167,159,139,0.9530479,-1,-1,-1
00157,1,1238,155,118,112,0.92464024,-1,-1,-1
00157,1,1417,154,166,145,0.7560064,-1,-1,-1
00157,1,1530,145,268,236,0.7058408,-1,-1,-1
00158,1,1233,261,341,255,0.99183863,-1,-1,-1
00158,1,0,335,433,402,0.9862466,-1,-1,-1
00158,1,1035,170,162,137,0.96927655,-1,-1,-1
00158,1,1238,154,117,113,0.9373602,-1,-1,-1
00158,1,1524,153,271,221,0.90509826,-1,-1,-1
00158,1,750,210,208,131,0.88595855,-1,-1,-1
00158,1,1419,156,160,145,0.78499424,-1,-1,-1
00159,1,1231,251,345,261,0.99328387,-1,-1,-1
00159,1,0,338,426,407,0.97793764,-1,-1,-1
00159,1,1032,170,167,137,0.96962917,-1,-1,-1
00159,1,1238,153,118,114,0.9470208,-1,-1,-1
00159,1,1517,151,273,221,0.8720058,-1,-1,-1
00159,1,1417,160,158,141,0.83104837,-1,-1,-1
00160,1,1231,246,340,260,0.99219793,-1,-1,-1
00160,1,1032,169,165,139,0.9647474,-1,-1,-1
00160,1,0,343,419,406,0.9542737,-1,-1,-1
00160,1,1239,152,117,114,0.9153313,-1,-1,-1
00160,1,1516,143,261,229,0.7238212,-1,-1,-1
00161,1,1222,245,339,254,0.9944659,-1,-1,-1
00161,1,0,359,407,402,0.9813694,-1,-1,-1
00161,1,1033,170,162,140,0.96037143,-1,-1,-1
00161,1,1416,154,136,141,0.8157382,-1,-1,-1
00161,1,1241,152,116,111,0.7984164,-1,-1,-1
00161,1,715,212,230,135,0.76855266,-1,-1,-1
00162,1,1222,241,332,252,0.99252033,-1,-1,-1
00162,1,0,354,403,409,0.9743012,-1,-1,-1
00162,1,1031,170,163,139,0.9441478,-1,-1,-1
00162,1,1419,166,140,136,0.9023615,-1,-1,-1
00162,1,1241,152,116,111,0.78821224,-1,-1,-1
00162,1,1825,198,96,122,0.7863957,-1,-1,-1
00163,1,1225,241,322,245,0.9940408,-1,-1,-1
00163,1,1240,150,125,117,0.95797867,-1,-1,-1
00163,1,0,360,394,413,0.95209086,-1,-1,-1
00163,1,1030,171,164,138,0.94801646,-1,-1,-1
00163,1,1825,199,96,121,0.80641186,-1,-1,-1
00163,1,1508,149,246,213,0.7722994,-1,-1,-1
00164,1,1229,238,310,241,0.98798263,-1,-1,-1
00164,1,0,367,388,424,0.96927994,-1,-1,-1
00164,1,1027,173,169,135,0.9577778,-1,-1,-1
00164,1,1502,152,244,207,0.85485464,-1,-1,-1
00164,1,1242,149,123,118,0.84374106,-1,-1,-1
00164,1,1415,165,138,133,0.7661928,-1,-1,-1
00164,1,1823,199,98,122,0.7366528,-1,-1,-1
00164,1,695,213,210,135,0.725579,-1,-1,-1
00165,1,1229,235,307,237,0.9833413,-1,-1,-1
00165,1,0,368,387,431,0.9806974,-1,-1,-1
00165,1,1025,177,175,124,0.9432416,-1,-1,-1
00165,1,682,215,216,135,0.88784957,-1,-1,-1
00165,1,1243,152,113,114,0.8270719,-1,-1,-1
00165,1,1501,152,239,205,0.80662614,-1,-1,-1
00165,1,1415,166,132,133,0.7311645,-1,-1,-1
00166,1,1231,234,299,235,0.9864231,-1,-1,-1
00166,1,0,348,367,452,0.976279,-1,-1,-1
00166,1,1023,177,177,125,0.94240767,-1,-1,-1
00166,1,674,212,210,138,0.91653454,-1,-1,-1
00166,1,1240,149,121,114,0.85133594,-1,-1,-1
00166,1,1501,150,232,202,0.813827,-1,-1,-1
00167,1,0,384,360,425,0.98921716,-1,-1,-1
00167,1,1233,229,289,233,0.97862786,-1,-1,-1
00167,1,1017,175,184,127,0.9102007,-1,-1,-1
00167,1,1490,145,238,200,0.89705443,-1,-1,-1
00167,1,1242,153,114,111,0.85380894,-1,-1,-1
00167,1,659,217,202,135,0.8119114,-1,-1,-1
00168,1,1226,218,289,239,0.98939604,-1,-1,-1
00168,1,0,396,362,439,0.97482604,-1,-1,-1
00168,1,1016,174,185,129,0.9128835,-1,-1,-1
00168,1,1480,142,244,199,0.7758478,-1,-1,-1
00168,1,1243,154,114,111,0.715041,-1,-1,-1
00169,1,1235,222,278,227,0.9818188,-1,-1,-1
00169,1,0,388,351,443,0.9767123,-1,-1,-1
00169,1,1016,174,183,129,0.940245,-1,-1,-1
00169,1,650,224,166,128,0.83191264,-1,-1,-1
00169,1,1243,152,111,112,0.76043075,-1,-1,-1
00169,1,1482,142,237,200,0.74699914,-1,-1,-1
00169,1,236,283,344,266,0.7287082,-1,-1,-1
00170,1,1237,220,274,219,0.9815005,-1,-1,-1
00170,1,0,393,330,447,0.9801825,-1,-1,-1
00170,1,1483,143,232,197,0.8327067,-1,-1,-1
00170,1,1020,167,186,139,0.81108505,-1,-1,-1
00170,1,230,289,342,272,0.7529161,-1,-1,-1
00171,1,1239,220,271,215,0.97787946,-1,-1,-1
00171,1,0,421,323,440,0.96150035,-1,-1,-1
00171,1,1015,174,184,129,0.9301392,-1,-1,-1
00171,1,1477,144,236,199,0.7859875,-1,-1,-1
00172,1,1239,205,270,219,0.98347163,-1,-1,-1
00172,1,0,416,324,453,0.9743223,-1,-1,-1
00172,1,1016,176,182,129,0.93738776,-1,-1,-1
00172,1,1474,148,228,189,0.8025216,-1,-1,-1
00173,1,1242,210,259,217,0.9823444,-1,-1,-1
00173,1,0,425,309,451,0.9770324,-1,-1,-1
00173,1,1015,175,185,131,0.94569004,-1,-1,-1
00173,1,1471,147,227,192,0.82894003,-1,-1,-1
00174,1,1243,204,267,216,0.9898673,-1,-1,-1
00174,1,0,436,309,458,0.98855853,-1,-1,-1
00174,1,1469,148,224,189,0.7178615,-1,-1,-1
00174,1,1022,168,183,141,0.717623,-1,-1,-1
00174,1,1245,154,113,109,0.7064618,-1,-1,-1
00175,1,1243,208,253,204,0.9733184,-1,-1,-1
00175,1,0,438,305,452,0.9681373,-1,-1,-1
00175,1,1015,172,183,134,0.9260353,-1,-1,-1
00175,1,1469,151,217,185,0.81579113,-1,-1,-1
00176,1,1248,199,257,212,0.9710235,-1,-1,-1
00176,1,0,448,295,447,0.949468,-1,-1,-1
00176,1,1015,172,185,134,0.9280567,-1,-1,-1
00176,1,1463,150,217,184,0.70028144,-1,-1,-1
00177,1,1253,200,247,202,0.97528684,-1,-1,-1
00177,1,0,467,293,452,0.9546786,-1,-1,-1
00177,1,1013,171,187,135,0.9208898,-1,-1,-1
00177,1,1450,157,225,172,0.81738186,-1,-1,-1
00178,1,1256,197,241,199,0.9599409,-1,-1,-1
00178,1,0,452,285,462,0.95006645,-1,-1,-1
00178,1,1015,175,186,133,0.9307534,-1,-1,-1
00179,1,1259,201,236,189,0.9624546,-1,-1,-1
00179,1,0,469,262,452,0.93234485,-1,-1,-1
00179,1,1014,173,188,137,0.92960656,-1,-1,-1
00180,1,1259,202,237,186,0.9769472,-1,-1,-1
00180,1,1014,172,189,141,0.9223704,-1,-1,-1
00180,1,1449,156,214,175,0.7101797,-1,-1,-1
00181,1,1260,195,232,191,0.9774147,-1,-1,-1
00181,1,1011,171,192,140,0.89247966,-1,-1,-1
00181,1,1448,148,208,182,0.7089056,-1,-1,-1
00182,1,1264,195,230,186,0.9781164,-1,-1,-1
00182,1,1448,157,209,173,0.9297834,-1,-1,-1
00182,1,1009,171,195,141,0.90813065,-1,-1,-1
00182,1,1134,79,97,97,0.70256984,-1,-1,-1
00183,1,1272,193,222,189,0.94330907,-1,-1,-1
00183,1,1010,171,192,143,0.9196591,-1,-1,-1
00183,1,1443,156,207,169,0.88360524,-1,-1,-1
00184,1,1271,190,222,186,0.97298795,-1,-1,-1
00184,1,0,532,1364,549,0.8405923,-1,-1,-1
00184,1,983,171,239,143,0.8322547,-1,-1,-1
00184,1,1443,156,199,164,0.82393014,-1,-1,-1
00185,1,1275,192,216,180,0.9698495,-1,-1,-1
00185,1,0,516,1516,565,0.8395882,-1,-1,-1
00185,1,976,170,247,144,0.7302308,-1,-1,-1
00185,1,1133,75,96,107,0.7237497,-1,-1,-1
00186,1,1277,185,216,182,0.97478503,-1,-1,-1
00186,1,84,483,1509,598,0.9542687,-1,-1,-1
00186,1,1132,75,96,110,0.79953516,-1,-1,-1
00186,1,1009,173,194,141,0.7582616,-1,-1,-1
00186,1,673,190,167,102,0.7151967,-1,-1,-1
00187,1,307,470,1346,611,0.96179473,-1,-1,-1
00187,1,1284,182,214,181,0.9499435,-1,-1,-1
00187,1,1007,168,207,147,0.86421996,-1,-1,-1
00187,1,1133,75,94,112,0.7354329,-1,-1,-1
00188,1,492,471,1174,610,0.990436,-1,-1,-1
00188,1,1291,176,209,191,0.9853505,-1,-1,-1
00188,1,1012,170,200,146,0.9020183,-1,-1,-1
00188,1,1136,76,93,113,0.7811364,-1,-1,-1
00189,1,557,438,1117,643,0.98859894,-1,-1,-1
00189,1,1291,176,212,181,0.98798466,-1,-1,-1
00189,1,1010,170,201,147,0.93124527,-1,-1,-1
00189,1,1136,76,93,113,0.79709476,-1,-1,-1
00190,1,586,351,1149,730,0.9964792,-1,-1,-1
00190,1,1294,179,216,176,0.9817121,-1,-1,-1
00190,1,1136,76,94,114,0.84278184,-1,-1,-1
00190,1,1008,171,196,146,0.8276582,-1,-1,-1
00190,1,0,334,445,330,0.82386506,-1,-1,-1
00190,1,803,653,618,336,0.7147134,-1,-1,-1
00191,1,778,395,1033,686,0.9944172,-1,-1,-1
00191,1,1298,177,212,178,0.9911919,-1,-1,-1
00191,1,0,340,427,330,0.925819,-1,-1,-1
00191,1,1018,166,199,152,0.9118968,-1,-1,-1
00191,1,1135,82,97,98,0.7262768,-1,-1,-1
00191,1,1437,161,182,143,0.7111643,-1,-1,-1
00191,1,1243,138,113,110,0.70475364,-1,-1,-1
00192,1,783,407,1010,674,0.99340534,-1,-1,-1
00192,1,1303,179,210,172,0.985313,-1,-1,-1
00192,1,1024,166,192,153,0.91971105,-1,-1,-1
00192,1,0,343,424,326,0.85750467,-1,-1,-1
00192,1,1135,84,97,95,0.7483829,-1,-1,-1
00192,1,1439,162,177,140,0.70687467,-1,-1,-1
00193,1,913,321,916,760,0.9974988,-1,-1,-1
00193,1,1013,173,189,150,0.96040815,-1,-1,-1
00193,1,1308,173,200,169,0.9407564,-1,-1,-1
00194,1,935,256,880,825,0.99520385,-1,-1,-1
00194,1,1012,170,200,153,0.9169219,-1,-1,-1
00194,1,1309,182,211,166,0.9137553,-1,-1,-1
00195,1,984,313,833,768,0.9961862,-1,-1,-1
00195,1,1314,176,213,166,0.9778463,-1,-1,-1
00195,1,1026,169,179,155,0.860357,-1,-1,-1
00196,1,1017,214,831,867,0.99615496,-1,-1,-1
00196,1,1001,174,195,151,0.95555204,-1,-1,-1
00196,1,1324,178,197,161,0.78726643,-1,-1,-1
00196,1,1137,89,95,92,0.78442967,-1,-1,-1
00197,1,1088,236,763,841,0.99811053,-1,-1,-1
00197,1,1004,173,192,153,0.9205173,-1,-1,-1
00197,1,0,360,392,339,0.89484346,-1,-1,-1
00197,1,1322,164,228,154,0.879714,-1,-1,-1
00197,1,1136,88,95,93,0.84727186,-1,-1,-1
00198,1,1121,213,678,809,0.9971636,-1,-1,-1
00198,1,996,175,204,152,0.9537119,-1,-1,-1
00198,1,1332,160,238,135,0.9469074,-1,-1,-1
00198,1,1136,87,98,97,0.8446885,-1,-1,-1
00199,1,1141,203,676,772,0.9985422,-1,-1,-1
00199,1,996,178,204,150,0.9508308,-1,-1,-1
00199,1,1337,170,201,117,0.94762784,-1,-1,-1
00199,1,1137,84,95,108,0.8390711,-1,-1,-1
00200,1,1157,204,669,749,0.99875164,-1,-1,-1
00200,1,1341,150,199,117,0.9303162,-1,-1,-1
00200,1,990,179,204,148,0.92314506,-1,-1,-1
00200,1,1135,93,97,91,0.8753515,-1,-1,-1
00200,1,1245,134,114,116,0.7298449,-1,-1,-1
00201,1,1208,149,601,785,0.99866843,-1,-1,-1
00201,1,992,182,200,146,0.9299746,-1,-1,-1
00201,1,1245,131,105,115,0.87690955,-1,-1,-1
00201,1,1134,94,100,95,0.8384523,-1,-1,-1
00201,1,1368,143,166,116,0.7798845,-1,-1,-1
00202,1,1191,114,614,771,0.9974131,-1,-1,-1
00202,1,1237,131,117,114,0.9426224,-1,-1,-1
00202,1,985,180,201,148,0.9336106,-1,-1,-1
00202,1,1135,90,98,99,0.8879395,-1,-1,-1
00202,1,0,394,345,350,0.826864,-1,-1,-1
00202,1,1361,154,156,89,0.8143953,-1,-1,-1
00203,1,1227,127,570,738,0.99763083,-1,-1,-1
00203,1,982,180,203,149,0.928241,-1,-1,-1
00203,1,1241,136,101,111,0.92291063,-1,-1,-1
00203,1,1135,90,97,99,0.88073575,-1,-1,-1
00204,1,1222,122,564,696,0.9977374,-1,-1,-1
00204,1,988,177,200,153,0.91821307,-1,-1,-1
00204,1,1135,92,95,100,0.90854365,-1,-1,-1
00204,1,1244,137,97,110,0.847601,-1,-1,-1
00205,1,1240,121,522,668,0.9947048,-1,-1,-1
00205,1,1135,92,101,99,0.897187,-1,-1,-1
00206,1,1227,149,508,610,0.99552023,-1,-1,-1
00206,1,980,177,205,153,0.8488886,-1,-1,-1
00206,1,1136,92,94,99,0.83823293,-1,-1,-1
00206,1,0,419,324,352,0.73934966,-1,-1,-1
00207,1,1254,118,512,626,0.99820876,-1,-1,-1
00207,1,976,181,208,155,0.89591384,-1,-1,-1
00207,1,1136,93,98,99,0.87290376,-1,-1,-1
00207,1,1238,135,105,105,0.8516656,-1,-1,-1
00207,1,0,407,316,366,0.8091862,-1,-1,-1
00208,1,1234,105,524,619,0.99635136,-1,-1,-1
00208,1,1237,135,103,104,0.90179265,-1,-1,-1
00208,1,981,177,203,160,0.8971136,-1,-1,-1
00208,1,1138,95,98,98,0.8492253,-1,-1,-1
00209,1,1245,97,503,615,0.99385566,-1,-1,-1
00209,1,1231,129,123,115,0.93435764,-1,-1,-1
00209,1,976,182,210,157,0.92749375,-1,-1,-1
00209,1,1135,98,95,94,0.8066578,-1,-1,-1
00210,1,1253,122,461,543,0.9915182,-1,-1,-1
00210,1,976,181,210,158,0.92812806,-1,-1,-1
00210,1,1238,136,100,103,0.85544115,-1,-1,-1
00210,1,1137,100,91,96,0.81408304,-1,-1,-1
00210,1,0,432,299,371,0.7308218,-1,-1,-1
00211,1,1253,121,461,529,0.9947856,-1,-1,-1
00211,1,974,180,211,160,0.945719,-1,-1,-1
00211,1,0,427,289,369,0.87715936,-1,-1,-1
00211,1,1241,138,97,101,0.7412416,-1,-1,-1
00212,1,1262,117,441,509,0.99446267,-1,-1,-1
00212,1,974,180,213,161,0.9475208,-1,-1,-1
00212,1,1137,105,94,91,0.7027186,-1,-1,-1
00213,1,1258,112,434,505,0.99318874,-1,-1,-1
00213,1,974,179,211,162,0.92338276,-1,-1,-1
00213,1,0,455,275,377,0.8386832,-1,-1,-1
00214,1,1256,102,432,498,0.9951025,-1,-1,-1
00214,1,970,180,216,164,0.9167699,-1,-1,-1
00214,1,0,459,270,379,0.85023427,-1,-1,-1
00215,1,1256,105,428,485,0.9952141,-1,-1,-1
00215,1,973,182,217,162,0.946613,-1,-1,-1
00215,1,0,463,266,380,0.82975405,-1,-1,-1
00215,1,1138,107,89,89,0.70851684,-1,-1,-1
00216,1,1261,110,411,459,0.99186444,-1,-1,-1
00216,1,968,180,219,168,0.9522426,-1,-1,-1
00216,1,0,471,276,368,0.7301038,-1,-1,-1
00217,1,1261,111,400,449,0.98802525,-1,-1,-1
00217,1,961,180,228,169,0.9306774,-1,-1,-1
00217,1,0,477,268,372,0.77816594,-1,-1,-1
00218,1,1267,106,386,448,0.98885065,-1,-1,-1
00218,1,959,182,230,167,0.9101089,-1,-1,-1
00218,1,0,485,260,370,0.73818654,-1,-1,-1
00219,1,1262,102,381,435,0.9870984,-1,-1,-1
00219,1,958,181,231,168,0.82226,-1,-1,-1
00220,1,1265,105,381,429,0.9939202,-1,-1,-1
00220,1,939,179,243,176,0.892019,-1,-1,-1
00220,1,0,498,246,373,0.8112767,-1,-1,-1
00221,1,1273,101,360,418,0.99244,-1,-1,-1
00221,1,936,180,240,179,0.91639835,-1,-1,-1
00221,1,1135,114,98,89,0.7506151,-1,-1,-1
00222,1,1267,94,363,419,0.98461676,-1,-1,-1
00222,1,936,183,239,182,0.79533273,-1,-1,-1
00222,1,0,501,240,385,0.715249,-1,-1,-1
00222,1,1133,113,98,94,0.7126208,-1,-1,-1
00223,1,1270,102,346,398,0.9908442,-1,-1,-1
00223,1,938,181,236,183,0.88301307,-1,-1,-1
00224,1,1279,106,329,389,0.9854224,-1,-1,-1
00224,1,926,180,252,188,0.8567405,-1,-1,-1
00225,1,1265,97,340,390,0.9811654,-1,-1,-1
00225,1,919,178,261,194,0.8122497,-1,-1,-1
00225,1,1135,119,96,87,0.79938525,-1,-1,-1
00226,1,1278,109,331,367,0.98915696,-1,-1,-1
00226,1,918,178,261,194,0.82630235,-1,-1,-1
00226,1,1134,113,95,97,0.70528615,-1,-1,-1
00227,1,1277,109,324,361,0.989847,-1,-1,-1
00227,1,1132,110,100,109,0.8718787,-1,-1,-1
00227,1,915,173,261,197,0.8182256,-1,-1,-1
00228,1,1276,110,321,355,0.98910797,-1,-1,-1
00228,1,1134,117,94,93,0.80668706,-1,-1,-1
00228,1,906,180,265,197,0.71653825,-1,-1,-1
00229,1,1264,103,328,361,0.9880917,-1,-1,-1
00229,1,1133,117,94,95,0.7619492,-1,-1,-1
00230,1,1263,104,329,357,0.9855884,-1,-1,-1
00230,1,1133,114,95,100,0.773355,-1,-1,-1
00230,1,894,177,274,208,0.73172706,-1,-1,-1
00231,1,1277,107,306,339,0.9742269,-1,-1,-1
00231,1,1132,125,95,84,0.88088083,-1,-1,-1
00231,1,887,181,279,209,0.76443064,-1,-1,-1
00232,1,1266,101,322,352,0.9731165,-1,-1,-1
00232,1,883,181,284,212,0.7868723,-1,-1,-1
00233,1,1265,99,316,347,0.9741337,-1,-1,-1
00233,1,1131,126,96,84,0.8391441,-1,-1,-1
00233,1,882,184,286,210,0.7878185,-1,-1,-1
00234,1,1276,109,295,324,0.94931,-1,-1,-1
00234,1,1132,127,96,84,0.8657197,-1,-1,-1
00234,1,861,185,301,213,0.8206583,-1,-1,-1
00235,1,1276,109,292,320,0.9516692,-1,-1,-1
00235,1,1130,127,99,84,0.770653,-1,-1,-1
00235,1,856,186,302,215,0.744231,-1,-1,-1
00236,1,1277,110,289,314,0.9310856,-1,-1,-1
00236,1,853,194,301,214,0.7842375,-1,-1,-1
00237,1,1273,110,289,312,0.9148007,-1,-1,-1
00237,1,847,191,300,219,0.9056515,-1,-1,-1
00238,1,1272,108,286,315,0.94758904,-1,-1,-1
00238,1,845,191,298,225,0.91043097,-1,-1,-1
00239,1,1265,113,289,302,0.9580803,-1,-1,-1
00239,1,835,192,310,221,0.7413479,-1,-1,-1
00240,1,1259,101,295,311,0.94031864,-1,-1,-1
00240,1,829,195,308,222,0.7107126,-1,-1,-1
00241,1,1256,101,299,309,0.95894617,-1,-1,-1
00241,1,830,200,303,225,0.8414687,-1,-1,-1
00242,1,1256,96,294,308,0.97520626,-1,-1,-1
00242,1,841,194,285,236,0.8774442,-1,-1,-1
00242,1,0,335,337,402,0.77944016,-1,-1,-1
00243,1,1255,96,289,304,0.9824337,-1,-1,-1
00243,1,0,340,339,401,0.8210743,-1,-1,-1
00244,1,1255,97,285,299,0.9810244,-1,-1,-1
00244,1,822,212,297,231,0.87183076,-1,-1,-1
00244,1,0,349,335,400,0.7915709,-1,-1,-1
00245,1,1260,96,272,298,0.9757869,-1,-1,-1
00245,1,816,211,298,238,0.9016345,-1,-1,-1
00245,1,0,348,335,402,0.78206706,-1,-1,-1
00246,1,1250,102,281,280,0.9806763,-1,-1,-1
00246,1,821,219,289,234,0.84616363,-1,-1,-1
00246,1,0,345,320,406,0.81386787,-1,-1,-1
00247,1,1249,101,279,278,0.9807227,-1,-1,-1
00247,1,0,342,322,428,0.908987,-1,-1,-1
00247,1,800,209,331,241,0.7396752,-1,-1,-1
00248,1,1247,98,276,283,0.9804717,-1,-1,-1
00248,1,0,333,312,437,0.9451798,-1,-1,-1
00248,1,810,210,316,254,0.7530497,-1,-1,-1
00249,1,1245,92,277,288,0.9669066,-1,-1,-1
00249,1,0,341,313,431,0.9570241,-1,-1,-1
00249,1,809,207,309,256,0.8241383,-1,-1,-1
00250,1,1244,89,273,288,0.95636183,-1,-1,-1
00250,1,0,355,319,433,0.9381239,-1,-1,-1
00250,1,784,212,336,257,0.7966748,-1,-1,-1
00251,1,0,356,307,418,0.9436073,-1,-1,-1
00251,1,1243,84,266,286,0.87089473,-1,-1,-1
00252,1,0,348,301,432,0.954467,-1,-1,-1
00252,1,1247,84,257,283,0.83500797,-1,-1,-1
00252,1,775,217,334,261,0.7386227,-1,-1,-1
00253,1,0,347,298,452,0.95236576,-1,-1,-1
00253,1,768,219,341,267,0.84842354,-1,-1,-1
00253,1,1245,88,255,270,0.83834004,-1,-1,-1
00254,1,0,348,299,457,0.9450883,-1,-1,-1
00254,1,1244,90,255,267,0.822182,-1,-1,-1
00254,1,770,216,336,277,0.73559815,-1,-1,-1
00255,1,0,372,290,429,0.9370881,-1,-1,-1
00255,1,751,229,334,269,0.8629344,-1,-1,-1
00255,1,1244,87,254,265,0.75389516,-1,-1,-1
00256,1,0,360,295,445,0.9714694,-1,-1,-1
00256,1,1244,95,248,256,0.8532718,-1,-1,-1
00256,1,753,215,341,295,0.79763335,-1,-1,-1
00257,1,0,361,279,441,0.9509656,-1,-1,-1
00257,1,1241,94,243,255,0.8963411,-1,-1,-1
00257,1,738,228,339,284,0.8927261,-1,-1,-1
00258,1,0,372,293,437,0.93581444,-1,-1,-1
00258,1,1239,96,264,244,0.91031075,-1,-1,-1
00258,1,742,232,334,291,0.89934593,-1,-1,-1
00259,1,0,374,294,443,0.9469236,-1,-1,-1
00259,1,735,234,339,292,0.8842449,-1,-1,-1
00259,1,1238,93,239,252,0.8654039,-1,-1,-1
00260,1,0,374,288,443,0.9423451,-1,-1,-1
00260,1,728,239,352,291,0.91566324,-1,-1,-1
00260,1,1238,95,233,249,0.873145,-1,-1,-1
00261,1,713,237,354,311,0.96768326,-1,-1,-1
00261,1,0,382,284,438,0.88478917,-1,-1,-1
00261,1,1237,95,229,248,0.8723163,-1,-1,-1
00262,1,707,242,355,314,0.9686178,-1,-1,-1
00262,1,1236,96,228,245,0.9029579,-1,-1,-1
00262,1,0,397,277,428,0.7969,-1,-1,-1
00263,1,698,247,363,316,0.966008,-1,-1,-1
00263,1,1233,95,239,245,0.95951194,-1,-1,-1
00264,1,689,244,379,323,0.9831014,-1,-1,-1
00264,1,1238,96,222,242,0.93695724,-1,-1,-1
00264,1,0,398,271,441,0.8975905,-1,-1,-1
00265,1,682,250,386,327,0.9858607,-1,-1,-1
00265,1,1238,96,219,241,0.8967418,-1,-1,-1
00265,1,0,397,264,440,0.83336955,-1,-1,-1
00266,1,679,251,377,336,0.98570246,-1,-1,-1
00266,1,1239,100,214,235,0.9339978,-1,-1,-1
00267,1,670,252,377,337,0.9706132,-1,-1,-1
00267,1,1241,103,210,232,0.94366056,-1,-1,-1
00267,1,1046,200,206,162,0.7899103,-1,-1,-1
00268,1,667,263,385,344,0.9752619,-1,-1,-1
00268,1,1239,104,217,229,0.94185364,-1,-1,-1
00268,1,1037,199,230,164,0.8925721,-1,-1,-1
00268,1,0,413,258,441,0.8313532,-1,-1,-1
00269,1,661,265,390,349,0.9791712,-1,-1,-1
00269,1,1030,197,266,171,0.95312345,-1,-1,-1
00269,1,1245,105,206,229,0.8530001,-1,-1,-1
00270,1,637,266,414,362,0.96391475,-1,-1,-1
00270,1,1031,202,286,167,0.9350569,-1,-1,-1
00270,1,0,421,260,451,0.74259543,-1,-1,-1
00271,1,1030,194,323,170,0.97844005,-1,-1,-1
00271,1,631,270,409,375,0.96668506,-1,-1,-1
00272,1,1065,188,319,181,0.97397804,-1,-1,-1
00272,1,624,281,415,379,0.9648058,-1,-1,-1
00273,1,617,288,416,386,0.958868,-1,-1,-1
00273,1,1093,198,314,174,0.9429,-1,-1,-1
00273,1,1019,193,138,128,0.8200662,-1,-1,-1
00274,1,1132,194,293,180,0.94891846,-1,-1,-1
00274,1,603,306,432,383,0.94153076,-1,-1,-1
00274,1,1016,192,146,131,0.90238774,-1,-1,-1
00275,1,597,311,433,389,0.97715557,-1,-1,-1
00275,1,1141,199,321,175,0.96829414,-1,-1,-1
00275,1,1014,191,153,133,0.94724774,-1,-1,-1
00276,1,1182,187,333,173,0.9910507,-1,-1,-1
00276,1,586,313,440,403,0.9838043,-1,-1,-1
00276,1,1010,191,157,135,0.9551724,-1,-1,-1
00277,1,570,315,455,427,0.98461044,-1,-1,-1
00277,1,1194,195,332,180,0.97703403,-1,-1,-1
00277,1,1007,192,157,137,0.93318343,-1,-1,-1
00278,1,1214,193,350,184,0.983634,-1,-1,-1
00278,1,561,319,467,437,0.9755921,-1,-1,-1
00278,1,1003,190,162,139,0.93871546,-1,-1,-1
00279,1,1243,195,357,182,0.9847109,-1,-1,-1
00279,1,536,337,487,440,0.97946495,-1,-1,-1
00279,1,1000,189,164,142,0.92829394,-1,-1,-1
00280,1,533,340,490,458,0.98367995,-1,-1,-1
00280,1,996,197,165,128,0.94142056,-1,-1,-1
00280,1,1274,178,344,199,0.9413731,-1,-1,-1
00281,1,520,358,498,452,0.98876834,-1,-1,-1
00281,1,1298,192,365,187,0.9414312,-1,-1,-1
00281,1,995,196,167,136,0.931927,-1,-1,-1
00282,1,493,357,514,472,0.9879302,-1,-1,-1
00282,1,993,199,165,135,0.9163281,-1,-1,-1
00282,1,1321,194,376,185,0.9080271,-1,-1,-1
00283,1,485,367,518,482,0.9949693,-1,-1,-1
00283,1,1350,193,386,186,0.93495584,-1,-1,-1
00283,1,991,197,163,138,0.9081435,-1,-1,-1
00283,1,1249,119,210,202,0.83095723,-1,-1,-1
00283,1,561,246,228,190,0.7081959,-1,-1,-1
00284,1,487,391,521,488,0.98639905,-1,-1,-1
00284,1,1374,192,394,191,0.9660876,-1,-1,-1
00284,1,1248,125,178,182,0.9153701,-1,-1,-1
00284,1,987,199,164,136,0.884889,-1,-1,-1
00284,1,544,248,249,202,0.85191613,-1,-1,-1
00285,1,435,377,571,536,0.99169934,-1,-1,-1
00285,1,1390,192,397,187,0.96852076,-1,-1,-1
00285,1,980,199,169,133,0.959442,-1,-1,-1
00285,1,1239,119,193,196,0.9575293,-1,-1,-1
00285,1,734,279,301,230,0.7852743,-1,-1,-1
00286,1,395,410,601,528,0.99203753,-1,-1,-1
00286,1,1409,191,400,191,0.99159324,-1,-1,-1
00286,1,1240,125,189,184,0.97721446,-1,-1,-1
00286,1,979,203,168,127,0.92121744,-1,-1,-1
00286,1,520,255,264,210,0.82222956,-1,-1,-1
00287,1,1431,192,404,190,0.99191356,-1,-1,-1
00287,1,418,427,582,512,0.991569,-1,-1,-1
00287,1,1238,125,188,183,0.98622894,-1,-1,-1
00287,1,974,203,171,131,0.9416256,-1,-1,-1
00287,1,510,258,271,212,0.72671217,-1,-1,-1
00288,1,380,432,606,550,0.9957287,-1,-1,-1
00288,1,1462,192,394,192,0.9943488,-1,-1,-1
00288,1,1238,124,186,183,0.9880828,-1,-1,-1
00288,1,974,200,175,137,0.92439306,-1,-1,-1
00288,1,499,262,268,211,0.8756669,-1,-1,-1
00288,1,707,290,321,264,0.81816226,-1,-1,-1
00289,1,344,466,627,593,0.9962598,-1,-1,-1
00289,1,1471,190,418,195,0.99462515,-1,-1,-1
00289,1,1237,125,186,182,0.98598206,-1,-1,-1
00289,1,968,198,178,142,0.9758891,-1,-1,-1
00289,1,690,292,330,269,0.92783356,-1,-1,-1
00289,1,489,259,272,222,0.7976801,-1,-1,-1
00290,1,358,461,611,581,0.99794227,-1,-1,-1
00290,1,1487,189,416,197,0.9949018,-1,-1,-1
00290,1,1240,126,178,180,0.9753906,-1,-1,-1
00290,1,965,199,180,141,0.96786803,-1,-1,-1
00290,1,685,287,333,283,0.9409398,-1,-1,-1
00291,1,307,475,657,578,0.99932134,-1,-1,-1
00291,1,1502,190,410,194,0.9920947,-1,-1,-1
00291,1,1239,125,177,179,0.96195894,-1,-1,-1
00291,1,962,201,176,143,0.9318059,-1,-1,-1
00291,1,673,300,341,277,0.853025,-1,-1,-1
00292,1,297,488,646,593,0.9978452,-1,-1,-1
00292,1,1512,188,409,199,0.99081564,-1,-1,-1
00292,1,955,202,186,142,0.9775268,-1,-1,-1
00292,1,1237,124,179,179,0.9613906,-1,-1,-1
00292,1,666,304,336,288,0.8836369,-1,-1,-1
00292,1,1419,161,170,112,0.87125164,-1,-1,-1
00293,1,251,422,675,659,0.9964334,-1,-1,-1
00293,1,1523,190,398,198,0.9930894,-1,-1,-1
00293,1,651,299,359,299,0.9731131,-1,-1,-1
00293,1,951,206,187,137,0.9622498,-1,-1,-1
00293,1,1235,125,180,177,0.95786893,-1,-1,-1
00293,1,1426,160,166,112,0.8941985,-1,-1,-1
00294,1,207,489,723,588,0.9991659,-1,-1,-1
00294,1,1530,188,391,200,0.993806,-1,-1,-1
00294,1,951,199,186,146,0.9687038,-1,-1,-1
00294,1,1447,163,167,110,0.96416825,-1,-1,-1
00294,1,1234,123,179,178,0.9596023,-1,-1,-1
00294,1,644,303,363,298,0.9492964,-1,-1,-1
00295,1,162,506,735,560,0.9989968,-1,-1,-1
00295,1,1538,190,383,200,0.99309206,-1,-1,-1
00295,1,638,307,354,317,0.9707685,-1,-1,-1
00295,1,946,200,191,147,0.96952564,-1,-1,-1
00295,1,1238,124,176,180,0.965354,-1,-1,-1
00295,1,1468,158,150,105,0.89280015,-1,-1,-1
00296,1,92,528,767,546,0.9975969,-1,-1,-1
00296,1,1552,187,369,202,0.9940018,-1,-1,-1
00296,1,626,321,356,311,0.9931202,-1,-1,-1
00296,1,943,201,193,147,0.97508174,-1,-1,-1
00296,1,1235,127,173,176,0.97086257,-1,-1,-1
00296,1,1481,158,141,109,0.93919176,-1,-1,-1
00297,1,55,547,777,508,0.99747616,-1,-1,-1
00297,1,1568,186,353,203,0.98949665,-1,-1,-1
00297,1,618,315,369,332,0.9893784,-1,-1,-1
00297,1,1235,128,170,174,0.96801096,-1,-1,-1
00297,1,934,196,203,151,0.92791843,-1,-1,-1
00297,1,1487,155,166,105,0.9113374,-1,-1,-1
00298,1,0,533,786,548,0.9965952,-1,-1,-1
00298,1,1582,188,339,200,0.987045,-1,-1,-1
00298,1,604,323,381,337,0.9864804,-1,-1,-1
00298,1,936,202,199,149,0.97979146,-1,-1,-1
00298,1,1232,128,171,174,0.967683,-1,-1,-1
00298,1,1395,150,110,103,0.86580926,-1,-1,-1
00298,1,1494,167,150,96,0.8530546,-1,-1,-1
00299,1,0,552,783,529,0.9935621,-1,-1,-1
00299,1,604,325,379,337,0.98866093,-1,-1,-1
00299,1,1590,187,331,201,0.98212445,-1,-1,-1
00299,1,934,204,199,149,0.95605487,-1,-1,-1
00299,1,1233,130,171,175,0.9402425,-1,-1,-1
00299,1,1395,151,108,101,0.9269727,-1,-1,-1
00300,1,0,578,764,503,0.99540037,-1,-1,-1
00300,1,576,331,404,348,0.9923798,-1,-1,-1
00300,1,933,200,198,153,0.9848087,-1,-1,-1
00300,1,1603,186,318,203,0.9736692,-1,-1,-1
00300,1,1230,133,172,170,0.96040714,-1,-1,-1
00300,1,1394,150,109,101,0.93071616,-1,-1,-1
00300,1,1536,169,96,103,0.74733794,-1,-1,-1
00301,1,0,637,756,444,0.9859569,-1,-1,-1
00301,1,564,346,414,355,0.9855253,-1,-1,-1
00301,1,1610,187,311,199,0.96382326,-1,-1,-1
00301,1,930,198,193,156,0.9634645,-1,-1,-1
00301,1,1233,129,172,169,0.9624143,-1,-1,-1
00301,1,1396,151,106,100,0.9267071,-1,-1,-1
00301,1,336,309,297,253,0.7417326,-1,-1,-1
00302,1,564,352,411,368,0.9924706,-1,-1,-1
00302,1,930,199,193,156,0.9680287,-1,-1,-1
00302,1,0,634,688,431,0.96629936,-1,-1,-1
00302,1,1231,129,174,169,0.95051664,-1,-1,-1
00302,1,1627,187,294,196,0.93878174,-1,-1,-1
00302,1,1396,150,107,101,0.90922546,-1,-1,-1
00303,1,557,361,405,366,0.9938508,-1,-1,-1
00303,1,1396,150,106,102,0.9377194,-1,-1,-1
00303,1,1232,128,173,170,0.93682766,-1,-1,-1
00303,1,0,664,718,406,0.9351076,-1,-1,-1
00303,1,925,197,206,161,0.9065419,-1,-1,-1
00303,1,1639,179,282,204,0.89923316,-1,-1,-1
00304,1,547,374,423,358,0.9953264,-1,-1,-1
00304,1,0,658,658,423,0.97235006,-1,-1,-1
00304,1,1235,136,163,166,0.95728225,-1,-1,-1
00304,1,1395,150,107,102,0.9424253,-1,-1,-1
00304,1,923,198,205,163,0.8944478,-1,-1,-1
00304,1,1650,174,271,198,0.869455,-1,-1,-1
00305,1,531,380,425,375,0.9955391,-1,-1,-1
00305,1,6,692,610,389,0.9765608,-1,-1,-1
00305,1,923,204,204,153,0.9571169,-1,-1,-1
00305,1,1236,136,163,164,0.9567548,-1,-1,-1
00305,1,1396,150,106,102,0.9457255,-1,-1,-1
00305,1,262,314,344,271,0.8260727,-1,-1,-1
00306,1,507,388,456,385,0.99403024,-1,-1,-1
00306,1,0,706,575,375,0.95443,-1,-1,-1
00306,1,1237,136,161,163,0.9511922,-1,-1,-1
00306,1,915,202,213,159,0.9474587,-1,-1,-1
00306,1,1395,150,108,102,0.94050556,-1,-1,-1
00306,1,1593,166,265,146,0.7952393,-1,-1,-1
00307,1,501,398,455,386,0.9948644,-1,-1,-1
00307,1,1236,136,161,162,0.9606413,-1,-1,-1
00307,1,1395,148,107,103,0.9563641,-1,-1,-1
00307,1,0,728,582,346,0.95539814,-1,-1,-1
00307,1,911,203,217,162,0.9393552,-1,-1,-1
00307,1,229,321,360,281,0.8910183,-1,-1,-1
00307,1,1573,165,263,145,0.8582149,-1,-1,-1
00308,1,487,389,446,410,0.9934962,-1,-1,-1
00308,1,0,735,566,346,0.9836442,-1,-1,-1
00308,1,1236,137,160,161,0.96865094,-1,-1,-1
00308,1,904,193,217,174,0.9575314,-1,-1,-1
00308,1,1396,148,107,102,0.95633805,-1,-1,-1
00308,1,1558,165,251,146,0.91398597,-1,-1,-1
00308,1,213,306,382,302,0.87300235,-1,-1,-1
00308,1,1715,193,206,188,0.7430452,-1,-1,-1
00309,1,469,416,477,393,0.995926,-1,-1,-1
00309,1,1522,164,250,149,0.96581006,-1,-1,-1
00309,1,1237,138,159,160,0.9649212,-1,-1,-1
00309,1,904,194,215,175,0.9595303,-1,-1,-1
00309,1,1396,150,106,101,0.9487819,-1,-1,-1
00309,1,0,749,499,332,0.94730943,-1,-1,-1
00309,1,1742,198,179,180,0.8701413,-1,-1,-1
00309,1,197,316,362,299,0.7285632,-1,-1,-1
00310,1,457,422,478,403,0.995469,-1,-1,-1
00310,1,1501,166,279,152,0.9883857,-1,-1,-1
00310,1,1238,138,159,160,0.9599671,-1,-1,-1
00310,1,177,322,378,314,0.9370352,-1,-1,-1
00310,1,897,197,227,175,0.9268509,-1,-1,-1
00310,1,1396,151,107,100,0.9212549,-1,-1,-1
00310,1,0,764,480,317,0.90961087,-1,-1,-1
00311,1,442,432,496,410,0.9971095,-1,-1,-1
00311,1,1474,167,294,154,0.989567,-1,-1,-1
00311,1,1238,140,159,159,0.96376425,-1,-1,-1
00311,1,898,201,228,172,0.9580947,-1,-1,-1
00311,1,162,327,387,316,0.9415835,-1,-1,-1
00311,1,1395,151,108,99,0.900285,-1,-1,-1
00311,1,0,768,454,313,0.7225291,-1,-1,-1
00311,1,1097,157,131,114,0.7046116,-1,-1,-1
00312,1,412,436,523,417,0.9963928,-1,-1,-1
00312,1,1433,167,320,154,0.9893496,-1,-1,-1
00312,1,1239,140,158,158,0.96042585,-1,-1,-1
00312,1,899,202,226,172,0.9521569,-1,-1,-1
00312,1,145,333,386,317,0.8820261,-1,-1,-1
00312,1,1394,154,114,96,0.8460379,-1,-1,-1
00313,1,409,442,521,419,0.99684805,-1,-1,-1
00313,1,1409,156,316,164,0.9852632,-1,-1,-1
00313,1,1241,139,154,159,0.9674664,-1,-1,-1
00313,1,898,204,222,171,0.95000124,-1,-1,-1
00313,1,129,337,398,316,0.94592184,-1,-1,-1
00313,1,1401,147,112,103,0.9075125,-1,-1,-1
00314,1,396,447,514,439,0.9967308,-1,-1,-1
00314,1,1388,158,297,162,0.9880294,-1,-1,-1
00314,1,115,339,405,323,0.95239276,-1,-1,-1
00314,1,898,206,221,170,0.9501433,-1,-1,-1
00314,1,1242,139,154,157,0.9086327,-1,-1,-1
00314,1,1092,156,133,115,0.7154046,-1,-1,-1
00315,1,385,449,526,450,0.9963243,-1,-1,-1
00315,1,1354,161,317,157,0.9767442,-1,-1,-1
00315,1,102,339,404,331,0.96064836,-1,-1,-1
00315,1,895,206,228,170,0.9246595,-1,-1,-1
00315,1,1242,139,159,156,0.8312194,-1,-1,-1
00315,1,1092,155,132,117,0.73876566,-1,-1,-1
00316,1,373,462,531,446,0.9961979,-1,-1,-1
00316,1,85,354,412,327,0.9568931,-1,-1,-1
00316,1,894,203,227,178,0.95591986,-1,-1,-1
00316,1,1317,164,321,164,0.91382486,-1,-1,-1
00316,1,1244,146,147,146,0.8325945,-1,-1,-1
00317,1,359,478,518,448,0.996141,-1,-1,-1
00317,1,74,348,424,351,0.968421,-1,-1,-1
00317,1,891,208,226,176,0.95720196,-1,-1,-1
00317,1,1093,160,129,113,0.90265894,-1,-1,-1
00317,1,1279,162,321,158,0.77076787,-1,-1,-1
00318,1,355,475,537,459,0.9975574,-1,-1,-1
00318,1,890,204,233,183,0.94306475,-1,-1,-1
00318,1,50,360,434,338,0.9379175,-1,-1,-1
00318,1,1258,160,324,161,0.8173986,-1,-1,-1
00319,1,351,481,544,472,0.99591404,-1,-1,-1
00319,1,891,202,231,191,0.95108634,-1,-1,-1
00319,1,34,367,437,343,0.9456065,-1,-1,-1
00319,1,1238,166,310,161,0.91995865,-1,-1,-1
00320,1,329,502,560,461,0.99687,-1,-1,-1
00320,1,13,377,445,340,0.9789018,-1,-1,-1
00320,1,891,206,231,189,0.9589007,-1,-1,-1
00320,1,1206,171,320,158,0.91491246,-1,-1,-1
00321,1,313,505,557,467,0.9978638,-1,-1,-1
00321,1,893,204,228,195,0.97177875,-1,-1,-1
00321,1,12,379,434,328,0.96258414,-1,-1,-1
00321,1,1191,170,309,161,0.9452774,-1,-1,-1
00322,1,306,513,568,467,0.9968262,-1,-1,-1
00322,1,1175,170,291,152,0.9796148,-1,-1,-1
00322,1,0,377,451,354,0.96456516,-1,-1,-1
00322,1,1390,144,117,103,0.95930445,-1,-1,-1
00322,1,881,212,243,198,0.9475731,-1,-1,-1
00323,1,277,537,564,476,0.9988073,-1,-1,-1
00323,1,1148,177,288,153,0.97960746,-1,-1,-1
00323,1,0,383,445,358,0.9754308,-1,-1,-1
00323,1,884,214,236,196,0.9688774,-1,-1,-1
00323,1,1393,140,113,109,0.9273949,-1,-1,-1
00324,1,267,526,596,486,0.9949351,-1,-1,-1
00324,1,1137,175,276,158,0.9837404,-1,-1,-1
00324,1,1391,141,115,108,0.9761928,-1,-1,-1
00324,1,883,214,239,200,0.968946,-1,-1,-1
00324,1,0,393,408,364,0.94238067,-1,-1,-1
00325,1,247,546,602,497,0.9957075,-1,-1,-1
00325,1,1392,147,116,105,0.97730744,-1,-1,-1
00325,1,0,402,433,359,0.96511567,-1,-1,-1
00325,1,1114,174,262,163,0.9626636,-1,-1,-1
00325,1,879,221,244,197,0.9357872,-1,-1,-1
00326,1,236,544,606,497,0.995095,-1,-1,-1
00326,1,1394,148,108,102,0.97072923,-1,-1,-1
00326,1,879,224,243,199,0.945191,-1,-1,-1
00326,1,1094,178,263,162,0.94181913,-1,-1,-1
00326,1,0,409,405,365,0.91336596,-1,-1,-1
00327,1,225,552,615,507,0.9967495,-1,-1,-1
00327,1,1388,139,119,114,0.98302263,-1,-1,-1
00327,1,874,222,251,198,0.97193414,-1,-1,-1
00327,1,0,412,400,365,0.95199376,-1,-1,-1
00327,1,1067,173,284,160,0.94770974,-1,-1,-1
00328,1,224,560,597,496,0.99756587,-1,-1,-1
00328,1,1395,147,107,103,0.97784495,-1,-1,-1
00328,1,869,220,253,202,0.973009,-1,-1,-1
00328,1,1068,180,254,150,0.95362216,-1,-1,-1
00328,1,0,414,400,368,0.9146765,-1,-1,-1
00328,1,1251,145,136,130,0.79737556,-1,-1,-1
00329,1,203,577,611,504,0.9986197,-1,-1,-1
00329,1,874,214,248,212,0.9808832,-1,-1,-1
00329,1,1058,181,238,148,0.9771434,-1,-1,-1
00329,1,1394,140,113,111,0.97234625,-1,-1,-1
00329,1,1251,144,134,134,0.88937765,-1,-1,-1
00329,1,0,414,389,377,0.8034802,-1,-1,-1
00330,1,183,569,619,512,0.9976584,-1,-1,-1
00330,1,1393,140,113,111,0.97849756,-1,-1,-1
00330,1,865,213,257,217,0.97692,-1,-1,-1
00330,1,1252,144,133,135,0.9192472,-1,-1,-1
00330,1,1062,178,213,158,0.9015113,-1,-1,-1
00330,1,0,427,379,371,0.75132626,-1,-1,-1
00331,1,116,580,684,501,0.997106,-1,-1,-1
00331,1,1391,147,117,107,0.99152374,-1,-1,-1
00331,1,1251,139,136,144,0.9676349,-1,-1,-1
00331,1,1045,185,218,148,0.9649908,-1,-1,-1
00331,1,856,229,263,210,0.9098381,-1,-1,-1
00331,1,0,430,374,388,0.81202596,-1,-1,-1
00332,1,1393,145,114,110,0.9901462,-1,-1,-1
00332,1,167,585,628,453,0.97847545,-1,-1,-1
00332,1,1249,138,137,146,0.9742159,-1,-1,-1
00332,1,858,228,258,207,0.96251017,-1,-1,-1
00332,1,0,423,393,391,0.95030034,-1,-1,-1
00332,1,1044,184,207,151,0.94376075,-1,-1,-1
00333,1,1392,145,118,110,0.9882019,-1,-1,-1
00333,1,139,599,645,451,0.9792541,-1,-1,-1
00333,1,858,225,270,219,0.9785705,-1,-1,-1
00333,1,1249,140,137,140,0.9660474,-1,-1,-1
00333,1,1043,186,195,148,0.9605622,-1,-1,-1
00333,1,0,432,378,389,0.8807502,-1,-1,-1
00334,1,1393,146,115,109,0.98841465,-1,-1,-1
00334,1,851,225,273,223,0.9714453,-1,-1,-1
00334,1,1249,139,138,141,0.9661063,-1,-1,-1
00334,1,155,601,618,463,0.9542735,-1,-1,-1
00334,1,1040,185,181,151,0.91597867,-1,-1,-1
00334,1,0,451,367,382,0.75611615,-1,-1,-1
00335,1,1393,144,115,112,0.98897797,-1,-1,-1
00335,1,844,224,279,232,0.9698523,-1,-1,-1
00335,1,1248,138,138,140,0.9693722,-1,-1,-1
00335,1,123,601,642,477,0.9420738,-1,-1,-1
00335,1,0,452,374,391,0.89577544,-1,-1,-1
00335,1,1029,180,186,154,0.8795433,-1,-1,-1
00336,1,110,617,653,464,0.99035513,-1,-1,-1
00336,1,1392,144,117,111,0.9878109,-1,-1,-1
00336,1,1248,137,137,140,0.95610905,-1,-1,-1
00336,1,832,236,290,222,0.90355206,-1,-1,-1
00336,1,0,464,366,382,0.7250347,-1,-1,-1
00337,1,1392,144,116,110,0.9907765,-1,-1,-1
00337,1,112,608,650,471,0.9815673,-1,-1,-1
00337,1,836,226,284,238,0.9746244,-1,-1,-1
00337,1,1248,137,136,138,0.9521408,-1,-1,-1
00337,1,0,460,355,384,0.8490224,-1,-1,-1
00337,1,325,691,1485,390,0.7525064,-1,-1,-1
00338,1,87,631,670,450,0.99458224,-1,-1,-1
00338,1,1393,144,115,110,0.9891137,-1,-1,-1
00338,1,669,654,1113,427,0.9733393,-1,-1,-1
00338,1,830,229,288,236,0.97065735,-1,-1,-1
00338,1,1249,131,136,143,0.95498097,-1,-1,-1
00338,1,0,462,348,390,0.8951326,-1,-1,-1
00339,1,751,636,998,445,0.9962943,-1,-1,-1
00339,1,94,615,686,466,0.99579406,-1,-1,-1
00339,1,1392,145,115,109,0.98885894,-1,-1,-1
00339,1,1249,133,134,142,0.9432778,-1,-1,-1
00339,1,815,237,305,236,0.9248651,-1,-1,-1
00339,1,0,468,346,392,0.77714336,-1,-1,-1
00340,1,76,635,667,446,0.99422294,-1,-1,-1
00340,1,1393,146,114,108,0.98787826,-1,-1,-1
00340,1,831,603,941,478,0.9847585,-1,-1,-1
00340,1,819,232,298,245,0.9745725,-1,-1,-1
00340,1,1248,134,135,140,0.9487667,-1,-1,-1
00340,1,0,472,336,397,0.7485193,-1,-1,-1
00341,1,896,598,905,483,0.9989367,-1,-1,-1
00341,1,74,646,665,435,0.99443686,-1,-1,-1
00341,1,1392,144,115,111,0.9892055,-1,-1,-1
00341,1,1248,143,133,132,0.9350385,-1,-1,-1
00341,1,811,246,301,235,0.93249804,-1,-1,-1
00341,1,0,470,331,395,0.83490336,-1,-1,-1
00342,1,954,537,880,537,0.9992962,-1,-1,-1
00342,1,59,641,678,440,0.994693,-1,-1,-1
00342,1,1393,144,114,110,0.98895615,-1,-1,-1
00342,1,807,248,308,237,0.93518776,-1,-1,-1
00342,1,1247,140,133,134,0.91688657,-1,-1,-1
00342,1,0,473,330,394,0.842904,-1,-1,-1
00343,1,1019,565,812,516,0.9985953,-1,-1,-1
00343,1,53,654,691,427,0.99279916,-1,-1,-1
00343,1,1393,144,115,110,0.9884135,-1,-1,-1
00343,1,794,247,314,243,0.9301468,-1,-1,-1
00343,1,1246,141,134,133,0.93008274,-1,-1,-1
00343,1,0,479,333,390,0.86628157,-1,-1,-1
00344,1,978,587,898,494,0.99795985,-1,-1,-1
00344,1,61,640,662,441,0.9925223,-1,-1,-1
00344,1,1392,143,117,110,0.9883337,-1,-1,-1
00344,1,1245,137,135,135,0.92928076,-1,-1,-1
00344,1,784,251,319,244,0.9255819,-1,-1,-1
00344,1,0,485,333,386,0.79625285,-1,-1,-1
00345,1,1052,541,802,540,0.9964929,-1,-1,-1
00345,1,37,664,697,417,0.9944641,-1,-1,-1
00345,1,1392,143,116,109,0.99124837,-1,-1,-1
00345,1,782,260,299,239,0.9547942,-1,-1,-1
00345,1,1244,134,137,137,0.9300578,-1,-1,-1
00345,1,0,483,330,392,0.7746967,-1,-1,-1
00346,1,1119,483,718,598,0.9988651,-1,-1,-1
00346,1,46,609,666,428,0.99189913,-1,-1,-1
00346,1,1393,143,115,110,0.9888503,-1,-1,-1
00346,1,777,254,323,247,0.9560528,-1,-1,-1
00346,1,1244,136,136,135,0.9245911,-1,-1,-1
00346,1,0,482,329,392,0.7790735,-1,-1,-1
00347,1,1146,430,676,651,0.99834204,-1,-1,-1
00347,1,24,647,707,434,0.9901126,-1,-1,-1
00347,1,1393,144,114,109,0.9885057,-1,-1,-1
00347,1,772,257,322,250,0.95101386,-1,-1,-1
00347,1,1244,134,135,136,0.9363232,-1,-1,-1
00347,1,0,484,323,394,0.79311264,-1,-1,-1
00348,1,1163,484,679,597,0.9932381,-1,-1,-1
00348,1,1394,143,113,111,0.9886087,-1,-1,-1
00348,1,53,660,659,421,0.9838833,-1,-1,-1
00348,1,760,263,330,248,0.9471516,-1,-1,-1
00348,1,1245,133,134,137,0.92541075,-1,-1,-1
00348,1,0,489,321,392,0.79329145,-1,-1,-1
00349,1,1181,403,632,642,0.99872106,-1,-1,-1
00349,1,1392,144,116,110,0.9913947,-1,-1,-1
00349,1,30,660,711,401,0.98105925,-1,-1,-1
00349,1,755,266,335,249,0.9356965,-1,-1,-1
00349,1,1246,133,133,138,0.9260461,-1,-1,-1
00349,1,0,493,317,387,0.8344361,-1,-1,-1
00350,1,1213,405,600,598,0.99544394,-1,-1,-1
00350,1,1393,144,114,110,0.9869687,-1,-1,-1
00350,1,23,659,698,419,0.9832455,-1,-1,-1
00350,1,761,270,302,258,0.9666598,-1,-1,-1
00350,1,1245,133,136,138,0.8786436,-1,-1,-1
00350,1,0,493,315,386,0.86136913,-1,-1,-1
00351,1,1205,430,613,557,0.9974668,-1,-1,-1
00351,1,1392,144,116,110,0.98716694,-1,-1,-1
00351,1,17,665,714,396,0.97757155,-1,-1,-1
00351,1,747,273,330,252,0.9694355,-1,-1,-1
00351,1,1246,134,126,134,0.9203773,-1,-1,-1
00351,1,0,496,314,387,0.83805895,-1,-1,-1
00352,1,1232,378,572,557,0.9992143,-1,-1,-1
00352,1,1391,143,117,110,0.985508,-1,-1,-1
00352,1,742,284,321,243,0.97977704,-1,-1,-1
00352,1,9,665,730,416,0.97812027,-1,-1,-1
00352,1,1243,131,135,138,0.91757846,-1,-1,-1
00352,1,0,497,314,385,0.8017363,-1,-1,-1
00353,1,1225,360,594,544,0.9898268,-1,-1,-1
00353,1,1392,144,116,109,0.98543626,-1,-1,-1
00353,1,736,284,329,246,0.9732527,-1,-1,-1
00353,1,31,673,680,408,0.9715044,-1,-1,-1
00353,1,1241,133,133,137,0.8173634,-1,-1,-1
00353,1,0,503,312,405,0.7416389,-1,-1,-1
00354,1,1234,356,549,523,0.99715483,-1,-1,-1
00354,1,1391,144,116,109,0.9854093,-1,-1,-1
00354,1,7,667,708,397,0.9813871,-1,-1,-1
00354,1,728,285,335,252,0.9717637,-1,-1,-1
00354,1,1243,133,133,136,0.86977434,-1,-1,-1
00354,1,0,504,311,406,0.79129493,-1,-1,-1
00355,1,1240,371,547,494,0.99522275,-1,-1,-1
00355,1,1391,145,116,109,0.984925,-1,-1,-1
00355,1,19,669,694,412,0.97563064,-1,-1,-1
00355,1,722,291,340,256,0.96769875,-1,-1,-1
00355,1,1244,136,124,131,0.8299755,-1,-1,-1
00355,1,0,506,306,411,0.7223532,-1,-1,-1
00356,1,1255,344,511,491,0.9976324,-1,-1,-1
00356,1,1392,145,117,109,0.98594624,-1,-1,-1
00356,1,717,291,341,261,0.9766585,-1,-1,-1
00356,1,0,678,709,387,0.9751976,-1,-1,-1
00356,1,1244,136,124,131,0.8218021,-1,-1,-1
00356,1,0,505,307,406,0.77301764,-1,-1,-1
00357,1,1239,323,524,485,0.99708587,-1,-1,-1
00357,1,1392,145,116,109,0.9846858,-1,-1,-1
00357,1,10,650,695,421,0.97753876,-1,-1,-1
00357,1,708,285,351,275,0.9552762,-1,-1,-1
00357,1,1245,132,128,137,0.9214263,-1,-1,-1
00357,1,0,503,309,379,0.7797785,-1,-1,-1
00358,1,1234,298,504,478,0.9943071,-1,-1,-1
00358,1,1392,144,116,109,0.98709273,-1,-1,-1
00358,1,0,656,712,395,0.9773638,-1,-1,-1
00358,1,694,290,359,272,0.9580849,-1,-1,-1
00358,1,1245,131,127,137,0.91712123,-1,-1,-1
00358,1,0,502,310,377,0.77575815,-1,-1,-1
00359,1,1222,283,500,473,0.9936498,-1,-1,-1
00359,1,1392,144,117,109,0.98713,-1,-1,-1
00359,1,0,665,704,395,0.9685242,-1,-1,-1
00359,1,685,292,366,276,0.9604276,-1,-1,-1
00359,1,1244,132,128,135,0.87966144,-1,-1,-1
00359,1,0,502,306,379,0.747039,-1,-1,-1
00360,1,1221,281,491,445,0.99180686,-1,-1,-1
00360,1,689,285,361,291,0.98758507,-1,-1,-1
00360,1,1392,143,118,110,0.9871601,-1,-1,-1
00360,1,6,675,711,406,0.9653958,-1,-1,-1
00360,1,1245,131,125,135,0.89513415,-1,-1,-1
00360,1,0,502,303,384,0.7629187,-1,-1,-1
