00001,1,1729,488,832,533,0.9955752,-1,-1,-1
00001,1,104,415,231,178,0.8649129,-1,-1,-1
00002,1,1729,490,832,531,0.99620026,-1,-1,-1
00002,1,102,413,222,177,0.8918081,-1,-1,-1
00003,1,1730,490,831,531,0.996311,-1,-1,-1
00003,1,94,409,223,172,0.8681263,-1,-1,-1
00004,1,1730,490,831,531,0.9963313,-1,-1,-1
00004,1,86,407,224,168,0.9219665,-1,-1,-1
00005,1,1730,490,831,532,0.99631953,-1,-1,-1
00005,1,84,407,217,163,0.9279649,-1,-1,-1
00006,1,1730,490,831,531,0.99628407,-1,-1,-1
00006,1,82,404,209,162,0.92098,-1,-1,-1
00007,1,1730,490,831,531,0.99620783,-1,-1,-1
00007,1,73,400,211,161,0.7738238,-1,-1,-1
00008,1,1731,490,830,531,0.99616456,-1,-1,-1
00008,1,70,398,209,163,0.87945485,-1,-1,-1
00009,1,1731,490,830,531,0.99615884,-1,-1,-1
00009,1,67,397,203,151,0.9615725,-1,-1,-1
00010,1,1730,490,831,531,0.99612635,-1,-1,-1
00010,1,60,394,199,146,0.89748263,-1,-1,-1
00011,1,1730,490,831,531,0.9963012,-1,-1,-1
00011,1,58,393,190,139,0.9599346,-1,-1,-1
00012,1,1731,490,830,531,0.9962924,-1,-1,-1
00012,1,55,392,186,141,0.8303475,-1,-1,-1
00013,1,1730,489,831,532,0.9962453,-1,-1,-1
00013,1,45,388,199,136,0.8903772,-1,-1,-1
00014,1,1730,490,831,531,0.99626094,-1,-1,-1
00014,1,48,391,182,132,0.9417668,-1,-1,-1
00015,1,1730,490,831,531,0.9962818,-1,-1,-1
00015,1,45,388,178,132,0.91074526,-1,-1,-1
00016,1,1730,490,831,531,0.99635446,-1,-1,-1
00016,1,35,389,181,128,0.8625308,-1,-1,-1
00017,1,1730,490,831,531,0.99631834,-1,-1,-1
00017,1,34,387,175,125,0.8292398,-1,-1,-1
00018,1,1730,490,831,531,0.9962884,-1,-1,-1
00018,1,0,604,380,415,0.9048009,-1,-1,-1
00018,1,37,385,167,124,0.71392494,-1,-1,-1
00019,1,1731,490,830,531,0.9962914,-1,-1,-1
00019,1,0,595,500,473,0.9684645,-1,-1,-1
00019,1,33,371,168,137,0.78892285,-1,-1,-1
00020,1,1730,490,831,531,0.9962631,-1,-1,-1
00020,1,0,599,634,520,0.98884994,-1,-1,-1
00021,1,1730,489,831,532,0.99628985,-1,-1,-1
00021,1,10,623,770,542,0.98232,-1,-1,-1
00022,1,1730,488,831,533,0.99637955,-1,-1,-1
00022,1,6,632,965,605,0.9905201,-1,-1,-1
00023,1,1730,488,831,534,0.9963716,-1,-1,-1
00023,1,0,592,1205,696,0.99583226,-1,-1,-1
00024,1,1730,488,831,534,0.99630034,-1,-1,-1
00024,1,3,624,1454,785,0.99484396,-1,-1,-1
00025,1,1724,460,837,535,0.9960651,-1,-1,-1
00025,1,125,632,1650,838,0.99254084,-1,-1,-1
00026,1,394,635,1702,875,0.9919309,-1,-1,-1
00026,1,1735,493,826,528,0.9870221,-1,-1,-1
00027,1,1737,499,824,543,0.9834926,-1,-1,-1
00027,1,541,612,1959,1011,0.9833915,-1,-1,-1
00028,1,729,625,1832,1156,0.9747171,-1,-1,-1
00028,1,1745,496,816,486,0.96168745,-1,-1,-1
00029,1,945,655,1616,931,0.96645457,-1,-1,-1
00029,1,1806,495,755,454,0.83866775,-1,-1,-1
00030,1,1277,715,1284,844,0.9979493,-1,-1,-1
00030,1,1725,488,831,389,0.7591419,-1,-1,-1
00031,1,1600,768,961,871,0.9978417,-1,-1,-1
00031,1,1745,464,816,563,0.9924011,-1,-1,-1
00032,1,1904,803,657,878,0.99604577,-1,-1,-1
00032,1,1762,476,797,541,0.9780633,-1,-1,-1
00033,1,1729,485,832,537,0.9960135,-1,-1,-1
00034,1,1725,487,836,534,0.99601525,-1,-1,-1
00035,1,1726,487,835,534,0.99593675,-1,-1,-1
00036,1,1726,488,835,533,0.9960452,-1,-1,-1
00037,1,1725,487,836,535,0.9959015,-1,-1,-1
00038,1,1726,487,835,535,0.995815,-1,-1,-1
00039,1,1724,487,837,535,0.9958384,-1,-1,-1
00040,1,1754,478,807,547,0.9959304,-1,-1,-1
00041,1,1723,490,838,532,0.9955605,-1,-1,-1
00042,1,1718,484,843,537,0.9960431,-1,-1,-1
00043,1,1712,483,849,540,0.9954786,-1,-1,-1
00044,1,1703,484,858,538,0.9941341,-1,-1,-1
00045,1,1707,450,854,572,0.99313736,-1,-1,-1
00046,1,1692,450,869,574,0.9932754,-1,-1,-1
00047,1,1682,472,879,578,0.99415016,-1,-1,-1
00048,1,1661,443,900,581,0.9958001,-1,-1,-1
00049,1,1645,446,916,572,0.9948009,-1,-1,-1
00050,1,1621,441,940,582,0.99542135,-1,-1,-1
00051,1,1561,456,1000,554,0.99549,-1,-1,-1
00052,1,1545,446,1016,565,0.9950022,-1,-1,-1
00053,1,1530,485,1031,545,0.996974,-1,-1,-1
00054,1,1465,490,1096,547,0.9988147,-1,-1,-1
00055,1,1433,457,1128,587,0.9968874,-1,-1,-1
00056,1,1349,478,1212,607,0.9943785,-1,-1,-1
00057,1,1292,456,1269,596,0.99691147,-1,-1,-1
00058,1,1202,458,1359,594,0.99610114,-1,-1,-1
00059,1,1164,425,1397,624,0.9941188,-1,-1,-1
00060,1,1084,442,1398,611,0.9921558,-1,-1,-1
00061,1,1008,445,1332,627,0.9928502,-1,-1,-1
00062,1,965,457,1309,592,0.9936581,-1,-1,-1
00063,1,828,438,1330,610,0.9953709,-1,-1,-1
00064,1,551,390,1478,613,0.9943739,-1,-1,-1
00065,1,535,432,1361,620,0.996042,-1,-1,-1
00066,1,371,429,1419,630,0.99407876,-1,-1,-1
00067,1,233,435,1443,625,0.9966198,-1,-1,-1
00068,1,152,419,1426,647,0.99580294,-1,-1,-1
00069,1,83,416,1341,637,0.9950912,-1,-1,-1
00070,1,0,440,1282,605,0.9927677,-1,-1,-1
00071,1,15,446,1145,602,0.9955446,-1,-1,-1
00072,1,0,473,1056,575,0.993588,-1,-1,-1
00073,1,0,465,880,559,0.9825231,-1,-1,-1
00074,1,2,518,789,510,0.96854734,-1,-1,-1
00075,1,0,510,645,523,0.9677926,-1,-1,-1
00076,1,0,547,555,475,0.9885162,-1,-1,-1
00076,1,2107,488,454,524,0.7093793,-1,-1,-1
00077,1,2021,482,540,520,0.98765486,-1,-1,-1
00077,1,0,580,438,446,0.9565724,-1,-1,-1
00078,1,1902,467,659,547,0.9853394,-1,-1,-1
00078,1,0,601,344,359,0.8755482,-1,-1,-1
00079,1,1792,472,769,544,0.9940538,-1,-1,-1
00080,1,1659,437,902,579,0.9898628,-1,-1,-1
00081,1,1517,458,1044,564,0.9930831,-1,-1,-1
00082,1,1437,481,1124,574,0.9967321,-1,-1,-1
00083,1,1260,452,1301,627,0.9966653,-1,-1,-1
00084,1,1164,464,1397,613,0.99220264,-1,-1,-1
00084,1,0,846,471,706,0.9128269,-1,-1,-1
00085,1,1104,448,1287,606,0.98645276,-1,-1,-1
00085,1,0,738,836,869,0.9849486,-1,-1,-1
00086,1,0,718,1267,951,0.9843242,-1,-1,-1
00086,1,883,441,1381,594,0.97121227,-1,-1,-1
00087,1,0,723,1751,877,0.9540703,-1,-1,-1
00087,1,708,486,1389,604,0.9105948,-1,-1,-1
00088,1,0,582,2159,1151,0.924934,-1,-1,-1
00088,1,428,457,1587,624,0.9015683,-1,-1,-1
00089,1,184,481,2204,1168,0.98899335,-1,-1,-1
00090,1,495,642,2066,1017,0.99470913,-1,-1,-1
00090,1,207,496,960,530,0.97890544,-1,-1,-1
00091,1,1013,650,1548,950,0.9986022,-1,-1,-1
00091,1,135,439,1349,618,0.9859839,-1,-1,-1
00092,1,1415,626,1146,925,0.99673575,-1,-1,-1
00092,1,18,437,1334,618,0.99431086,-1,-1,-1
00093,1,0,449,1165,602,0.99429744,-1,-1,-1
00093,1,1771,669,790,959,0.9901598,-1,-1,-1
00094,1,0,450,1006,590,0.98676133,-1,-1,-1
00094,1,2174,639,387,826,0.88939565,-1,-1,-1
00095,1,0,406,829,639,0.95876884,-1,-1,-1
00095,1,2003,482,558,370,0.873574,-1,-1,-1
00096,1,0,500,699,548,0.956617,-1,-1,-1
00096,1,1903,462,658,386,0.92988604,-1,-1,-1
00097,1,1812,468,749,408,0.95994884,-1,-1,-1
00097,1,0,520,556,519,0.9256525,-1,-1,-1
00098,1,1721,460,794,391,0.958431,-1,-1,-1
00098,1,0,579,434,446,0.9424152,-1,-1,-1
00099,1,1624,456,833,403,0.97272867,-1,-1,-1
00100,1,1455,438,952,418,0.94737,-1,-1,-1
00101,1,1431,445,784,412,0.9282202,-1,-1,-1
00102,1,1322,464,777,395,0.9553595,-1,-1,-1
00103,1,1173,462,883,408,0.9322783,-1,-1,-1
00104,1,1117,454,815,397,0.9613531,-1,-1,-1
00105,1,1006,456,840,390,0.9550248,-1,-1,-1
00106,1,921,477,837,363,0.9799359,-1,-1,-1
00107,1,826,483,843,348,0.9813478,-1,-1,-1
00108,1,0,815,606,676,0.9889691,-1,-1,-1
00108,1,740,483,820,360,0.9484467,-1,-1,-1
00109,1,0,804,998,718,0.9660872,-1,-1,-1
00109,1,671,482,789,353,0.9340804,-1,-1,-1
00110,1,0,713,1471,766,0.97497874,-1,-1,-1
00110,1,620,481,762,358,0.90809476,-1,-1,-1
00111,1,0,648,1960,882,0.93518096,-1,-1,-1
00111,1,568,468,746,349,0.9283773,-1,-1,-1
00112,1,513,606,1837,879,0.99036866,-1,-1,-1
00112,1,505,467,714,355,0.9600852,-1,-1,-1
00113,1,460,462,683,355,0.9646003,-1,-1,-1
00113,1,1004,550,1557,935,0.95215607,-1,-1,-1
00114,1,1423,637,1138,830,0.99905425,-1,-1,-1
00114,1,399,472,662,345,0.93729776,-1,-1,-1
00115,1,1772,724,789,789,0.9919207,-1,-1,-1
00115,1,361,473,636,334,0.8839571,-1,-1,-1
00116,1,322,469,618,333,0.88388854,-1,-1,-1
00117,1,285,472,592,326,0.93579805,-1,-1,-1
00118,1,261,466,568,322,0.9392519,-1,-1,-1
00119,1,237,462,541,316,0.9210061,-1,-1,-1
00120,1,210,451,520,320,0.8751884,-1,-1,-1
00121,1,190,450,493,310,0.7377029,-1,-1,-1
00122,1,172,452,496,295,0.7741272,-1,-1,-1
00124,1,0,767,616,630,0.98844063,-1,-1,-1
00124,1,147,449,443,278,0.820971,-1,-1,-1
00125,1,0,656,1063,721,0.9831867,-1,-1,-1
00125,1,131,444,426,275,0.8494504,-1,-1,-1
00126,1,0,626,1561,793,0.9639964,-1,-1,-1
00126,1,124,446,405,264,0.87314355,-1,-1,-1
00127,1,344,642,1623,748,0.9896998,-1,-1,-1
00128,1,818,590,1635,815,0.9886525,-1,-1,-1
00129,1,1220,637,1341,733,0.9588091,-1,-1,-1
00130,1,1740,697,821,732,0.9618538,-1,-1,-1
00130,1,95,428,335,244,0.82620037,-1,-1,-1
00131,1,86,427,320,236,0.74223447,-1,-1,-1
00132,1,93,425,298,227,0.8811462,-1,-1,-1
00139,1,0,878,2333,1043,0.8702855,-1,-1,-1
00139,1,68,401,251,193,0.8000794,-1,-1,-1
00141,1,69,396,237,180,0.896266,-1,-1,-1
00142,1,1535,1004,1026,917,0.75182134,-1,-1,-1
00144,1,50,386,225,173,0.82381594,-1,-1,-1
00145,1,48,380,220,175,0.8633083,-1,-1,-1
00146,1,50,377,210,172,0.8757767,-1,-1,-1
00147,1,46,375,206,167,0.8540192,-1,-1,-1
00148,1,42,376,205,158,0.8515239,-1,-1,-1
00149,1,37,372,204,160,0.7805097,-1,-1,-1
00150,1,39,367,199,159,0.7348875,-1,-1,-1
00151,1,34,371,199,152,0.73726726,-1,-1,-1
00152,1,32,375,198,148,0.700176,-1,-1,-1
00153,1,2141,468,418,390,0.8931053,-1,-1,-1
00153,1,38,377,181,141,0.8575134,-1,-1,-1
00154,1,2043,471,518,398,0.9933073,-1,-1,-1
00155,1,1955,464,606,400,0.99212426,-1,-1,-1
00156,1,1805,462,756,409,0.9951024,-1,-1,-1
00157,1,1716,467,809,407,0.99504304,-1,-1,-1
00158,1,1613,433,898,446,0.99384165,-1,-1,-1
00159,1,1476,442,855,449,0.98961896,-1,-1,-1
00160,1,1362,456,1057,443,0.98720145,-1,-1,-1
00161,1,1245,454,1025,441,0.98484993,-1,-1,-1
00162,1,1161,456,942,438,0.98660827,-1,-1,-1
00163,1,1062,417,943,458,0.9874194,-1,-1,-1
00164,1,960,444,925,437,0.9800331,-1,-1,-1
00165,1,862,459,971,415,0.991219,-1,-1,-1
00166,1,774,452,931,418,0.9901545,-1,-1,-1
00167,1,673,462,941,397,0.98977995,-1,-1,-1
00168,1,597,471,932,395,0.9911143,-1,-1,-1
00169,1,538,459,912,406,0.9887553,-1,-1,-1
00170,1,487,451,866,408,0.9874653,-1,-1,-1
00171,1,442,442,810,408,0.98038816,-1,-1,-1
00171,1,0,891,372,531,0.93634814,-1,-1,-1
00172,1,0,751,854,740,0.9912225,-1,-1,-1
00172,1,402,455,774,395,0.97414196,-1,-1,-1
00173,1,304,449,772,410,0.9551393,-1,-1,-1
00173,1,0,755,1468,805,0.871057,-1,-1,-1
00174,1,279,472,727,343,0.98746955,-1,-1,-1
00174,1,0,638,1972,929,0.98443407,-1,-1,-1
00175,1,252,462,674,357,0.9814031,-1,-1,-1
00175,1,448,591,1991,985,0.9750509,-1,-1,-1
00176,1,1019,624,1542,920,0.9922693,-1,-1,-1
00176,1,214,454,666,365,0.99023235,-1,-1,-1
00177,1,1506,686,1055,841,0.99716514,-1,-1,-1
00177,1,182,455,622,346,0.99144274,-1,-1,-1
00178,1,163,451,576,354,0.99037594,-1,-1,-1
00178,1,1966,701,595,733,0.9303335,-1,-1,-1
00179,1,140,446,557,344,0.98969287,-1,-1,-1
00180,1,119,437,540,342,0.9848898,-1,-1,-1
00181,1,121,446,494,312,0.9557375,-1,-1,-1
00182,1,110,434,455,323,0.9637624,-1,-1,-1
00183,1,99,442,419,301,0.89378077,-1,-1,-1
00184,1,95,429,394,303,0.9570182,-1,-1,-1
00185,1,83,432,394,289,0.74107176,-1,-1,-1
00186,1,69,431,386,281,0.87793994,-1,-1,-1
00187,1,60,424,368,278,0.94257593,-1,-1,-1
00188,1,59,425,348,260,0.8752662,-1,-1,-1
00189,1,58,417,333,259,0.9106861,-1,-1,-1
00190,1,60,413,318,250,0.8870282,-1,-1,-1
00191,1,55,412,305,241,0.9537148,-1,-1,-1
00192,1,55,409,294,234,0.96386594,-1,-1,-1
00193,1,60,407,282,228,0.93020135,-1,-1,-1
00194,1,57,402,272,224,0.93603384,-1,-1,-1
00195,1,51,396,266,216,0.93371516,-1,-1,-1
00196,1,56,390,251,220,0.91280574,-1,-1,-1
00197,1,55,390,246,205,0.80154616,-1,-1,-1
00198,1,55,388,241,203,0.833984,-1,-1,-1
00199,1,53,390,239,195,0.9253375,-1,-1,-1
00200,1,58,389,230,186,0.96340954,-1,-1,-1
00201,1,53,385,223,185,0.96027106,-1,-1,-1
00202,1,49,382,229,183,0.9582346,-1,-1,-1
00203,1,49,379,222,181,0.9452376,-1,-1,-1
00204,1,2032,462,528,398,0.99288756,-1,-1,-1
00204,1,57,371,208,171,0.91864073,-1,-1,-1
00205,1,1898,458,634,389,0.9874687,-1,-1,-1
00205,1,53,374,204,165,0.83549666,-1,-1,-1
00206,1,1779,447,766,421,0.9935359,-1,-1,-1
00206,1,45,370,196,166,0.87244105,-1,-1,-1
00207,1,1644,465,873,404,0.99407333,-1,-1,-1
00207,1,42,367,196,166,0.89711887,-1,-1,-1
00208,1,1498,466,706,391,0.9911458,-1,-1,-1
00208,1,39,366,195,162,0.9294085,-1,-1,-1
00209,1,1377,453,929,432,0.97240025,-1,-1,-1
00209,1,33,367,197,156,0.7704403,-1,-1,-1
00210,1,1206,469,744,387,0.979653,-1,-1,-1
00211,1,1164,450,862,416,0.9395355,-1,-1,-1
00211,1,30,365,188,147,0.7814694,-1,-1,-1
00212,1,1043,455,914,406,0.973258,-1,-1,-1
00212,1,30,361,185,154,0.70367193,-1,-1,-1
00213,1,911,459,929,403,0.9746522,-1,-1,-1
00214,1,787,451,937,389,0.9899014,-1,-1,-1
00215,1,678,458,868,373,0.9895635,-1,-1,-1
00216,1,605,459,811,378,0.98102653,-1,-1,-1
00217,1,571,454,789,383,0.97991186,-1,-1,-1
00218,1,485,436,768,400,0.9571075,-1,-1,-1
00219,1,420,460,727,374,0.968991,-1,-1,-1
00220,1,376,437,674,373,0.96124464,-1,-1,-1
00221,1,319,440,656,368,0.980649,-1,-1,-1
00222,1,273,439,611,352,0.98435545,-1,-1,-1
00223,1,215,439,610,343,0.975641,-1,-1,-1
00224,1,178,427,596,335,0.9831034,-1,-1,-1
00225,1,153,423,558,330,0.97561014,-1,-1,-1
00226,1,150,413,481,330,0.940556,-1,-1,-1
00227,1,130,410,475,322,0.8906323,-1,-1,-1
00228,1,129,421,424,302,0.91780144,-1,-1,-1
00229,1,112,419,429,292,0.84454995,-1,-1,-1
00230,1,100,412,410,292,0.90040696,-1,-1,-1
00232,1,2076,530,485,334,0.91911346,-1,-1,-1
00232,1,92,416,361,257,0.8838878,-1,-1,-1
00233,1,2004,521,557,331,0.88020194,-1,-1,-1
00234,1,1869,528,692,329,0.966243,-1,-1,-1
00235,1,1747,527,814,329,0.96123064,-1,-1,-1
00235,1,59,397,319,239,0.70176697,-1,-1,-1
00236,1,1614,524,859,328,0.950196,-1,-1,-1
00236,1,55,396,306,236,0.9462664,-1,-1,-1
00237,1,1496,517,846,345,0.950883,-1,-1,-1
00237,1,49,387,300,226,0.83739084,-1,-1,-1
00238,1,49,387,280,222,0.9091898,-1,-1,-1
00238,1,1378,506,839,351,0.8576809,-1,-1,-1
00239,1,1274,516,780,334,0.90563637,-1,-1,-1
00239,1,45,381,273,214,0.8318053,-1,-1,-1
00240,1,1169,509,814,339,0.9072663,-1,-1,-1
00241,1,1052,520,811,327,0.96021014,-1,-1,-1
00241,1,60,382,242,196,0.84308153,-1,-1,-1
00242,1,959,525,782,313,0.9522144,-1,-1,-1
00242,1,59,379,231,191,0.87000257,-1,-1,-1
00243,1,831,516,795,337,0.9100409,-1,-1,-1
00243,1,55,377,227,189,0.85154974,-1,-1,-1
00244,1,755,522,778,311,0.94173574,-1,-1,-1
00244,1,47,373,231,182,0.912976,-1,-1,-1
00245,1,708,526,725,301,0.9279603,-1,-1,-1
00245,1,42,364,229,184,0.83207124,-1,-1,-1
00246,1,608,517,723,300,0.93805987,-1,-1,-1
00246,1,43,359,218,185,0.87316054,-1,-1,-1
00247,1,512,521,746,303,0.9735497,-1,-1,-1
00247,1,38,360,215,176,0.85238457,-1,-1,-1
00248,1,38,361,211,172,0.9054572,-1,-1,-1
00248,1,489,518,658,284,0.88575304,-1,-1,-1
00249,1,39,356,201,169,0.701497,-1,-1,-1
00250,1,377,508,607,299,0.7121943,-1,-1,-1
00251,1,350,502,560,296,0.8765101,-1,-1,-1
00252,1,310,506,562,286,0.95160365,-1,-1,-1
00253,1,295,497,520,287,0.93831885,-1,-1,-1
00254,1,266,495,486,275,0.96598965,-1,-1,-1
00255,1,243,488,468,269,0.90994525,-1,-1,-1
00256,1,231,488,432,257,0.8916757,-1,-1,-1
00257,1,218,487,405,250,0.95294565,-1,-1,-1
00258,1,209,485,383,241,0.9193918,-1,-1,-1
00259,1,218,477,346,240,0.9310281,-1,-1,-1
00260,1,198,478,334,234,0.9382813,-1,-1,-1
00261,1,186,472,328,235,0.80003446,-1,-1,-1
00262,1,178,465,315,225,0.9219222,-1,-1,-1
00263,1,156,465,315,214,0.83333737,-1,-1,-1
00264,1,147,454,301,217,0.9248372,-1,-1,-1
00265,1,142,452,285,210,0.94610107,-1,-1,-1
00266,1,128,446,290,204,0.9251651,-1,-1,-1
00267,1,122,446,277,199,0.87136215,-1,-1,-1
00268,1,113,441,272,195,0.86798507,-1,-1,-1
00269,1,104,437,264,189,0.9139043,-1,-1,-1
00270,1,94,437,261,181,0.9274553,-1,-1,-1
00271,1,85,433,254,177,0.95267886,-1,-1,-1
00272,1,79,427,246,175,0.96512234,-1,-1,-1
00273,1,71,423,243,173,0.96331036,-1,-1,-1
00274,1,65,411,241,177,0.95573604,-1,-1,-1
00275,1,55,411,234,168,0.9358776,-1,-1,-1
00276,1,52,407,226,171,0.967037,-1,-1,-1
00277,1,51,406,211,163,0.97670126,-1,-1,-1
00278,1,45,404,210,159,0.9801087,-1,-1,-1
00279,1,44,401,199,157,0.97828203,-1,-1,-1
00280,1,41,398,194,160,0.98235774,-1,-1,-1
00281,1,0,727,489,780,0.99045825,-1,-1,-1
00281,1,36,394,189,151,0.9770733,-1,-1,-1
00282,1,0,457,976,994,0.9978064,-1,-1,-1
00282,1,31,397,184,146,0.94712037,-1,-1,-1
00283,1,0,519,1542,1061,0.99101263,-1,-1,-1
00283,1,32,392,186,146,0.90641356,-1,-1,-1
00284,1,35,389,182,139,0.9878307,-1,-1,-1
00284,1,81,474,1968,1089,0.97908723,-1,-1,-1
00285,1,31,386,178,138,0.97655326,-1,-1,-1
00285,1,727,518,1796,1028,0.86369574,-1,-1,-1
00286,1,591,460,1970,1175,0.9761318,-1,-1,-1
00286,1,27,388,176,131,0.97064555,-1,-1,-1
00287,1,1112,503,1449,1048,0.9987429,-1,-1,-1
00287,1,28,381,164,137,0.97127837,-1,-1,-1
00288,1,1582,536,979,1001,0.9950954,-1,-1,-1
00288,1,20,380,174,132,0.968199,-1,-1,-1
00289,1,24,374,162,138,0.94353634,-1,-1,-1
00290,1,23,376,155,131,0.82820797,-1,-1,-1
00291,1,22,376,153,130,0.8407636,-1,-1,-1
00292,1,2082,391,478,587,0.8637421,-1,-1,-1
00292,1,21,376,150,123,0.72265947,-1,-1,-1
00293,1,1795,311,766,705,0.9770026,-1,-1,-1
00293,1,19,372,152,124,0.8171207,-1,-1,-1
00294,1,1501,308,1060,695,0.99859565,-1,-1,-1
00294,1,16,368,151,125,0.86003584,-1,-1,-1
00295,1,1167,273,1394,806,0.99798393,-1,-1,-1
00295,1,11,363,152,124,0.73536426,-1,-1,-1
00296,1,856,274,1488,798,0.9981377,-1,-1,-1
00297,1,528,295,1465,778,0.9987016,-1,-1,-1
00298,1,235,281,1376,765,0.9987973,-1,-1,-1
00299,1,0,278,1279,772,0.99562293,-1,-1,-1
00300,1,0,248,1010,755,0.9769596,-1,-1,-1
00301,1,0,345,682,667,0.9654218,-1,-1,-1
00302,1,0,372,405,639,0.90784395,-1,-1,-1
00439,1,0,739,337,583,0.8922215,-1,-1,-1
00440,1,0,706,467,686,0.98804617,-1,-1,-1
00441,1,0,708,579,755,0.9948231,-1,-1,-1
00442,1,0,722,795,859,0.99903524,-1,-1,-1
00443,1,0,672,1061,1035,0.9985399,-1,-1,-1
00444,1,0,689,1240,1057,0.9927436,-1,-1,-1
00445,1,0,676,1577,1178,0.9847655,-1,-1,-1
00446,1,46,520,1817,1374,0.98030305,-1,-1,-1
00447,1,175,551,2080,1370,0.9798465,-1,-1,-1
00448,1,381,504,2083,1417,0.94766873,-1,-1,-1
00449,1,644,641,1917,1226,0.98459667,-1,-1,-1
00450,1,744,697,1817,1224,0.9459298,-1,-1,-1
00451,1,1070,775,1491,1146,0.9936233,-1,-1,-1
00452,1,1423,786,1138,1135,0.99677104,-1,-1,-1
