00001,1,1434,739,423,342,0.98194456,-1,-1,-1
00001,1,1121,158,134,111,0.8430783,-1,-1,-1
00001,1,1254,203,75,69,0.83900243,-1,-1,-1
00001,1,190,414,279,236,0.7676451,-1,-1,-1
00002,1,1429,729,420,352,0.98756856,-1,-1,-1
00002,1,187,411,280,237,0.73757696,-1,-1,-1
00003,1,1429,729,418,352,0.9875844,-1,-1,-1
00003,1,187,411,279,238,0.77307403,-1,-1,-1
00004,1,1437,738,414,343,0.9827136,-1,-1,-1
00004,1,1249,201,83,70,0.7878684,-1,-1,-1
00004,1,191,415,281,234,0.7713844,-1,-1,-1
00005,1,1435,738,414,343,0.98217875,-1,-1,-1
00005,1,1249,202,82,70,0.7770114,-1,-1,-1
00005,1,190,415,280,234,0.7702167,-1,-1,-1
00006,1,1425,730,419,351,0.9826308,-1,-1,-1
00006,1,1250,201,79,71,0.75998306,-1,-1,-1
00006,1,190,414,278,235,0.7502398,-1,-1,-1
00007,1,1429,733,418,348,0.9873037,-1,-1,-1
00007,1,187,412,279,237,0.77893126,-1,-1,-1
00008,1,1432,735,416,346,0.97777486,-1,-1,-1
00008,1,187,412,278,237,0.7574462,-1,-1,-1
00009,1,1435,734,415,347,0.97161376,-1,-1,-1
00009,1,188,411,279,238,0.7719955,-1,-1,-1
00010,1,1427,733,417,348,0.98200434,-1,-1,-1
00010,1,192,414,282,236,0.78931373,-1,-1,-1
00011,1,1427,732,417,349,0.98244584,-1,-1,-1
00011,1,191,415,279,235,0.7937705,-1,-1,-1
00011,1,1252,203,79,68,0.74741596,-1,-1,-1
00011,1,522,273,167,137,0.7095446,-1,-1,-1
00012,1,1432,735,416,346,0.9779519,-1,-1,-1
00012,1,188,412,278,237,0.75972456,-1,-1,-1
00013,1,1425,733,430,348,0.98264265,-1,-1,-1
00013,1,187,412,278,237,0.71891326,-1,-1,-1
00014,1,1436,738,414,343,0.97969544,-1,-1,-1
00014,1,191,414,280,235,0.763352,-1,-1,-1
00015,1,1427,733,417,348,0.9834711,-1,-1,-1
00015,1,1124,158,129,110,0.7778513,-1,-1,-1
00015,1,191,414,280,235,0.7550196,-1,-1,-1
00016,1,1432,733,416,348,0.9897092,-1,-1,-1
00016,1,190,414,279,236,0.7761359,-1,-1,-1
00016,1,523,271,166,138,0.70689386,-1,-1,-1
00017,1,1433,735,417,346,0.97694355,-1,-1,-1
00017,1,188,413,277,235,0.75625074,-1,-1,-1
00018,1,1433,735,417,346,0.97756517,-1,-1,-1
00018,1,189,411,277,238,0.7708425,-1,-1,-1
00019,1,1435,737,416,344,0.9803151,-1,-1,-1
00019,1,193,414,279,236,0.77881634,-1,-1,-1
00020,1,1435,738,415,343,0.979862,-1,-1,-1
00020,1,192,415,280,235,0.7782961,-1,-1,-1
00021,1,1432,736,416,345,0.9774711,-1,-1,-1
00021,1,188,412,279,237,0.7625446,-1,-1,-1
00022,1,1432,737,414,344,0.97801447,-1,-1,-1
00022,1,187,413,278,236,0.7146418,-1,-1,-1
00023,1,1433,735,416,346,0.97332656,-1,-1,-1
00023,1,189,412,278,237,0.8069683,-1,-1,-1
00024,1,1436,738,415,343,0.97900945,-1,-1,-1
00024,1,191,415,281,235,0.80222493,-1,-1,-1
00024,1,1122,158,131,109,0.79191864,-1,-1,-1
00025,1,1431,733,418,348,0.98657995,-1,-1,-1
00025,1,192,416,280,234,0.8102905,-1,-1,-1
00026,1,1433,736,416,345,0.97132057,-1,-1,-1
00026,1,188,413,278,236,0.7772057,-1,-1,-1
00027,1,1425,729,424,352,0.98367137,-1,-1,-1
00027,1,189,413,277,236,0.7544996,-1,-1,-1
00028,1,1429,734,418,347,0.98530465,-1,-1,-1
00028,1,188,413,281,238,0.8235138,-1,-1,-1
00029,1,1434,733,427,348,0.97372943,-1,-1,-1
00029,1,190,415,280,234,0.80708116,-1,-1,-1
00030,1,1431,735,430,346,0.9797823,-1,-1,-1
00030,1,750,894,467,187,0.8846002,-1,-1,-1
00030,1,192,415,279,234,0.8091178,-1,-1,-1
00031,1,1435,739,416,342,0.9763642,-1,-1,-1
00031,1,768,848,431,233,0.9625571,-1,-1,-1
00031,1,191,415,276,235,0.78577614,-1,-1,-1
00031,1,1119,158,134,108,0.7493947,-1,-1,-1
00031,1,523,272,166,136,0.70063925,-1,-1,-1
00032,1,1426,729,424,352,0.9858693,-1,-1,-1
00032,1,771,813,410,268,0.89467293,-1,-1,-1
00032,1,188,412,277,237,0.751042,-1,-1,-1
00033,1,1423,735,431,346,0.9847313,-1,-1,-1
00033,1,787,779,387,302,0.9442542,-1,-1,-1
00033,1,186,412,280,238,0.7644112,-1,-1,-1
00034,1,793,742,371,332,0.9874306,-1,-1,-1
00034,1,1423,733,432,348,0.98490775,-1,-1,-1
00034,1,188,413,279,236,0.74009436,-1,-1,-1
00035,1,803,701,366,337,0.9910808,-1,-1,-1
00035,1,1430,728,417,353,0.9883409,-1,-1,-1
00035,1,188,412,280,238,0.8078762,-1,-1,-1
00035,1,1118,158,135,108,0.759545,-1,-1,-1
00036,1,1432,733,413,348,0.98994946,-1,-1,-1
00036,1,818,679,348,318,0.9891784,-1,-1,-1
00036,1,190,414,279,237,0.7922629,-1,-1,-1
00037,1,820,646,349,317,0.9889637,-1,-1,-1
00037,1,1434,733,412,348,0.9879979,-1,-1,-1
00037,1,192,415,279,235,0.7909704,-1,-1,-1
00038,1,832,627,335,298,0.9933287,-1,-1,-1
00038,1,1431,733,426,348,0.9896874,-1,-1,-1
00038,1,189,413,278,237,0.7919395,-1,-1,-1
00038,1,1120,156,132,111,0.734245,-1,-1,-1
00039,1,837,603,329,288,0.9915394,-1,-1,-1
00039,1,1425,733,430,348,0.985137,-1,-1,-1
00039,1,187,412,278,237,0.75951064,-1,-1,-1
00040,1,844,577,321,288,0.99122435,-1,-1,-1
00040,1,1425,733,428,348,0.98439944,-1,-1,-1
00040,1,186,412,282,236,0.7372743,-1,-1,-1
00041,1,854,564,307,270,0.9905234,-1,-1,-1
00041,1,1425,735,429,346,0.9845657,-1,-1,-1
00041,1,188,412,278,237,0.7752613,-1,-1,-1
00042,1,1431,729,417,352,0.9879924,-1,-1,-1
00042,1,861,546,298,261,0.9817431,-1,-1,-1
00042,1,189,412,279,237,0.7896367,-1,-1,-1
00043,1,868,530,295,257,0.98586595,-1,-1,-1
00043,1,1429,732,431,349,0.9853351,-1,-1,-1
00043,1,190,415,279,235,0.80282444,-1,-1,-1
00043,1,1254,205,74,65,0.70202845,-1,-1,-1
00044,1,878,517,277,248,0.99499774,-1,-1,-1
00044,1,1430,738,428,343,0.9819196,-1,-1,-1
00044,1,190,415,279,236,0.82024294,-1,-1,-1
00044,1,1254,205,75,66,0.71643883,-1,-1,-1
00045,1,882,498,266,247,0.9959324,-1,-1,-1
00045,1,1432,731,414,350,0.98673487,-1,-1,-1
00045,1,190,413,277,236,0.7498881,-1,-1,-1
00045,1,1120,156,133,111,0.71364915,-1,-1,-1
00046,1,882,485,269,237,0.99207133,-1,-1,-1
00046,1,1431,736,415,345,0.9752644,-1,-1,-1
00046,1,186,412,280,237,0.7641692,-1,-1,-1
00047,1,885,469,263,236,0.9900004,-1,-1,-1
00047,1,1432,737,414,344,0.9765805,-1,-1,-1
00047,1,187,412,280,237,0.7408262,-1,-1,-1
00048,1,890,455,256,234,0.99253654,-1,-1,-1
00048,1,1432,736,415,345,0.97574574,-1,-1,-1
00048,1,188,412,279,237,0.74175054,-1,-1,-1
00049,1,899,445,251,226,0.9914403,-1,-1,-1
00049,1,1432,728,410,353,0.9850162,-1,-1,-1
00049,1,1251,205,77,66,0.802361,-1,-1,-1
00049,1,191,414,280,236,0.80076206,-1,-1,-1
00050,1,906,434,245,222,0.9936242,-1,-1,-1
00050,1,1437,738,413,343,0.97830623,-1,-1,-1
00050,1,191,415,280,235,0.78596,-1,-1,-1
00051,1,914,426,237,215,0.99639684,-1,-1,-1
00051,1,1433,736,420,345,0.9794374,-1,-1,-1
00051,1,191,414,279,236,0.76894337,-1,-1,-1
00051,1,1251,205,77,66,0.73289555,-1,-1,-1
00052,1,915,413,231,213,0.9917278,-1,-1,-1
00052,1,1433,736,421,345,0.9762923,-1,-1,-1
00052,1,189,412,279,238,0.7720063,-1,-1,-1
00053,1,923,399,219,212,0.9950447,-1,-1,-1
00053,1,1429,735,415,346,0.980532,-1,-1,-1
00053,1,188,412,279,236,0.7209203,-1,-1,-1
00054,1,921,394,220,204,0.9942378,-1,-1,-1
00054,1,1424,732,427,349,0.985935,-1,-1,-1
00054,1,185,412,282,237,0.70048714,-1,-1,-1
00055,1,925,387,221,197,0.9922401,-1,-1,-1
00055,1,1432,734,416,347,0.9756999,-1,-1,-1
00055,1,188,412,279,236,0.71209896,-1,-1,-1
00056,1,932,377,214,195,0.9940023,-1,-1,-1
00056,1,1432,736,418,345,0.97743803,-1,-1,-1
00056,1,189,413,282,237,0.748022,-1,-1,-1
00056,1,1122,158,132,109,0.7351595,-1,-1,-1
00057,1,933,373,214,190,0.9925674,-1,-1,-1
00057,1,1437,738,413,343,0.97759056,-1,-1,-1
00057,1,1255,202,76,69,0.771377,-1,-1,-1
00057,1,190,414,282,236,0.769804,-1,-1,-1
00058,1,939,363,203,187,0.9949995,-1,-1,-1
00058,1,1434,737,421,344,0.9779651,-1,-1,-1
00058,1,190,413,280,237,0.75663376,-1,-1,-1
00059,1,940,354,203,185,0.99464464,-1,-1,-1
00059,1,1432,738,417,343,0.9794742,-1,-1,-1
00059,1,186,411,282,239,0.71701795,-1,-1,-1
00060,1,944,347,194,179,0.99508435,-1,-1,-1
00060,1,1430,736,417,345,0.977042,-1,-1,-1
00060,1,187,413,282,236,0.71077454,-1,-1,-1
00061,1,943,342,196,177,0.993682,-1,-1,-1
00061,1,1429,736,417,345,0.97843915,-1,-1,-1
00061,1,187,411,280,237,0.7606991,-1,-1,-1
00062,1,947,330,195,182,0.99408686,-1,-1,-1
00062,1,1429,729,417,352,0.98694927,-1,-1,-1
00062,1,186,412,284,238,0.76250565,-1,-1,-1
00062,1,1253,200,77,70,0.70114297,-1,-1,-1
00063,1,953,327,193,174,0.99709487,-1,-1,-1
00063,1,1433,733,415,348,0.9893594,-1,-1,-1
00063,1,191,415,281,234,0.7659537,-1,-1,-1
00064,1,956,320,190,173,0.9976119,-1,-1,-1
00064,1,1435,739,415,342,0.9800299,-1,-1,-1
00064,1,191,415,281,235,0.74408597,-1,-1,-1
00064,1,1253,201,78,69,0.7085305,-1,-1,-1
00065,1,954,317,190,168,0.99562305,-1,-1,-1
00065,1,1434,732,413,349,0.98828566,-1,-1,-1
00065,1,1253,203,75,68,0.76724845,-1,-1,-1
00065,1,190,414,279,235,0.7283526,-1,-1,-1
00066,1,955,311,185,160,0.99556327,-1,-1,-1
00066,1,1428,728,421,353,0.9843513,-1,-1,-1
00066,1,187,412,279,236,0.7182664,-1,-1,-1
00067,1,958,305,183,160,0.996555,-1,-1,-1
00067,1,1426,727,422,354,0.98697364,-1,-1,-1
00068,1,961,301,178,156,0.9963876,-1,-1,-1
00068,1,1425,728,425,353,0.98018974,-1,-1,-1
00068,1,187,413,279,236,0.7240621,-1,-1,-1
00069,1,966,296,173,156,0.9957119,-1,-1,-1
00069,1,1434,739,420,342,0.9749818,-1,-1,-1
00069,1,189,414,281,236,0.7646203,-1,-1,-1
00070,1,969,289,174,153,0.99605393,-1,-1,-1
00070,1,1433,738,422,343,0.978798,-1,-1,-1
00070,1,191,415,283,235,0.781591,-1,-1,-1
00071,1,971,286,168,150,0.9938692,-1,-1,-1
00071,1,1437,738,412,343,0.978787,-1,-1,-1
00071,1,191,415,282,235,0.77538586,-1,-1,-1
00072,1,971,279,170,152,0.9942807,-1,-1,-1
00072,1,1432,731,414,350,0.9860125,-1,-1,-1
00072,1,189,413,281,237,0.7595788,-1,-1,-1
00073,1,971,275,166,149,0.993272,-1,-1,-1
00073,1,1434,737,414,344,0.97538686,-1,-1,-1
00073,1,187,412,281,238,0.75588185,-1,-1,-1
00074,1,974,268,161,143,0.9951578,-1,-1,-1
00074,1,1425,734,429,347,0.98294514,-1,-1,-1
00074,1,187,411,281,238,0.756427,-1,-1,-1
00075,1,973,268,164,139,0.99624383,-1,-1,-1
00075,1,1431,728,416,353,0.98423,-1,-1,-1
00075,1,187,412,280,237,0.76413155,-1,-1,-1
00076,1,980,264,156,137,0.9945245,-1,-1,-1
00076,1,1433,736,425,345,0.97383255,-1,-1,-1
00076,1,1251,205,76,66,0.80638176,-1,-1,-1
00076,1,190,414,279,235,0.76782495,-1,-1,-1
00077,1,983,264,153,133,0.9922295,-1,-1,-1
00077,1,1436,737,413,344,0.9784129,-1,-1,-1
00077,1,1249,205,78,66,0.88504606,-1,-1,-1
00077,1,191,416,278,234,0.75364566,-1,-1,-1
00078,1,983,257,156,133,0.9932011,-1,-1,-1
00078,1,1433,736,422,345,0.97802573,-1,-1,-1
00078,1,1251,203,78,68,0.83865005,-1,-1,-1
00078,1,192,415,277,235,0.7838314,-1,-1,-1
00079,1,982,253,154,133,0.9922983,-1,-1,-1
00079,1,1430,728,416,353,0.9849219,-1,-1,-1
00079,1,188,413,278,235,0.7397706,-1,-1,-1
00080,1,979,248,152,129,0.9945146,-1,-1,-1
00080,1,1432,734,415,347,0.9717834,-1,-1,-1
00080,1,187,412,279,236,0.7228235,-1,-1,-1
00081,1,983,245,147,129,0.9927395,-1,-1,-1
00081,1,1433,734,415,347,0.97392386,-1,-1,-1
00082,1,985,240,144,129,0.99392277,-1,-1,-1
00082,1,1433,736,416,345,0.97622925,-1,-1,-1
00082,1,189,413,278,236,0.75914663,-1,-1,-1
00083,1,988,235,145,130,0.9958553,-1,-1,-1
00083,1,1418,712,433,369,0.98013365,-1,-1,-1
00083,1,192,415,277,234,0.7820302,-1,-1,-1
00084,1,984,231,154,126,0.9866334,-1,-1,-1
00084,1,1432,736,423,345,0.9763476,-1,-1,-1
00084,1,193,416,276,233,0.7829681,-1,-1,-1
00085,1,1431,731,426,350,0.9859783,-1,-1,-1
00085,1,986,226,146,130,0.97436756,-1,-1,-1
00085,1,1253,201,77,72,0.81277823,-1,-1,-1
00085,1,1117,154,132,111,0.7803071,-1,-1,-1
00085,1,191,414,278,236,0.7451259,-1,-1,-1
00086,1,982,223,151,124,0.99072343,-1,-1,-1
00086,1,1427,730,422,351,0.98263574,-1,-1,-1
00086,1,1113,153,134,112,0.78889716,-1,-1,-1
00086,1,188,412,277,237,0.70719063,-1,-1,-1
00087,1,1428,731,418,350,0.987966,-1,-1,-1
00087,1,985,222,145,120,0.9870303,-1,-1,-1
00087,1,188,412,278,237,0.730665,-1,-1,-1
00088,1,984,220,144,119,0.99042046,-1,-1,-1
00088,1,1432,734,417,347,0.9710051,-1,-1,-1
00088,1,188,411,278,237,0.7255772,-1,-1,-1
00089,1,988,216,142,122,0.9914295,-1,-1,-1
00089,1,1428,729,420,352,0.9826722,-1,-1,-1
00089,1,1251,202,78,70,0.76733536,-1,-1,-1
00089,1,189,413,277,235,0.71827435,-1,-1,-1
00090,1,990,215,138,118,0.98885614,-1,-1,-1
00090,1,1430,736,424,345,0.97769606,-1,-1,-1
00090,1,191,414,278,236,0.755365,-1,-1,-1
00091,1,994,212,133,119,0.9788832,-1,-1,-1
00091,1,1431,737,424,344,0.9776929,-1,-1,-1
00091,1,189,413,279,236,0.749518,-1,-1,-1
00092,1,1428,730,417,351,0.9860876,-1,-1,-1
00092,1,989,208,140,118,0.9859481,-1,-1,-1
00092,1,189,414,278,236,0.73052603,-1,-1,-1
00093,1,991,196,132,128,0.9931132,-1,-1,-1
00093,1,1433,735,417,346,0.9697333,-1,-1,-1
00094,1,991,195,133,125,0.9910286,-1,-1,-1
00094,1,1432,735,416,346,0.9748823,-1,-1,-1
00095,1,989,194,139,121,0.98463804,-1,-1,-1
00095,1,1432,735,415,346,0.9721744,-1,-1,-1
00095,1,188,411,278,238,0.71638185,-1,-1,-1
00096,1,991,195,130,117,0.9889397,-1,-1,-1
00096,1,1428,728,421,353,0.98082894,-1,-1,-1
00096,1,190,413,277,236,0.7171928,-1,-1,-1
00097,1,993,194,128,116,0.98688126,-1,-1,-1
00097,1,1433,738,422,343,0.9748359,-1,-1,-1
00097,1,190,414,277,235,0.7090074,-1,-1,-1
00098,1,1430,729,417,352,0.98625594,-1,-1,-1
00098,1,993,193,127,116,0.9859759,-1,-1,-1
00098,1,189,414,277,236,0.7413577,-1,-1,-1
00098,1,1251,204,75,66,0.7043128,-1,-1,-1
00099,1,1428,732,418,349,0.9863208,-1,-1,-1
00099,1,998,194,127,110,0.9844173,-1,-1,-1
00099,1,1112,154,134,110,0.7396719,-1,-1,-1
00100,1,998,191,125,110,0.9899597,-1,-1,-1
00100,1,1431,735,414,346,0.974843,-1,-1,-1
00101,1,1429,735,416,346,0.9759591,-1,-1,-1
00101,1,991,183,129,118,0.94365287,-1,-1,-1
00101,1,187,412,279,237,0.708941,-1,-1,-1
00102,1,1423,728,424,353,0.9793402,-1,-1,-1
00102,1,999,185,121,113,0.96749675,-1,-1,-1
00102,1,189,413,276,236,0.70850724,-1,-1,-1
00103,1,1429,736,424,345,0.97776425,-1,-1,-1
00103,1,997,182,122,115,0.96849716,-1,-1,-1
00103,1,189,414,279,237,0.743643,-1,-1,-1
00104,1,1430,733,426,348,0.98694915,-1,-1,-1
00104,1,997,179,122,113,0.97614324,-1,-1,-1
00104,1,190,414,278,236,0.7055679,-1,-1,-1
00105,1,1428,729,418,352,0.98732567,-1,-1,-1
00105,1,995,177,122,110,0.96137494,-1,-1,-1
00105,1,188,414,280,236,0.7038206,-1,-1,-1
00106,1,994,170,130,112,0.98012275,-1,-1,-1
00106,1,1431,736,417,345,0.9744067,-1,-1,-1
00106,1,737,912,486,169,0.72848153,-1,-1,-1
00106,1,188,412,279,238,0.7101464,-1,-1,-1
00107,1,996,170,120,108,0.97675633,-1,-1,-1
00107,1,1431,737,416,344,0.97011805,-1,-1,-1
00107,1,746,869,465,212,0.8214898,-1,-1,-1
00107,1,188,413,277,236,0.72295,-1,-1,-1
00108,1,996,168,122,108,0.9779544,-1,-1,-1
00108,1,1431,737,416,344,0.97246575,-1,-1,-1
00108,1,752,823,438,258,0.926775,-1,-1,-1
00108,1,188,412,278,237,0.7462192,-1,-1,-1
00109,1,1425,731,422,350,0.98105407,-1,-1,-1
00109,1,774,784,412,297,0.9799311,-1,-1,-1
00109,1,997,167,118,108,0.97236115,-1,-1,-1
00109,1,1248,202,80,68,0.8329324,-1,-1,-1
00109,1,188,413,282,235,0.7651873,-1,-1,-1
00110,1,784,747,395,327,0.9867769,-1,-1,-1
00110,1,1431,731,412,350,0.9859899,-1,-1,-1
00110,1,998,169,120,104,0.96386594,-1,-1,-1
00110,1,1253,204,76,68,0.7616982,-1,-1,-1
00110,1,190,414,279,235,0.74744946,-1,-1,-1
00110,1,1126,158,128,109,0.7466435,-1,-1,-1
00111,1,791,702,389,331,0.98710537,-1,-1,-1
00111,1,1433,732,411,349,0.98679465,-1,-1,-1
00111,1,996,165,125,104,0.96253675,-1,-1,-1
00111,1,189,414,280,235,0.75765437,-1,-1,-1
00111,1,1248,203,80,68,0.7572309,-1,-1,-1
00112,1,805,674,368,313,0.9925371,-1,-1,-1
00112,1,1431,730,416,351,0.9857551,-1,-1,-1
00112,1,997,163,122,105,0.94935006,-1,-1,-1
00112,1,188,412,280,236,0.74993986,-1,-1,-1
00113,1,809,643,366,310,0.9896869,-1,-1,-1
00113,1,1424,731,431,350,0.9803311,-1,-1,-1
00113,1,1001,162,109,106,0.8887238,-1,-1,-1
00113,1,188,412,279,237,0.75447035,-1,-1,-1
00114,1,817,621,354,291,0.985735,-1,-1,-1
00114,1,1433,737,416,344,0.9685193,-1,-1,-1
00114,1,999,160,110,105,0.8255648,-1,-1,-1
00114,1,188,412,279,237,0.7423768,-1,-1,-1
00115,1,1430,729,418,352,0.9842961,-1,-1,-1
00115,1,825,595,346,284,0.97618026,-1,-1,-1
00115,1,189,412,278,237,0.76172155,-1,-1,-1
00115,1,999,157,112,106,0.7475775,-1,-1,-1
00115,1,1246,204,80,64,0.7034304,-1,-1,-1
00116,1,836,581,330,271,0.97627115,-1,-1,-1
00116,1,1421,733,422,348,0.9729806,-1,-1,-1
00116,1,190,413,278,236,0.7680851,-1,-1,-1
00117,1,845,553,319,264,0.9817966,-1,-1,-1
00117,1,1434,739,415,342,0.977485,-1,-1,-1
00117,1,1001,156,110,100,0.8310969,-1,-1,-1
00117,1,1125,157,128,112,0.77274156,-1,-1,-1
00117,1,190,415,278,233,0.7085703,-1,-1,-1
00118,1,1432,731,413,350,0.9871474,-1,-1,-1
00118,1,850,536,317,258,0.978954,-1,-1,-1
00118,1,1001,155,107,98,0.79371345,-1,-1,-1
00119,1,1421,731,423,350,0.9805015,-1,-1,-1
00119,1,855,518,299,249,0.9693732,-1,-1,-1
00119,1,997,151,119,101,0.8677469,-1,-1,-1
00119,1,188,412,280,236,0.7173297,-1,-1,-1
00120,1,1426,734,430,347,0.9819334,-1,-1,-1
00120,1,863,500,291,242,0.9715235,-1,-1,-1
00120,1,996,148,119,102,0.92031634,-1,-1,-1
00121,1,1431,728,416,353,0.98515296,-1,-1,-1
00121,1,872,486,283,234,0.9779068,-1,-1,-1
00121,1,996,147,118,101,0.89347625,-1,-1,-1
00121,1,1113,153,132,118,0.74369156,-1,-1,-1
00122,1,1430,727,418,354,0.982819,-1,-1,-1
00122,1,872,469,278,233,0.9689771,-1,-1,-1
00122,1,998,146,118,100,0.8451741,-1,-1,-1
00122,1,190,413,279,235,0.70661026,-1,-1,-1
00123,1,1434,728,412,353,0.9872206,-1,-1,-1
00123,1,887,456,259,229,0.98453844,-1,-1,-1
00123,1,999,146,118,100,0.7808061,-1,-1,-1
00124,1,886,445,265,223,0.99369437,-1,-1,-1
00124,1,1437,739,412,342,0.97822565,-1,-1,-1
00124,1,189,414,279,234,0.7221818,-1,-1,-1
00125,1,893,430,257,217,0.9931938,-1,-1,-1
00125,1,1433,731,412,350,0.98951226,-1,-1,-1
00125,1,1007,143,105,99,0.87677205,-1,-1,-1
00125,1,191,414,278,234,0.7045971,-1,-1,-1
00126,1,900,419,245,209,0.9883216,-1,-1,-1
00126,1,1432,730,415,351,0.98747814,-1,-1,-1
00126,1,1007,141,104,101,0.8706879,-1,-1,-1
00126,1,188,413,278,235,0.7131772,-1,-1,-1
00127,1,904,402,239,209,0.99120575,-1,-1,-1
00127,1,1432,727,414,354,0.98678684,-1,-1,-1
00127,1,1009,139,102,101,0.8236097,-1,-1,-1
00127,1,1116,154,128,116,0.73055303,-1,-1,-1
00128,1,905,395,239,201,0.99137515,-1,-1,-1
00128,1,1432,727,415,354,0.98770833,-1,-1,-1
00129,1,910,385,234,197,0.9943053,-1,-1,-1
00129,1,1432,730,414,351,0.9887522,-1,-1,-1
00129,1,189,413,277,235,0.7261874,-1,-1,-1
00129,1,1009,137,106,101,0.7220975,-1,-1,-1
00130,1,915,376,227,193,0.99210876,-1,-1,-1
00130,1,1431,733,418,348,0.9888132,-1,-1,-1
00131,1,1433,732,416,349,0.9887066,-1,-1,-1
00131,1,917,369,222,185,0.98696405,-1,-1,-1
00131,1,1005,136,106,99,0.71140414,-1,-1,-1
00131,1,191,415,278,233,0.708139,-1,-1,-1
00132,1,925,361,218,179,0.99340034,-1,-1,-1
00132,1,1432,729,415,352,0.98660594,-1,-1,-1
00132,1,1003,134,107,101,0.71000123,-1,-1,-1
00133,1,925,354,213,180,0.99160564,-1,-1,-1
00133,1,1429,732,416,349,0.9835354,-1,-1,-1
00133,1,189,412,279,236,0.7224623,-1,-1,-1
00134,1,927,342,211,176,0.9947024,-1,-1,-1
00134,1,1432,735,416,346,0.9719651,-1,-1,-1
00135,1,934,330,208,180,0.9946802,-1,-1,-1
00135,1,1428,732,418,349,0.98542935,-1,-1,-1
00135,1,1003,128,107,97,0.81170523,-1,-1,-1
00135,1,189,412,276,236,0.7316513,-1,-1,-1
00135,1,879,119,120,97,0.70456064,-1,-1,-1
00136,1,935,328,206,172,0.993533,-1,-1,-1
00136,1,1429,729,418,352,0.9840772,-1,-1,-1
00136,1,1124,155,128,108,0.76955724,-1,-1,-1
00136,1,190,413,276,235,0.7301455,-1,-1,-1
00136,1,1006,127,106,97,0.7102493,-1,-1,-1
00137,1,936,320,203,169,0.99594986,-1,-1,-1
00137,1,1430,731,416,350,0.9877893,-1,-1,-1
00137,1,1253,206,74,64,0.77486044,-1,-1,-1
00137,1,1125,152,129,117,0.75110835,-1,-1,-1
00137,1,190,413,278,236,0.7343914,-1,-1,-1
00137,1,1007,126,105,97,0.7219577,-1,-1,-1
00138,1,941,315,194,163,0.99568236,-1,-1,-1
00138,1,1419,713,432,368,0.9751594,-1,-1,-1
00138,1,1124,153,130,114,0.77064186,-1,-1,-1
00138,1,191,414,276,235,0.73877215,-1,-1,-1
00138,1,1254,205,74,65,0.7358742,-1,-1,-1
00138,1,1007,124,105,98,0.71409917,-1,-1,-1
00139,1,942,308,192,163,0.99475455,-1,-1,-1
00139,1,1430,728,417,353,0.98375446,-1,-1,-1
00139,1,190,412,276,237,0.7258174,-1,-1,-1
00139,1,1122,154,131,113,0.70282817,-1,-1,-1
00140,1,943,301,189,161,0.99673223,-1,-1,-1
00140,1,1429,727,420,354,0.9832706,-1,-1,-1
00140,1,869,113,130,103,0.83589506,-1,-1,-1
00140,1,1116,152,130,115,0.7688291,-1,-1,-1
00140,1,189,412,278,237,0.7300087,-1,-1,-1
00141,1,946,295,183,158,0.9954516,-1,-1,-1
00141,1,1431,727,417,354,0.98518896,-1,-1,-1
00141,1,189,412,277,237,0.72908324,-1,-1,-1
00142,1,950,290,179,158,0.99641967,-1,-1,-1
00142,1,1427,727,421,354,0.9810378,-1,-1,-1
00142,1,869,116,121,100,0.8947822,-1,-1,-1
00142,1,190,412,275,237,0.7257499,-1,-1,-1
00143,1,951,284,182,154,0.99479276,-1,-1,-1
00143,1,1430,729,418,352,0.9853774,-1,-1,-1
00143,1,869,116,121,101,0.9047432,-1,-1,-1
00143,1,191,413,275,236,0.7286267,-1,-1,-1
00144,1,949,283,179,149,0.9960551,-1,-1,-1
00144,1,1430,730,417,351,0.9861574,-1,-1,-1
00144,1,866,115,125,102,0.9012414,-1,-1,-1
00144,1,190,414,277,235,0.7541452,-1,-1,-1
00144,1,1251,205,77,64,0.75182617,-1,-1,-1
00144,1,1121,147,131,118,0.71719617,-1,-1,-1
00145,1,950,272,177,151,0.9961725,-1,-1,-1
00145,1,1429,728,416,353,0.9860321,-1,-1,-1
00145,1,865,114,122,103,0.89843947,-1,-1,-1
00145,1,1250,205,78,65,0.7730394,-1,-1,-1
00145,1,190,415,278,233,0.7273325,-1,-1,-1
00146,1,955,269,170,145,0.99561936,-1,-1,-1
00146,1,1427,727,421,354,0.98045945,-1,-1,-1
00146,1,862,113,126,108,0.8399045,-1,-1,-1
00146,1,1248,205,80,64,0.76947844,-1,-1,-1
00146,1,1119,155,129,109,0.7649791,-1,-1,-1
00146,1,190,413,279,236,0.71828276,-1,-1,-1
00147,1,954,267,170,138,0.9962668,-1,-1,-1
00147,1,1426,727,421,354,0.9803355,-1,-1,-1
00147,1,860,113,127,110,0.8584722,-1,-1,-1
00147,1,190,412,279,237,0.72504294,-1,-1,-1
00148,1,956,264,170,136,0.9963503,-1,-1,-1
00148,1,1424,727,425,354,0.9768843,-1,-1,-1
00148,1,860,116,124,107,0.9076648,-1,-1,-1
00148,1,1117,152,131,115,0.7493801,-1,-1,-1
00148,1,1247,204,81,64,0.724408,-1,-1,-1
00148,1,190,413,279,235,0.72434753,-1,-1,-1
00149,1,959,259,163,137,0.99699605,-1,-1,-1
00149,1,1429,728,417,353,0.9864936,-1,-1,-1
00149,1,862,117,125,110,0.8240524,-1,-1,-1
00149,1,1249,205,78,63,0.77131873,-1,-1,-1
00149,1,190,413,280,236,0.73635036,-1,-1,-1
00150,1,958,256,164,134,0.9976533,-1,-1,-1
00150,1,1433,737,416,344,0.9770732,-1,-1,-1
00150,1,1123,146,138,122,0.8498298,-1,-1,-1
00150,1,860,117,127,113,0.7846372,-1,-1,-1
00150,1,192,415,279,234,0.7372165,-1,-1,-1
00151,1,961,251,161,129,0.9956607,-1,-1,-1
00151,1,1429,736,424,345,0.97410256,-1,-1,-1
00151,1,1123,146,139,122,0.8381148,-1,-1,-1
00151,1,858,121,125,110,0.7623963,-1,-1,-1
00151,1,1251,204,78,66,0.7449528,-1,-1,-1
00151,1,192,415,278,234,0.7361391,-1,-1,-1
00151,1,1012,126,100,91,0.7041433,-1,-1,-1
00152,1,962,247,160,129,0.9952362,-1,-1,-1
00152,1,1432,736,417,345,0.97081256,-1,-1,-1
00152,1,190,412,278,237,0.74466854,-1,-1,-1
00152,1,1012,127,98,91,0.71986604,-1,-1,-1
00153,1,965,238,152,130,0.9955616,-1,-1,-1
00153,1,1428,727,419,354,0.9849631,-1,-1,-1
00153,1,854,122,124,111,0.9435011,-1,-1,-1
00153,1,1118,153,128,110,0.8347306,-1,-1,-1
00153,1,189,412,280,237,0.7436032,-1,-1,-1
00154,1,963,239,154,124,0.99525636,-1,-1,-1
00154,1,1426,727,422,354,0.98199916,-1,-1,-1
00154,1,1117,154,129,109,0.8406812,-1,-1,-1
00154,1,190,412,279,237,0.73642296,-1,-1,-1
00155,1,965,237,153,123,0.9950557,-1,-1,-1
00155,1,1426,727,423,354,0.981682,-1,-1,-1
00155,1,847,128,127,112,0.7963481,-1,-1,-1
00155,1,189,411,279,238,0.744673,-1,-1,-1
00156,1,967,225,151,128,0.9942703,-1,-1,-1
00156,1,1430,727,420,354,0.9837129,-1,-1,-1
00156,1,1122,146,142,122,0.78859913,-1,-1,-1
00156,1,191,414,279,235,0.7355405,-1,-1,-1
00157,1,972,221,143,132,0.98991287,-1,-1,-1
00157,1,1431,735,421,346,0.9751344,-1,-1,-1
00157,1,1120,155,128,111,0.80118597,-1,-1,-1
00157,1,190,414,280,235,0.75712097,-1,-1,-1
00158,1,972,219,144,126,0.99371535,-1,-1,-1
00158,1,1429,734,423,347,0.9757848,-1,-1,-1
00158,1,189,412,280,237,0.7698284,-1,-1,-1
00158,1,1117,154,131,112,0.73971474,-1,-1,-1
00159,1,969,217,147,123,0.99272937,-1,-1,-1
00159,1,1430,730,417,351,0.9884418,-1,-1,-1
00159,1,190,412,279,238,0.7689266,-1,-1,-1
00160,1,969,213,146,125,0.9941111,-1,-1,-1
00160,1,1431,736,416,345,0.97762007,-1,-1,-1
00160,1,733,820,461,261,0.8101382,-1,-1,-1
00160,1,189,413,279,237,0.7535295,-1,-1,-1
00161,1,971,211,145,124,0.99257773,-1,-1,-1
00161,1,745,793,424,288,0.979005,-1,-1,-1
00161,1,1430,734,423,347,0.9769183,-1,-1,-1
00161,1,190,413,278,237,0.76480526,-1,-1,-1
00162,1,974,206,140,130,0.9893749,-1,-1,-1
00162,1,1431,730,414,351,0.9883432,-1,-1,-1
00162,1,752,751,419,330,0.98570246,-1,-1,-1
00162,1,190,414,280,235,0.7705075,-1,-1,-1
00163,1,772,715,400,331,0.99275243,-1,-1,-1
00163,1,975,203,139,128,0.9824693,-1,-1,-1
00163,1,1430,737,426,344,0.97874284,-1,-1,-1
00163,1,1119,155,129,111,0.7671271,-1,-1,-1
00163,1,190,415,279,235,0.75481784,-1,-1,-1
00164,1,784,685,383,313,0.991987,-1,-1,-1
00164,1,977,205,142,117,0.99068916,-1,-1,-1
00164,1,1442,736,401,345,0.9755892,-1,-1,-1
00164,1,190,415,280,235,0.75312793,-1,-1,-1
00165,1,797,649,367,310,0.99494064,-1,-1,-1
00165,1,1431,735,422,346,0.97507465,-1,-1,-1
00165,1,980,197,135,124,0.9742698,-1,-1,-1
00165,1,189,413,280,237,0.7432804,-1,-1,-1
00166,1,805,622,354,291,0.9941375,-1,-1,-1
00166,1,984,194,128,123,0.9785378,-1,-1,-1
00166,1,1433,737,415,344,0.9726126,-1,-1,-1
00166,1,190,412,280,238,0.74218714,-1,-1,-1
00166,1,829,152,132,121,0.73544097,-1,-1,-1
00167,1,812,596,348,282,0.9888182,-1,-1,-1
00167,1,1431,728,416,353,0.98673195,-1,-1,-1
00167,1,982,192,128,122,0.9732876,-1,-1,-1
00167,1,192,413,275,237,0.8019446,-1,-1,-1
00167,1,832,152,130,119,0.7875029,-1,-1,-1
00168,1,819,570,341,275,0.9901669,-1,-1,-1
00168,1,1432,737,416,344,0.97625256,-1,-1,-1
00168,1,975,189,141,122,0.9744505,-1,-1,-1
00168,1,830,152,136,121,0.85130906,-1,-1,-1
00168,1,190,412,277,238,0.81016195,-1,-1,-1
00169,1,1432,729,415,352,0.9880624,-1,-1,-1
00169,1,829,552,331,264,0.9875071,-1,-1,-1
00169,1,989,188,124,117,0.981289,-1,-1,-1
00169,1,821,152,140,127,0.89427185,-1,-1,-1
00169,1,191,414,278,235,0.7814385,-1,-1,-1
00170,1,1433,731,413,350,0.9896303,-1,-1,-1
00170,1,829,532,332,253,0.9811318,-1,-1,-1
00170,1,991,188,123,112,0.9782689,-1,-1,-1
00170,1,824,161,138,122,0.8066047,-1,-1,-1
00170,1,190,414,278,235,0.7709397,-1,-1,-1
00171,1,1432,731,415,350,0.98980635,-1,-1,-1
00171,1,990,188,125,109,0.97498864,-1,-1,-1
00171,1,849,506,307,253,0.9536428,-1,-1,-1
00171,1,819,161,143,125,0.929887,-1,-1,-1
00171,1,190,414,279,236,0.7844988,-1,-1,-1
00172,1,1427,727,420,354,0.983105,-1,-1,-1
00172,1,848,493,309,243,0.97969913,-1,-1,-1
00172,1,981,179,130,118,0.9742231,-1,-1,-1
00172,1,818,161,144,128,0.93708795,-1,-1,-1
00172,1,189,413,278,237,0.78773785,-1,-1,-1
00172,1,1247,204,83,67,0.74545926,-1,-1,-1
00173,1,854,478,302,238,0.97744286,-1,-1,-1
00173,1,1433,737,415,344,0.9759547,-1,-1,-1
00173,1,813,164,145,130,0.97075564,-1,-1,-1
00173,1,986,183,127,111,0.9527124,-1,-1,-1
00173,1,189,413,278,237,0.76692,-1,-1,-1
00174,1,864,458,287,236,0.9867134,-1,-1,-1
00174,1,1432,739,416,342,0.9788304,-1,-1,-1
00174,1,810,163,147,134,0.9664834,-1,-1,-1
00174,1,992,182,121,113,0.9169109,-1,-1,-1
00174,1,189,412,278,238,0.7646854,-1,-1,-1
00175,1,872,442,283,229,0.9853982,-1,-1,-1
00175,1,1427,727,420,354,0.98386973,-1,-1,-1
00175,1,807,163,145,136,0.9787323,-1,-1,-1
00175,1,993,174,119,112,0.87221974,-1,-1,-1
00175,1,189,413,280,237,0.81908524,-1,-1,-1
00176,1,874,436,278,216,0.9906596,-1,-1,-1
00176,1,1430,727,417,354,0.9872896,-1,-1,-1
00176,1,806,169,148,135,0.97307914,-1,-1,-1
00176,1,995,175,118,110,0.91044754,-1,-1,-1
00176,1,191,414,280,236,0.79672474,-1,-1,-1
00176,1,1251,203,78,68,0.7251545,-1,-1,-1
00177,1,883,419,268,217,0.9928201,-1,-1,-1
00177,1,803,171,153,139,0.98065007,-1,-1,-1
00177,1,1432,736,422,345,0.9776432,-1,-1,-1
00177,1,992,177,119,104,0.8923062,-1,-1,-1
00177,1,191,413,280,237,0.7570223,-1,-1,-1
00177,1,1252,202,77,71,0.7324683,-1,-1,-1
00178,1,896,412,246,203,0.99162054,-1,-1,-1
00178,1,1432,728,413,353,0.9883229,-1,-1,-1
00178,1,802,176,151,137,0.9536251,-1,-1,-1
00178,1,190,414,281,236,0.7502498,-1,-1,-1
00179,1,894,396,253,205,0.99397534,-1,-1,-1
00179,1,1430,728,418,353,0.9843684,-1,-1,-1
00179,1,795,178,156,139,0.9427115,-1,-1,-1
00179,1,189,412,280,238,0.76315624,-1,-1,-1
00180,1,901,390,241,194,0.9964462,-1,-1,-1
00180,1,1427,728,423,353,0.9822566,-1,-1,-1
00180,1,793,184,158,140,0.97365236,-1,-1,-1
00180,1,189,412,280,238,0.7308714,-1,-1,-1
00181,1,906,376,239,195,0.99603975,-1,-1,-1
00181,1,1430,728,418,353,0.98639363,-1,-1,-1
00181,1,789,182,160,144,0.9758483,-1,-1,-1
00181,1,189,413,279,235,0.7074975,-1,-1,-1
00182,1,908,371,238,185,0.9953432,-1,-1,-1
00182,1,1432,729,414,352,0.98872024,-1,-1,-1
00182,1,787,186,159,144,0.98329574,-1,-1,-1
00182,1,1253,202,75,67,0.7472035,-1,-1,-1
00182,1,191,415,279,234,0.7362224,-1,-1,-1
00183,1,918,362,225,182,0.99616146,-1,-1,-1
00183,1,1432,730,413,351,0.9883216,-1,-1,-1
00183,1,783,189,158,143,0.97988933,-1,-1,-1
00183,1,191,414,279,235,0.7250468,-1,-1,-1
00183,1,1254,204,74,67,0.70977676,-1,-1,-1
00184,1,922,354,219,179,0.994549,-1,-1,-1
00184,1,1430,736,424,345,0.9738783,-1,-1,-1
00184,1,781,193,158,143,0.9725419,-1,-1,-1
00184,1,190,415,280,234,0.72025967,-1,-1,-1
00184,1,1251,203,77,67,0.7177893,-1,-1,-1
00185,1,917,345,229,175,0.99471176,-1,-1,-1
00185,1,776,197,161,145,0.9887466,-1,-1,-1
00185,1,1422,731,422,350,0.97421986,-1,-1,-1
00185,1,190,414,281,235,0.724425,-1,-1,-1
00186,1,921,330,225,176,0.99633586,-1,-1,-1
00186,1,774,198,162,150,0.9893895,-1,-1,-1
00186,1,1431,727,415,354,0.987301,-1,-1,-1
00186,1,188,413,281,236,0.7196802,-1,-1,-1
00187,1,925,322,222,174,0.99632496,-1,-1,-1
00187,1,1427,728,422,353,0.9802029,-1,-1,-1
00187,1,760,204,172,157,0.975305,-1,-1,-1
00187,1,189,412,281,239,0.7765514,-1,-1,-1
00188,1,933,316,212,169,0.9974062,-1,-1,-1
00188,1,756,204,177,159,0.996111,-1,-1,-1
00188,1,1428,728,422,353,0.9795432,-1,-1,-1
00188,1,190,411,281,240,0.7959317,-1,-1,-1
00189,1,938,313,208,161,0.99677354,-1,-1,-1
00189,1,755,208,175,162,0.99593395,-1,-1,-1
00189,1,1432,729,416,352,0.98406535,-1,-1,-1
00189,1,191,414,280,236,0.77191764,-1,-1,-1
00190,1,939,302,201,158,0.99836236,-1,-1,-1
00190,1,752,211,175,164,0.9968777,-1,-1,-1
00190,1,1435,737,416,344,0.9690271,-1,-1,-1
00190,1,192,414,282,237,0.7406559,-1,-1,-1
00191,1,942,300,198,157,0.99861825,-1,-1,-1
00191,1,749,217,174,168,0.99439865,-1,-1,-1
00191,1,1431,730,416,351,0.98627174,-1,-1,-1
00191,1,191,413,281,238,0.7829637,-1,-1,-1
00192,1,948,293,189,154,0.9984629,-1,-1,-1
00192,1,741,222,179,169,0.9973705,-1,-1,-1
00192,1,1430,729,418,352,0.9863427,-1,-1,-1
00192,1,190,412,281,238,0.7824137,-1,-1,-1
00193,1,737,229,181,168,0.99770004,-1,-1,-1
00193,1,948,287,187,153,0.9955272,-1,-1,-1
00193,1,1429,727,421,354,0.98382485,-1,-1,-1
00193,1,189,413,281,236,0.74062705,-1,-1,-1
00194,1,953,274,180,153,0.9976445,-1,-1,-1
00194,1,727,234,188,173,0.99726367,-1,-1,-1
00194,1,1428,727,422,354,0.98191386,-1,-1,-1
00194,1,189,412,281,238,0.7497948,-1,-1,-1
00195,1,954,269,183,155,0.9984615,-1,-1,-1
00195,1,726,241,186,175,0.9978592,-1,-1,-1
00195,1,1428,731,426,350,0.9754532,-1,-1,-1
00195,1,189,413,281,236,0.76744205,-1,-1,-1
00196,1,722,247,185,175,0.9983559,-1,-1,-1
00196,1,956,265,179,153,0.9962734,-1,-1,-1
00196,1,1431,729,416,352,0.98783946,-1,-1,-1
00196,1,190,414,282,236,0.7807531,-1,-1,-1
00196,1,1251,206,76,64,0.7188445,-1,-1,-1
00197,1,715,248,191,182,0.9986412,-1,-1,-1
00197,1,955,261,181,145,0.997981,-1,-1,-1
00197,1,1431,737,424,344,0.9728233,-1,-1,-1
00197,1,191,414,282,236,0.76697755,-1,-1,-1
00198,1,704,256,202,183,0.99729055,-1,-1,-1
00198,1,953,257,182,143,0.9972114,-1,-1,-1
00198,1,1428,728,420,353,0.98012424,-1,-1,-1
00198,1,191,414,280,236,0.78349483,-1,-1,-1
00198,1,1249,205,78,64,0.72806543,-1,-1,-1
00199,1,699,264,199,189,0.99839103,-1,-1,-1
00199,1,957,257,172,137,0.9942292,-1,-1,-1
00199,1,1431,737,416,344,0.97069734,-1,-1,-1
00199,1,188,412,282,238,0.7837925,-1,-1,-1
00200,1,683,265,218,200,0.99853635,-1,-1,-1
00200,1,958,251,172,138,0.99704725,-1,-1,-1
00200,1,1430,729,419,352,0.9844376,-1,-1,-1
00200,1,189,412,280,238,0.7655869,-1,-1,-1
00201,1,681,276,210,198,0.99841547,-1,-1,-1
00201,1,956,246,173,135,0.99482024,-1,-1,-1
00201,1,1427,727,423,354,0.9771638,-1,-1,-1
00201,1,188,411,281,239,0.77325433,-1,-1,-1
00202,1,677,278,209,206,0.99888855,-1,-1,-1
00202,1,963,241,165,132,0.9930813,-1,-1,-1
00202,1,1430,728,419,353,0.98368514,-1,-1,-1
00202,1,189,412,282,238,0.79277647,-1,-1,-1
00202,1,1004,132,103,97,0.7732314,-1,-1,-1
00203,1,668,290,218,205,0.9974483,-1,-1,-1
00203,1,966,238,160,130,0.99616796,-1,-1,-1
00203,1,1432,729,416,352,0.98568153,-1,-1,-1
00203,1,1004,131,104,97,0.85077745,-1,-1,-1
00203,1,191,414,282,236,0.76392037,-1,-1,-1
00203,1,1124,144,141,125,0.73455787,-1,-1,-1
00204,1,658,296,222,212,0.997821,-1,-1,-1
00204,1,965,235,158,130,0.9905409,-1,-1,-1
00204,1,1430,736,423,345,0.9778491,-1,-1,-1
00204,1,1005,132,102,95,0.78811663,-1,-1,-1
00204,1,190,414,281,236,0.76301634,-1,-1,-1
00204,1,1122,156,133,112,0.74220437,-1,-1,-1
00205,1,648,303,225,217,0.9985531,-1,-1,-1
00205,1,967,233,153,125,0.99216825,-1,-1,-1
00205,1,1423,728,421,353,0.97987145,-1,-1,-1
00205,1,1003,131,102,95,0.7922189,-1,-1,-1
00205,1,190,414,280,237,0.7659986,-1,-1,-1
00206,1,632,310,238,218,0.99822253,-1,-1,-1
00206,1,966,225,152,125,0.9943118,-1,-1,-1
00206,1,1431,735,418,346,0.97654015,-1,-1,-1
00206,1,188,412,281,238,0.73236114,-1,-1,-1
00206,1,1002,131,104,95,0.7036481,-1,-1,-1
00207,1,623,315,239,223,0.997556,-1,-1,-1
00207,1,967,220,152,122,0.9919618,-1,-1,-1
00207,1,1430,727,418,354,0.9833862,-1,-1,-1
00207,1,187,412,282,239,0.7379316,-1,-1,-1
00208,1,612,325,248,228,0.99730575,-1,-1,-1
00208,1,968,216,151,122,0.99325013,-1,-1,-1
00208,1,1431,728,417,353,0.98631847,-1,-1,-1
00208,1,188,413,283,238,0.74698585,-1,-1,-1
00209,1,600,336,257,232,0.99668354,-1,-1,-1
00209,1,969,214,150,120,0.99223983,-1,-1,-1
00209,1,1433,737,416,344,0.97679865,-1,-1,-1
00209,1,190,413,280,237,0.7863626,-1,-1,-1
00210,1,589,351,265,235,0.99599105,-1,-1,-1
00210,1,971,211,147,119,0.98906237,-1,-1,-1
00210,1,1435,738,414,343,0.97838825,-1,-1,-1
00210,1,1124,156,131,112,0.7918481,-1,-1,-1
00210,1,191,414,281,237,0.7858405,-1,-1,-1
00211,1,570,362,271,240,0.997558,-1,-1,-1
00211,1,973,207,144,121,0.98302853,-1,-1,-1
00211,1,1426,729,428,352,0.9779337,-1,-1,-1
00211,1,191,414,280,237,0.78285736,-1,-1,-1
00211,1,1123,156,133,111,0.73053116,-1,-1,-1
00212,1,562,368,269,245,0.99693644,-1,-1,-1
00212,1,966,206,152,118,0.9876894,-1,-1,-1
00212,1,1430,735,424,346,0.97627527,-1,-1,-1
00212,1,190,414,281,236,0.78032607,-1,-1,-1
00212,1,1249,202,78,69,0.773049,-1,-1,-1
00213,1,550,386,281,254,0.9971834,-1,-1,-1
00213,1,973,197,144,121,0.9877709,-1,-1,-1
00213,1,1432,729,415,352,0.98591864,-1,-1,-1
00213,1,190,413,280,237,0.7471224,-1,-1,-1
00214,1,535,390,290,266,0.99717075,-1,-1,-1
00214,1,973,190,143,123,0.9941093,-1,-1,-1
00214,1,1434,737,414,344,0.97338516,-1,-1,-1
00214,1,993,128,115,110,0.8503116,-1,-1,-1
00214,1,190,413,278,237,0.7492143,-1,-1,-1
00215,1,516,404,302,267,0.9978522,-1,-1,-1
00215,1,975,188,142,124,0.9950676,-1,-1,-1
00215,1,1435,736,414,345,0.968472,-1,-1,-1
00215,1,993,129,116,110,0.8270846,-1,-1,-1
00215,1,192,414,274,235,0.7761816,-1,-1,-1
00216,1,505,412,315,291,0.997009,-1,-1,-1
00216,1,971,190,147,118,0.9946424,-1,-1,-1
00216,1,1432,729,416,352,0.9836964,-1,-1,-1
00216,1,1125,156,130,111,0.8230503,-1,-1,-1
00216,1,194,415,271,233,0.76175696,-1,-1,-1
00216,1,1253,203,75,68,0.7558285,-1,-1,-1
00216,1,996,128,116,122,0.7542814,-1,-1,-1
00217,1,481,433,322,290,0.99711347,-1,-1,-1
00217,1,971,188,146,117,0.9943235,-1,-1,-1
00217,1,1431,737,424,344,0.9735641,-1,-1,-1
00217,1,1253,202,76,71,0.7789872,-1,-1,-1
00217,1,1118,154,136,118,0.7785368,-1,-1,-1
00217,1,193,416,275,233,0.7410125,-1,-1,-1
00218,1,461,448,334,302,0.9984794,-1,-1,-1
00218,1,982,183,135,119,0.9959853,-1,-1,-1
00218,1,1431,737,426,344,0.97233915,-1,-1,-1
00218,1,1118,156,132,118,0.8155902,-1,-1,-1
00218,1,1251,200,80,71,0.7563704,-1,-1,-1
00219,1,448,458,331,323,0.99885654,-1,-1,-1
00219,1,980,180,136,118,0.99596846,-1,-1,-1
00219,1,1431,728,416,353,0.98527217,-1,-1,-1
00219,1,1118,156,131,117,0.7432475,-1,-1,-1
00220,1,422,478,342,324,0.9978027,-1,-1,-1
00220,1,985,182,122,111,0.98753124,-1,-1,-1
00220,1,1435,734,423,347,0.9808246,-1,-1,-1
00220,1,855,130,106,97,0.74959594,-1,-1,-1
00220,1,1112,154,141,117,0.7074989,-1,-1,-1
00221,1,394,494,356,343,0.99777657,-1,-1,-1
00221,1,1432,727,416,354,0.98199505,-1,-1,-1
00221,1,983,184,132,106,0.96599716,-1,-1,-1
00221,1,855,129,106,99,0.9460507,-1,-1,-1
00221,1,1113,156,136,118,0.8272545,-1,-1,-1
00222,1,367,513,377,355,0.99737203,-1,-1,-1
00222,1,986,174,132,112,0.9852465,-1,-1,-1
00222,1,1431,728,416,353,0.98250717,-1,-1,-1
00222,1,1251,203,77,69,0.8229269,-1,-1,-1
00222,1,850,129,109,101,0.74583,-1,-1,-1
00223,1,332,536,394,373,0.9973621,-1,-1,-1
00223,1,1431,729,417,352,0.9857384,-1,-1,-1
00223,1,985,176,134,107,0.97235525,-1,-1,-1
00223,1,1115,158,133,115,0.73797894,-1,-1,-1
00224,1,310,552,405,397,0.99706584,-1,-1,-1
00224,1,1433,738,425,343,0.9733952,-1,-1,-1
00224,1,994,173,118,108,0.9519156,-1,-1,-1
00224,1,1121,156,130,114,0.76753527,-1,-1,-1
00225,1,264,584,409,412,0.99514186,-1,-1,-1
00225,1,1433,738,423,343,0.975837,-1,-1,-1
00225,1,990,170,131,108,0.9091091,-1,-1,-1
00225,1,851,134,106,102,0.8974939,-1,-1,-1
00225,1,1118,156,132,114,0.7086862,-1,-1,-1
00226,1,223,614,438,425,0.99508435,-1,-1,-1
00226,1,1433,729,415,352,0.9869609,-1,-1,-1
00226,1,992,163,121,110,0.8884462,-1,-1,-1
00226,1,1245,201,87,70,0.81340265,-1,-1,-1
00226,1,851,135,108,102,0.77628213,-1,-1,-1
00226,1,194,413,275,239,0.757741,-1,-1,-1
00227,1,179,660,467,415,0.99325246,-1,-1,-1
00227,1,1432,734,423,347,0.97066915,-1,-1,-1
00227,1,989,161,123,110,0.84134233,-1,-1,-1
00227,1,192,413,277,237,0.723949,-1,-1,-1
00228,1,137,696,488,384,0.98899174,-1,-1,-1
00228,1,1432,728,415,353,0.98469603,-1,-1,-1
00228,1,192,413,276,237,0.77992004,-1,-1,-1
00228,1,1247,203,82,66,0.7631116,-1,-1,-1
00229,1,83,738,526,343,0.9849038,-1,-1,-1
00229,1,1433,735,423,346,0.966279,-1,-1,-1
00229,1,988,155,130,114,0.9310853,-1,-1,-1
00229,1,193,415,277,236,0.77830106,-1,-1,-1
00230,1,1421,716,432,365,0.9801835,-1,-1,-1
00230,1,18,776,572,305,0.94475573,-1,-1,-1
00230,1,191,415,280,237,0.8011176,-1,-1,-1
00231,1,1419,717,435,364,0.97639936,-1,-1,-1
00231,1,2,831,540,250,0.8604504,-1,-1,-1
00231,1,193,415,279,236,0.81031495,-1,-1,-1
00231,1,522,271,167,137,0.71690565,-1,-1,-1
00232,1,1434,737,423,344,0.9705848,-1,-1,-1
00232,1,192,415,278,235,0.7926966,-1,-1,-1
00232,1,1253,203,77,66,0.70052797,-1,-1,-1
00233,1,1434,737,416,344,0.96430403,-1,-1,-1
00233,1,190,413,281,237,0.79132897,-1,-1,-1
00233,1,1248,204,81,66,0.74429977,-1,-1,-1
00234,1,1432,729,415,352,0.98284966,-1,-1,-1
00234,1,189,412,280,237,0.78754413,-1,-1,-1
00234,1,1248,205,78,62,0.7698594,-1,-1,-1
00235,1,1432,729,414,352,0.9851149,-1,-1,-1
00235,1,189,413,281,236,0.7775158,-1,-1,-1
00236,1,1436,737,414,344,0.97157234,-1,-1,-1
00236,1,1125,155,127,112,0.8253074,-1,-1,-1
00236,1,191,413,281,236,0.76926273,-1,-1,-1
00237,1,1432,735,424,346,0.97474605,-1,-1,-1
00237,1,1127,155,125,114,0.7981652,-1,-1,-1
00237,1,191,414,281,236,0.77682424,-1,-1,-1
00238,1,1432,736,424,345,0.97649354,-1,-1,-1
00238,1,828,151,133,104,0.9362921,-1,-1,-1
00238,1,1126,156,126,112,0.80375534,-1,-1,-1
00238,1,191,414,279,235,0.75749606,-1,-1,-1
00239,1,1435,729,411,352,0.9882279,-1,-1,-1
00239,1,190,414,279,234,0.7786353,-1,-1,-1
00239,1,826,158,119,104,0.7571107,-1,-1,-1
00239,1,1249,204,79,63,0.71361625,-1,-1,-1
00240,1,1434,727,413,354,0.9882449,-1,-1,-1
00240,1,824,154,121,109,0.88228625,-1,-1,-1
00240,1,189,412,279,236,0.77266645,-1,-1,-1
00241,1,1434,738,415,343,0.97349113,-1,-1,-1
00241,1,824,154,123,112,0.87414813,-1,-1,-1
00241,1,1117,152,129,117,0.7944415,-1,-1,-1
00241,1,190,413,279,234,0.7248631,-1,-1,-1
00242,1,1433,727,415,354,0.9862396,-1,-1,-1
00242,1,823,161,122,110,0.94766605,-1,-1,-1
00242,1,190,413,282,235,0.75589144,-1,-1,-1
00242,1,1252,203,76,66,0.746081,-1,-1,-1
00243,1,1434,732,412,349,0.98637575,-1,-1,-1
00243,1,820,160,125,109,0.9565091,-1,-1,-1
00243,1,190,413,280,236,0.75550056,-1,-1,-1
00244,1,1431,729,415,352,0.9876601,-1,-1,-1
00244,1,824,163,118,110,0.9676129,-1,-1,-1
00244,1,190,414,283,234,0.7946654,-1,-1,-1
00245,1,1432,729,414,352,0.98952484,-1,-1,-1
00245,1,822,166,122,107,0.9672239,-1,-1,-1
00245,1,1250,204,78,67,0.8372221,-1,-1,-1
00245,1,190,415,282,233,0.8135097,-1,-1,-1
00245,1,1119,156,127,113,0.7192066,-1,-1,-1
00246,1,1429,727,416,354,0.9868254,-1,-1,-1
00246,1,819,166,123,109,0.9767181,-1,-1,-1
00246,1,188,414,283,234,0.78284746,-1,-1,-1
00247,1,1427,727,419,354,0.9854543,-1,-1,-1
00247,1,812,168,125,110,0.9673024,-1,-1,-1
00247,1,187,412,282,236,0.79173875,-1,-1,-1
00248,1,1428,727,417,354,0.9862342,-1,-1,-1
00248,1,812,172,125,109,0.96834344,-1,-1,-1
00248,1,188,413,282,235,0.7949629,-1,-1,-1
00249,1,1430,727,415,354,0.98860955,-1,-1,-1
00249,1,807,177,135,104,0.9618429,-1,-1,-1
00249,1,1124,151,130,117,0.7886005,-1,-1,-1
00249,1,190,415,281,233,0.7814555,-1,-1,-1
00250,1,1430,729,417,352,0.9876137,-1,-1,-1
00250,1,811,177,125,110,0.97757506,-1,-1,-1
00250,1,1119,155,128,116,0.8205011,-1,-1,-1
00250,1,189,414,281,234,0.78471154,-1,-1,-1
00251,1,1428,729,418,352,0.9872463,-1,-1,-1
00251,1,811,180,124,110,0.9826582,-1,-1,-1
00251,1,189,415,282,234,0.7730272,-1,-1,-1
00252,1,1428,728,419,353,0.986647,-1,-1,-1
00252,1,811,182,123,109,0.98572886,-1,-1,-1
00252,1,189,415,282,232,0.7683612,-1,-1,-1
00252,1,1123,156,129,110,0.70610917,-1,-1,-1
00253,1,809,182,124,115,0.98751616,-1,-1,-1
00253,1,1435,735,415,346,0.9744882,-1,-1,-1
00253,1,1116,155,131,110,0.8204234,-1,-1,-1
00253,1,188,413,281,235,0.7714866,-1,-1,-1
00254,1,804,184,130,113,0.97853744,-1,-1,-1
00254,1,1435,738,415,343,0.97230726,-1,-1,-1
00254,1,1247,204,81,66,0.8415989,-1,-1,-1
00254,1,1119,155,130,108,0.80856586,-1,-1,-1
00254,1,187,412,278,235,0.72549754,-1,-1,-1
00255,1,804,182,126,115,0.9872961,-1,-1,-1
00255,1,1432,736,424,345,0.9714136,-1,-1,-1
00255,1,1248,202,81,68,0.7804525,-1,-1,-1
00255,1,188,412,279,235,0.77252686,-1,-1,-1
00255,1,1120,155,130,109,0.7601865,-1,-1,-1
00256,1,805,186,130,114,0.9950237,-1,-1,-1
00256,1,1435,739,415,342,0.9698659,-1,-1,-1
00256,1,1250,204,78,69,0.92190164,-1,-1,-1
00256,1,1124,158,128,108,0.84042376,-1,-1,-1
00256,1,189,414,278,234,0.76915604,-1,-1,-1
00257,1,1433,731,415,350,0.9872623,-1,-1,-1
00257,1,802,191,130,114,0.98350084,-1,-1,-1
00257,1,1252,204,77,68,0.8439234,-1,-1,-1
00257,1,189,413,280,235,0.75114536,-1,-1,-1
00258,1,800,195,131,114,0.9911606,-1,-1,-1
00258,1,1432,738,424,343,0.9754769,-1,-1,-1
00258,1,1248,203,81,71,0.8869064,-1,-1,-1
00258,1,188,414,279,234,0.74161285,-1,-1,-1
00258,1,1124,158,130,108,0.703654,-1,-1,-1
00259,1,797,195,132,117,0.9896667,-1,-1,-1
00259,1,1432,729,416,352,0.98539746,-1,-1,-1
00259,1,1249,204,78,66,0.850378,-1,-1,-1
00259,1,187,412,280,235,0.76145905,-1,-1,-1
00259,1,1121,156,131,108,0.7128809,-1,-1,-1
00260,1,803,196,122,118,0.9953177,-1,-1,-1
00260,1,1434,738,415,343,0.9750635,-1,-1,-1
00260,1,1118,156,130,108,0.7973528,-1,-1,-1
00260,1,1247,203,81,66,0.743427,-1,-1,-1
00260,1,186,412,280,236,0.7425729,-1,-1,-1
00261,1,794,201,129,120,0.977398,-1,-1,-1
00261,1,1434,737,415,344,0.9764425,-1,-1,-1
00261,1,187,411,280,236,0.7451305,-1,-1,-1
00261,1,1246,204,82,66,0.7339029,-1,-1,-1
00261,1,878,123,103,97,0.72122365,-1,-1,-1
00261,1,1120,155,133,115,0.7072045,-1,-1,-1
00262,1,1432,729,417,352,0.98718387,-1,-1,-1
00262,1,789,202,137,123,0.9689882,-1,-1,-1
00262,1,1125,157,126,109,0.83428586,-1,-1,-1
00262,1,1248,204,79,66,0.81407195,-1,-1,-1
00262,1,188,413,279,234,0.7656733,-1,-1,-1
00263,1,1431,730,418,351,0.9853018,-1,-1,-1
00263,1,788,206,137,124,0.9797948,-1,-1,-1
00263,1,1250,204,77,69,0.81233484,-1,-1,-1
00263,1,1124,158,128,109,0.77639174,-1,-1,-1
00263,1,189,414,279,233,0.7582975,-1,-1,-1
00264,1,788,209,137,120,0.9892545,-1,-1,-1
00264,1,1432,730,418,351,0.9844488,-1,-1,-1
00264,1,1125,158,127,109,0.8172305,-1,-1,-1
00264,1,873,124,121,95,0.7781184,-1,-1,-1
00264,1,189,413,280,235,0.74827695,-1,-1,-1
00265,1,786,212,137,121,0.992831,-1,-1,-1
00265,1,1432,730,416,351,0.98439723,-1,-1,-1
00265,1,871,122,119,95,0.7988729,-1,-1,-1
00265,1,189,413,278,235,0.774157,-1,-1,-1
00265,1,1123,158,129,108,0.7562242,-1,-1,-1
00265,1,1246,202,82,70,0.7525537,-1,-1,-1
00266,1,1431,730,416,351,0.98780674,-1,-1,-1
00266,1,781,213,141,121,0.9839892,-1,-1,-1
00266,1,1248,203,80,68,0.79256165,-1,-1,-1
00266,1,189,412,278,236,0.7685344,-1,-1,-1
00266,1,869,120,122,98,0.7176052,-1,-1,-1
00267,1,776,215,145,124,0.9942893,-1,-1,-1
00267,1,1433,737,417,344,0.97475386,-1,-1,-1
00267,1,189,413,278,235,0.7809628,-1,-1,-1
00267,1,1247,202,82,69,0.7008672,-1,-1,-1
00268,1,773,220,145,120,0.99389005,-1,-1,-1
00268,1,1433,737,416,344,0.9751956,-1,-1,-1
00268,1,691,895,505,186,0.7959669,-1,-1,-1
00268,1,189,412,278,236,0.78180397,-1,-1,-1
00269,1,767,223,149,122,0.99537885,-1,-1,-1
00269,1,1433,737,415,344,0.9704396,-1,-1,-1
00269,1,190,413,279,235,0.81116694,-1,-1,-1
00269,1,729,855,432,226,0.8069215,-1,-1,-1
00270,1,767,229,146,125,0.9962167,-1,-1,-1
00270,1,741,808,413,273,0.9789844,-1,-1,-1
00270,1,1432,738,423,343,0.9710155,-1,-1,-1
00270,1,190,413,279,235,0.7646732,-1,-1,-1
00270,1,1123,157,130,110,0.7509709,-1,-1,-1
00271,1,758,227,150,133,0.99774915,-1,-1,-1
00271,1,755,776,395,305,0.9820271,-1,-1,-1
00271,1,1430,736,424,345,0.97747904,-1,-1,-1
00271,1,1250,201,79,72,0.7978856,-1,-1,-1
00271,1,1121,157,134,110,0.7529949,-1,-1,-1
00271,1,188,415,282,232,0.7260849,-1,-1,-1
00272,1,758,237,148,128,0.9973984,-1,-1,-1
00272,1,766,747,381,320,0.9901405,-1,-1,-1
00272,1,1429,730,417,351,0.9849517,-1,-1,-1
00272,1,1247,199,84,75,0.7806428,-1,-1,-1
00272,1,189,415,281,232,0.7506378,-1,-1,-1
00273,1,751,234,152,132,0.9979038,-1,-1,-1
00273,1,776,700,370,331,0.9902754,-1,-1,-1
00273,1,1431,733,414,348,0.9876653,-1,-1,-1
00273,1,188,413,281,234,0.76849765,-1,-1,-1
00273,1,1248,202,80,69,0.72753054,-1,-1,-1
00274,1,749,238,150,133,0.9987974,-1,-1,-1
00274,1,783,669,358,318,0.9918058,-1,-1,-1
00274,1,1432,735,416,346,0.975321,-1,-1,-1
00274,1,189,413,282,235,0.7953033,-1,-1,-1
00275,1,748,241,150,133,0.99884367,-1,-1,-1
00275,1,797,641,346,305,0.9903865,-1,-1,-1
00275,1,1432,735,417,346,0.9753093,-1,-1,-1
00275,1,187,413,284,235,0.74284774,-1,-1,-1
00275,1,1248,201,80,69,0.7120633,-1,-1,-1
00276,1,747,249,155,137,0.99740773,-1,-1,-1
00276,1,808,620,330,287,0.9926041,-1,-1,-1
00276,1,1429,731,418,350,0.9832848,-1,-1,-1
00276,1,1249,202,80,70,0.7803901,-1,-1,-1
00276,1,188,414,283,233,0.7641236,-1,-1,-1
00276,1,1118,154,129,111,0.7044152,-1,-1,-1
00277,1,743,249,151,141,0.998478,-1,-1,-1
00277,1,816,594,320,279,0.9922282,-1,-1,-1
00277,1,1433,730,414,351,0.9815435,-1,-1,-1
00277,1,190,416,281,232,0.7584737,-1,-1,-1
00278,1,741,255,153,142,0.99907076,-1,-1,-1
00278,1,825,573,313,266,0.9908274,-1,-1,-1
00278,1,1435,738,415,343,0.9747601,-1,-1,-1
00278,1,854,127,118,107,0.8162946,-1,-1,-1
00278,1,190,416,281,232,0.75579745,-1,-1,-1
00279,1,733,260,161,144,0.99927455,-1,-1,-1
00279,1,832,550,301,263,0.99030465,-1,-1,-1
00279,1,1435,731,411,350,0.9869142,-1,-1,-1
00279,1,189,415,282,233,0.7918704,-1,-1,-1
00279,1,1250,201,80,71,0.74183697,-1,-1,-1
00280,1,725,263,167,146,0.99900836,-1,-1,-1
00280,1,838,533,296,254,0.9900321,-1,-1,-1
00280,1,1432,730,414,351,0.9874126,-1,-1,-1
00280,1,189,413,281,235,0.74546957,-1,-1,-1
00281,1,722,268,167,151,0.99884474,-1,-1,-1
00281,1,842,515,296,245,0.98628426,-1,-1,-1
00281,1,1428,732,417,349,0.9850043,-1,-1,-1
00281,1,844,128,121,110,0.9371285,-1,-1,-1
00281,1,189,414,278,233,0.74476033,-1,-1,-1
00282,1,715,271,169,153,0.9989268,-1,-1,-1
00282,1,851,501,285,240,0.99182665,-1,-1,-1
00282,1,1432,735,416,346,0.97257364,-1,-1,-1
00282,1,844,130,123,112,0.962935,-1,-1,-1
00282,1,190,413,278,234,0.7407124,-1,-1,-1
00283,1,714,277,164,152,0.99865687,-1,-1,-1
00283,1,857,480,277,241,0.99322706,-1,-1,-1
00283,1,1431,727,414,354,0.98481214,-1,-1,-1
00283,1,842,132,126,111,0.9656141,-1,-1,-1
00283,1,190,414,279,233,0.7541888,-1,-1,-1
00284,1,703,286,176,153,0.99727553,-1,-1,-1
00284,1,862,470,274,231,0.9918464,-1,-1,-1
00284,1,1431,726,414,355,0.98340225,-1,-1,-1
00284,1,1247,203,83,68,0.7807203,-1,-1,-1
00284,1,190,414,280,234,0.7731261,-1,-1,-1
00284,1,841,132,121,112,0.77128446,-1,-1,-1
00285,1,702,287,171,158,0.9981407,-1,-1,-1
00285,1,865,453,277,227,0.9929173,-1,-1,-1
00285,1,1427,727,418,354,0.9830269,-1,-1,-1
00285,1,841,132,123,115,0.8321971,-1,-1,-1
00285,1,1249,204,81,67,0.7988681,-1,-1,-1
00285,1,191,415,280,234,0.77358466,-1,-1,-1
00286,1,695,293,173,160,0.9972492,-1,-1,-1
00286,1,869,446,261,220,0.9963278,-1,-1,-1
00286,1,1432,737,415,344,0.96891475,-1,-1,-1
00286,1,190,413,279,235,0.77383333,-1,-1,-1
00287,1,689,300,178,157,0.9972146,-1,-1,-1
00287,1,873,431,254,218,0.99426657,-1,-1,-1
00287,1,1433,737,414,344,0.97160184,-1,-1,-1
00287,1,191,413,277,235,0.76470643,-1,-1,-1
00288,1,679,302,187,164,0.99614775,-1,-1,-1
00288,1,880,422,246,206,0.9940141,-1,-1,-1
00288,1,1433,738,413,343,0.97411525,-1,-1,-1
00288,1,191,413,278,236,0.7692226,-1,-1,-1
00289,1,891,408,236,205,0.99805236,-1,-1,-1
00289,1,670,315,190,159,0.9964976,-1,-1,-1
00289,1,1433,739,414,342,0.9735658,-1,-1,-1
00289,1,191,413,278,235,0.75608635,-1,-1,-1
00290,1,895,397,232,201,0.9976839,-1,-1,-1
00290,1,664,324,192,160,0.99670285,-1,-1,-1
00290,1,1425,729,422,352,0.97827744,-1,-1,-1
00290,1,1248,203,82,69,0.78507036,-1,-1,-1
00290,1,191,414,278,234,0.7578097,-1,-1,-1
00291,1,906,383,221,198,0.99851376,-1,-1,-1
00291,1,661,325,190,166,0.99672,-1,-1,-1
00291,1,1433,729,414,352,0.9890288,-1,-1,-1
00291,1,191,415,281,233,0.75929385,-1,-1,-1
00292,1,905,380,220,189,0.99799794,-1,-1,-1
00292,1,652,327,197,172,0.9979882,-1,-1,-1
00292,1,1432,729,415,352,0.9887111,-1,-1,-1
00292,1,190,414,281,234,0.79020405,-1,-1,-1
00293,1,910,368,218,188,0.9985695,-1,-1,-1
00293,1,646,337,193,173,0.9982748,-1,-1,-1
00293,1,1432,729,414,352,0.98847616,-1,-1,-1
00293,1,190,413,280,235,0.77916443,-1,-1,-1
00294,1,636,346,199,172,0.9981664,-1,-1,-1
00294,1,916,362,206,183,0.9963799,-1,-1,-1
00294,1,1433,738,415,343,0.97613007,-1,-1,-1
00294,1,825,158,129,113,0.83143723,-1,-1,-1
00294,1,189,413,282,235,0.73873085,-1,-1,-1
00295,1,626,353,205,180,0.9972873,-1,-1,-1
00295,1,917,358,203,174,0.995395,-1,-1,-1
00295,1,1434,737,414,344,0.9764484,-1,-1,-1
00295,1,815,156,131,117,0.80715626,-1,-1,-1
00295,1,189,412,282,236,0.72793895,-1,-1,-1
00296,1,620,357,207,185,0.9979255,-1,-1,-1
00296,1,920,347,198,175,0.997804,-1,-1,-1
00296,1,1430,729,417,352,0.9866964,-1,-1,-1
00296,1,816,160,133,114,0.88546497,-1,-1,-1
00296,1,189,412,283,235,0.7678682,-1,-1,-1
00297,1,610,366,217,184,0.9972941,-1,-1,-1
00297,1,927,334,191,179,0.99674845,-1,-1,-1
00297,1,1431,729,414,352,0.98892385,-1,-1,-1
00297,1,812,160,138,117,0.9499653,-1,-1,-1
00297,1,189,413,281,235,0.7618304,-1,-1,-1
00298,1,599,375,220,186,0.9977895,-1,-1,-1
00298,1,927,331,193,174,0.9966434,-1,-1,-1
00298,1,1433,729,412,352,0.98868984,-1,-1,-1
00298,1,811,163,133,117,0.9404777,-1,-1,-1
00298,1,190,414,280,234,0.770539,-1,-1,-1
00299,1,931,321,189,170,0.9982693,-1,-1,-1
00299,1,592,380,222,199,0.99815756,-1,-1,-1
00299,1,1432,729,414,352,0.98815453,-1,-1,-1
00299,1,810,165,131,117,0.95805687,-1,-1,-1
00299,1,190,413,280,235,0.7730947,-1,-1,-1
00300,1,578,387,227,203,0.996635,-1,-1,-1
00300,1,931,312,187,169,0.9955793,-1,-1,-1
00300,1,1432,730,413,351,0.98898554,-1,-1,-1
00300,1,808,168,133,119,0.9793419,-1,-1,-1
00300,1,189,413,280,235,0.74573743,-1,-1,-1
00301,1,934,308,185,166,0.99785835,-1,-1,-1
00301,1,569,398,233,205,0.997558,-1,-1,-1
00301,1,1433,737,415,344,0.9725012,-1,-1,-1
00301,1,805,171,136,121,0.96928316,-1,-1,-1
00301,1,189,411,278,237,0.7037983,-1,-1,-1
00302,1,935,306,183,159,0.9982798,-1,-1,-1
00302,1,556,410,243,212,0.9957064,-1,-1,-1
00302,1,1433,736,414,345,0.9734924,-1,-1,-1
00302,1,802,174,136,122,0.9458715,-1,-1,-1
00302,1,189,411,279,237,0.7649487,-1,-1,-1
00303,1,937,297,181,161,0.9987312,-1,-1,-1
00303,1,544,419,245,212,0.9974577,-1,-1,-1
00303,1,1434,737,415,344,0.96983284,-1,-1,-1
00303,1,799,177,138,125,0.96099675,-1,-1,-1
00303,1,191,412,278,236,0.7616712,-1,-1,-1
00304,1,941,290,177,162,0.9984842,-1,-1,-1
00304,1,529,428,257,222,0.99746096,-1,-1,-1
00304,1,1431,736,425,345,0.96938175,-1,-1,-1
00304,1,796,178,138,128,0.9632885,-1,-1,-1
00304,1,193,413,275,235,0.7505852,-1,-1,-1
00305,1,941,286,178,158,0.9980872,-1,-1,-1
00305,1,522,439,257,225,0.99783045,-1,-1,-1
00305,1,1431,736,424,345,0.97043633,-1,-1,-1
00305,1,793,182,140,125,0.9611315,-1,-1,-1
00305,1,193,414,276,235,0.7867132,-1,-1,-1
00306,1,935,277,181,156,0.9993747,-1,-1,-1
00306,1,509,455,265,225,0.99637955,-1,-1,-1
00306,1,790,187,143,123,0.97529227,-1,-1,-1
00306,1,1435,738,414,343,0.9685609,-1,-1,-1
00306,1,191,413,277,235,0.75791216,-1,-1,-1
00307,1,943,275,172,152,0.9989398,-1,-1,-1
00307,1,495,468,256,224,0.99499387,-1,-1,-1
00307,1,784,183,149,128,0.9831097,-1,-1,-1
00307,1,1433,737,415,344,0.9710192,-1,-1,-1
00307,1,193,412,275,237,0.73956496,-1,-1,-1
00308,1,947,270,170,149,0.99854726,-1,-1,-1
00308,1,476,474,280,235,0.99723864,-1,-1,-1
00308,1,786,189,146,127,0.9768515,-1,-1,-1
00308,1,1433,736,415,345,0.96985525,-1,-1,-1
00309,1,951,266,166,146,0.99895716,-1,-1,-1
00309,1,457,484,290,252,0.9867452,-1,-1,-1
00309,1,1430,732,416,349,0.9829306,-1,-1,-1
00309,1,783,194,146,128,0.9619714,-1,-1,-1
00310,1,954,262,163,141,0.99912804,-1,-1,-1
00310,1,438,504,300,250,0.9956999,-1,-1,-1
00310,1,1432,733,414,348,0.9836864,-1,-1,-1
00310,1,778,195,149,133,0.97365856,-1,-1,-1
