00001,1,323,667,252,168,0.98361546,-1,-1,-1
00001,1,1689,1153,268,169,0.98018205,-1,-1,-1
00001,1,1564,1358,507,483,0.9410232,-1,-1,-1
00001,1,173,627,218,124,0.8213597,-1,-1,-1
00002,1,322,667,255,167,0.98336583,-1,-1,-1
00002,1,1689,1153,269,169,0.978215,-1,-1,-1
00002,1,1563,1359,505,485,0.94997287,-1,-1,-1
00002,1,173,629,219,122,0.8609503,-1,-1,-1
00003,1,324,666,254,169,0.9835939,-1,-1,-1
00003,1,1689,1153,268,169,0.9776924,-1,-1,-1
00003,1,1564,1359,504,483,0.9464311,-1,-1,-1
00003,1,172,628,223,124,0.8325043,-1,-1,-1
00004,1,325,665,253,169,0.984971,-1,-1,-1
00004,1,1689,1153,268,169,0.9782202,-1,-1,-1
00004,1,1565,1359,502,484,0.9475087,-1,-1,-1
00004,1,168,626,225,129,0.9062118,-1,-1,-1
00005,1,324,665,254,169,0.98490185,-1,-1,-1
00005,1,1689,1153,269,169,0.97783864,-1,-1,-1
00005,1,1564,1359,502,484,0.94559747,-1,-1,-1
00005,1,174,626,222,127,0.89083135,-1,-1,-1
00006,1,324,665,253,169,0.98508817,-1,-1,-1
00006,1,1689,1153,268,169,0.97827756,-1,-1,-1
00006,1,1564,1359,502,484,0.94499254,-1,-1,-1
00006,1,174,626,222,127,0.8433583,-1,-1,-1
00007,1,324,665,253,169,0.98451483,-1,-1,-1
00007,1,1689,1153,269,169,0.9780895,-1,-1,-1
00007,1,1564,1359,502,484,0.9469142,-1,-1,-1
00007,1,174,627,221,128,0.77123255,-1,-1,-1
00008,1,323,665,254,169,0.9846681,-1,-1,-1
00008,1,1689,1153,268,169,0.97841555,-1,-1,-1
00008,1,1563,1359,503,484,0.9443137,-1,-1,-1
00008,1,174,626,220,128,0.7425344,-1,-1,-1
00009,1,323,666,255,169,0.9840126,-1,-1,-1
00009,1,1689,1153,268,169,0.9787225,-1,-1,-1
00009,1,1562,1359,503,485,0.9451105,-1,-1,-1
00009,1,173,626,220,128,0.7475902,-1,-1,-1
00010,1,324,666,254,169,0.98332745,-1,-1,-1
00010,1,1689,1153,268,169,0.97827095,-1,-1,-1
00010,1,1563,1359,503,485,0.94508475,-1,-1,-1
00010,1,173,626,220,127,0.7171588,-1,-1,-1
00011,1,324,666,254,169,0.9830478,-1,-1,-1
00011,1,1688,1153,269,169,0.9782098,-1,-1,-1
00011,1,1563,1359,503,484,0.9423689,-1,-1,-1
00011,1,174,627,219,126,0.71300834,-1,-1,-1
00012,1,324,666,253,169,0.98262274,-1,-1,-1
00012,1,1689,1153,268,169,0.9783936,-1,-1,-1
00012,1,1564,1359,501,484,0.9428463,-1,-1,-1
00012,1,174,627,219,127,0.7006691,-1,-1,-1
00013,1,324,666,253,169,0.98197836,-1,-1,-1
00013,1,1689,1152,268,171,0.97916484,-1,-1,-1
00013,1,1564,1360,503,486,0.9434995,-1,-1,-1
00013,1,173,627,219,126,0.72003865,-1,-1,-1
00014,1,323,666,254,169,0.9818677,-1,-1,-1
00014,1,1690,1153,267,170,0.9791048,-1,-1,-1
00014,1,1564,1360,502,485,0.94566387,-1,-1,-1
00014,1,173,627,219,126,0.7311371,-1,-1,-1
00015,1,323,666,254,169,0.9822932,-1,-1,-1
00015,1,1690,1152,267,171,0.9792032,-1,-1,-1
00015,1,1564,1360,500,484,0.94449025,-1,-1,-1
00015,1,173,627,219,127,0.72259027,-1,-1,-1
00016,1,323,666,254,169,0.9823825,-1,-1,-1
00016,1,1689,1152,268,171,0.9787703,-1,-1,-1
00016,1,1564,1360,501,484,0.9465529,-1,-1,-1
00016,1,173,627,219,126,0.73431003,-1,-1,-1
00017,1,323,666,254,169,0.98253125,-1,-1,-1
00017,1,1689,1153,268,170,0.978504,-1,-1,-1
00017,1,1563,1360,502,483,0.9471783,-1,-1,-1
00017,1,173,627,219,126,0.74567086,-1,-1,-1
00018,1,323,666,254,169,0.9825263,-1,-1,-1
00018,1,1689,1153,268,170,0.9783176,-1,-1,-1
00018,1,1565,1355,507,500,0.950393,-1,-1,-1
00018,1,172,627,220,126,0.7385445,-1,-1,-1
00019,1,323,666,254,169,0.9826623,-1,-1,-1
00019,1,1689,1153,268,170,0.9783799,-1,-1,-1
00019,1,1565,1355,507,500,0.9493203,-1,-1,-1
00019,1,172,627,220,126,0.74269146,-1,-1,-1
00020,1,323,667,255,168,0.9828414,-1,-1,-1
00020,1,1689,1153,268,170,0.9788209,-1,-1,-1
00020,1,1563,1360,502,483,0.94602394,-1,-1,-1
00020,1,172,627,220,126,0.74580413,-1,-1,-1
00021,1,323,667,254,168,0.98272896,-1,-1,-1
00021,1,1689,1153,268,170,0.9793539,-1,-1,-1
00021,1,1562,1361,503,483,0.9481323,-1,-1,-1
00021,1,173,627,219,126,0.75105524,-1,-1,-1
00022,1,323,666,255,169,0.9826151,-1,-1,-1
00022,1,1689,1153,268,170,0.9794257,-1,-1,-1
00022,1,1562,1361,503,483,0.9485915,-1,-1,-1
00022,1,173,627,219,126,0.7521644,-1,-1,-1
00023,1,323,667,254,168,0.98266673,-1,-1,-1
00023,1,1689,1153,268,170,0.9793666,-1,-1,-1
00023,1,1561,1361,504,482,0.94768083,-1,-1,-1
00023,1,173,627,219,126,0.7506987,-1,-1,-1
00024,1,323,666,255,169,0.9823428,-1,-1,-1
00024,1,1689,1153,268,170,0.979385,-1,-1,-1
00024,1,1561,1360,504,483,0.94767684,-1,-1,-1
00024,1,173,627,219,126,0.7458524,-1,-1,-1
00025,1,323,666,254,169,0.98239684,-1,-1,-1
00025,1,1688,1152,270,171,0.97920257,-1,-1,-1
00025,1,1562,1361,501,483,0.95406455,-1,-1,-1
00025,1,173,627,219,127,0.7364687,-1,-1,-1
00026,1,323,665,254,170,0.9821769,-1,-1,-1
00026,1,1689,1152,268,171,0.979448,-1,-1,-1
00026,1,1561,1361,502,483,0.9535142,-1,-1,-1
00026,1,173,627,219,127,0.74035126,-1,-1,-1
00027,1,323,666,254,169,0.9822229,-1,-1,-1
00027,1,1688,1152,270,171,0.97919947,-1,-1,-1
00027,1,1562,1361,501,483,0.9535068,-1,-1,-1
00027,1,173,627,219,127,0.73787767,-1,-1,-1
00028,1,323,666,254,169,0.9821461,-1,-1,-1
00028,1,1688,1152,270,171,0.97895724,-1,-1,-1
00028,1,1562,1361,501,483,0.9523851,-1,-1,-1
00028,1,173,626,220,128,0.7459941,-1,-1,-1
00029,1,323,665,254,170,0.9826469,-1,-1,-1
00029,1,1688,1152,270,171,0.9792777,-1,-1,-1
00029,1,1562,1361,500,484,0.95312333,-1,-1,-1
00029,1,173,626,220,128,0.7491704,-1,-1,-1
00030,1,323,666,255,169,0.98274773,-1,-1,-1
00030,1,1688,1152,270,171,0.9789707,-1,-1,-1
00030,1,1562,1362,500,483,0.95365316,-1,-1,-1
00030,1,173,626,220,128,0.74174374,-1,-1,-1
00031,1,322,666,255,169,0.98304164,-1,-1,-1
00031,1,1688,1152,270,171,0.97874475,-1,-1,-1
00031,1,1562,1362,501,483,0.95385844,-1,-1,-1
00031,1,173,626,220,128,0.7489835,-1,-1,-1
00032,1,322,666,255,169,0.983154,-1,-1,-1
00032,1,1688,1152,270,171,0.97893137,-1,-1,-1
00032,1,1562,1361,501,483,0.9513958,-1,-1,-1
00032,1,173,626,220,128,0.7530367,-1,-1,-1
00033,1,322,666,255,169,0.9834548,-1,-1,-1
00033,1,1688,1152,270,171,0.97912973,-1,-1,-1
00033,1,1562,1362,501,483,0.9520376,-1,-1,-1
00033,1,173,626,220,128,0.7522783,-1,-1,-1
00034,1,322,666,255,169,0.9834796,-1,-1,-1
00034,1,1688,1152,269,171,0.9787689,-1,-1,-1
00034,1,1563,1361,501,484,0.94962627,-1,-1,-1
00034,1,173,626,220,128,0.7538446,-1,-1,-1
00035,1,322,666,255,168,0.9840895,-1,-1,-1
00035,1,1688,1152,270,171,0.9791074,-1,-1,-1
00035,1,1563,1362,502,482,0.9488872,-1,-1,-1
00035,1,173,626,220,128,0.7584827,-1,-1,-1
00036,1,322,666,255,169,0.9837308,-1,-1,-1
00036,1,1688,1152,270,171,0.979234,-1,-1,-1
00036,1,1563,1361,502,483,0.9482867,-1,-1,-1
00036,1,173,627,220,127,0.7674977,-1,-1,-1
00037,1,323,666,254,169,0.984202,-1,-1,-1
00037,1,1688,1153,270,170,0.9799203,-1,-1,-1
00037,1,1562,1362,502,483,0.9469383,-1,-1,-1
00037,1,173,627,220,127,0.7698178,-1,-1,-1
00038,1,322,666,256,169,0.98397565,-1,-1,-1
00038,1,1688,1153,270,170,0.97971636,-1,-1,-1
00038,1,1562,1362,502,483,0.94789606,-1,-1,-1
00038,1,173,627,220,127,0.7627222,-1,-1,-1
00039,1,322,666,256,169,0.9837975,-1,-1,-1
00039,1,1688,1153,270,170,0.9794717,-1,-1,-1
00039,1,1562,1362,502,483,0.94734174,-1,-1,-1
00039,1,173,627,220,127,0.7712003,-1,-1,-1
00040,1,322,666,256,169,0.98322177,-1,-1,-1
00040,1,1688,1153,270,170,0.97962165,-1,-1,-1
00040,1,1562,1362,503,483,0.9449294,-1,-1,-1
00040,1,173,627,220,126,0.7648126,-1,-1,-1
00041,1,322,666,256,169,0.9836098,-1,-1,-1
00041,1,1688,1153,270,170,0.9794881,-1,-1,-1
00041,1,1563,1362,502,483,0.9452796,-1,-1,-1
00041,1,173,627,219,126,0.7676757,-1,-1,-1
00042,1,323,666,254,169,0.98289263,-1,-1,-1
00042,1,1688,1153,270,170,0.97978485,-1,-1,-1
00042,1,1563,1363,501,482,0.9457089,-1,-1,-1
00042,1,173,627,219,126,0.76053864,-1,-1,-1
00043,1,322,666,256,169,0.9821716,-1,-1,-1
00043,1,1688,1153,269,170,0.9796026,-1,-1,-1
00043,1,1562,1362,502,483,0.9449078,-1,-1,-1
00043,1,173,627,219,126,0.75413907,-1,-1,-1
00044,1,323,666,255,169,0.9818699,-1,-1,-1
00044,1,1688,1153,270,170,0.9797292,-1,-1,-1
00044,1,1563,1363,502,481,0.9436364,-1,-1,-1
00044,1,173,627,219,126,0.7577649,-1,-1,-1
00045,1,323,666,255,169,0.9821456,-1,-1,-1
00045,1,1688,1153,269,170,0.9794922,-1,-1,-1
00045,1,1563,1362,501,482,0.9429477,-1,-1,-1
00045,1,173,628,219,125,0.7612601,-1,-1,-1
00046,1,323,666,255,169,0.98206306,-1,-1,-1
00046,1,1689,1153,268,170,0.9794812,-1,-1,-1
00046,1,1563,1362,502,482,0.94233865,-1,-1,-1
00046,1,173,627,219,126,0.76403224,-1,-1,-1
00047,1,323,667,255,168,0.9822165,-1,-1,-1
00047,1,1689,1153,268,170,0.9792442,-1,-1,-1
00047,1,1563,1362,501,482,0.94574916,-1,-1,-1
00047,1,173,627,219,126,0.77082366,-1,-1,-1
00048,1,323,666,255,169,0.9822129,-1,-1,-1
00048,1,1689,1153,268,170,0.9794982,-1,-1,-1
00048,1,1561,1362,503,482,0.9473588,-1,-1,-1
00048,1,173,628,218,125,0.77485526,-1,-1,-1
00049,1,323,666,254,169,0.98107386,-1,-1,-1
00049,1,1689,1153,268,170,0.97869086,-1,-1,-1
00049,1,1560,1361,506,481,0.94431627,-1,-1,-1
00049,1,173,627,219,126,0.7806389,-1,-1,-1
00050,1,323,666,254,169,0.9810114,-1,-1,-1
00050,1,1688,1153,269,170,0.97914714,-1,-1,-1
00050,1,1561,1361,504,481,0.94529176,-1,-1,-1
00050,1,173,627,219,126,0.7800708,-1,-1,-1
00051,1,324,666,253,169,0.98146236,-1,-1,-1
00051,1,1688,1153,269,170,0.9785759,-1,-1,-1
00051,1,1560,1360,503,482,0.945977,-1,-1,-1
00051,1,173,627,219,126,0.78415954,-1,-1,-1
00052,1,324,666,253,169,0.98090315,-1,-1,-1
00052,1,1688,1153,269,170,0.9788548,-1,-1,-1
00052,1,1560,1361,503,481,0.9474803,-1,-1,-1
00052,1,173,627,219,126,0.7795585,-1,-1,-1
00053,1,324,666,253,169,0.98158276,-1,-1,-1
00053,1,1688,1153,269,170,0.97893405,-1,-1,-1
00053,1,1560,1362,502,481,0.94886863,-1,-1,-1
00053,1,173,627,220,126,0.7760745,-1,-1,-1
00054,1,323,666,254,169,0.98254585,-1,-1,-1
00054,1,1689,1153,268,170,0.97882503,-1,-1,-1
00054,1,1561,1362,502,480,0.94876206,-1,-1,-1
00054,1,174,627,219,126,0.78419673,-1,-1,-1
00055,1,323,666,254,169,0.9827136,-1,-1,-1
00055,1,1689,1153,268,170,0.97856265,-1,-1,-1
00055,1,1561,1362,502,480,0.94837636,-1,-1,-1
00055,1,174,627,219,127,0.78238153,-1,-1,-1
00056,1,323,666,254,169,0.9827026,-1,-1,-1
00056,1,1689,1153,268,170,0.97884196,-1,-1,-1
00056,1,1560,1362,503,480,0.9492437,-1,-1,-1
00056,1,174,627,219,127,0.7802478,-1,-1,-1
00057,1,323,666,254,169,0.9815957,-1,-1,-1
00057,1,1689,1153,268,170,0.97866756,-1,-1,-1
00057,1,1560,1362,503,480,0.95099974,-1,-1,-1
00057,1,174,627,219,127,0.78053683,-1,-1,-1
00058,1,323,666,253,169,0.980589,-1,-1,-1
00058,1,1688,1153,269,170,0.9786042,-1,-1,-1
00058,1,1561,1362,503,479,0.9507353,-1,-1,-1
00058,1,174,627,218,126,0.7727566,-1,-1,-1
00059,1,310,672,268,167,0.9805824,-1,-1,-1
00059,1,1688,1153,269,170,0.9789204,-1,-1,-1
00059,1,1561,1361,503,480,0.9504711,-1,-1,-1
00059,1,174,627,218,126,0.76337284,-1,-1,-1
00060,1,310,672,267,167,0.98120475,-1,-1,-1
00060,1,1688,1153,269,170,0.9787729,-1,-1,-1
00060,1,1561,1360,503,481,0.95005614,-1,-1,-1
00060,1,174,627,218,127,0.76503307,-1,-1,-1
00061,1,309,672,268,167,0.981781,-1,-1,-1
00061,1,1688,1153,269,170,0.9788284,-1,-1,-1
00061,1,1561,1361,502,480,0.94523764,-1,-1,-1
00061,1,173,627,219,127,0.7792162,-1,-1,-1
00062,1,322,666,255,169,0.98248935,-1,-1,-1
00062,1,1688,1153,270,170,0.9792043,-1,-1,-1
00062,1,1562,1362,502,480,0.94424635,-1,-1,-1
00062,1,173,627,219,127,0.7922321,-1,-1,-1
00063,1,322,666,255,169,0.9832773,-1,-1,-1
00063,1,1688,1153,269,170,0.9789877,-1,-1,-1
00063,1,1562,1362,501,481,0.9468998,-1,-1,-1
00063,1,173,627,220,127,0.7875039,-1,-1,-1
00064,1,322,666,255,169,0.9837083,-1,-1,-1
00064,1,1688,1153,269,170,0.9789409,-1,-1,-1
00064,1,1562,1362,501,481,0.9464575,-1,-1,-1
00064,1,173,627,220,127,0.78863364,-1,-1,-1
00065,1,322,666,255,169,0.98302495,-1,-1,-1
00065,1,1688,1153,270,170,0.9788295,-1,-1,-1
00065,1,1562,1362,502,480,0.9462365,-1,-1,-1
00065,1,173,627,220,127,0.79492956,-1,-1,-1
00066,1,322,665,255,170,0.9823027,-1,-1,-1
00066,1,1688,1153,269,170,0.9788103,-1,-1,-1
00066,1,1562,1361,502,480,0.94593495,-1,-1,-1
00066,1,173,627,219,127,0.7889213,-1,-1,-1
00067,1,322,665,255,170,0.9819842,-1,-1,-1
00067,1,1688,1153,270,170,0.97878003,-1,-1,-1
00067,1,1562,1362,502,479,0.9431734,-1,-1,-1
00067,1,173,627,219,127,0.7864406,-1,-1,-1
00068,1,322,665,255,170,0.98324436,-1,-1,-1
00068,1,1688,1153,270,170,0.97883725,-1,-1,-1
00068,1,1561,1362,503,479,0.9438746,-1,-1,-1
00068,1,174,627,218,127,0.7972985,-1,-1,-1
00069,1,322,665,255,170,0.9830997,-1,-1,-1
00069,1,1688,1153,269,170,0.9787794,-1,-1,-1
00069,1,1562,1362,502,479,0.9431448,-1,-1,-1
00069,1,174,627,218,127,0.7933435,-1,-1,-1
00070,1,322,665,256,170,0.98310584,-1,-1,-1
00070,1,1688,1153,270,170,0.97858757,-1,-1,-1
00070,1,1561,1357,512,493,0.9505188,-1,-1,-1
00070,1,173,627,219,127,0.7967565,-1,-1,-1
00071,1,1566,1376,491,474,0.9823239,-1,-1,-1
00071,1,310,672,268,167,0.981857,-1,-1,-1
00071,1,1687,1153,273,163,0.9783136,-1,-1,-1
00071,1,173,627,217,127,0.84493047,-1,-1,-1
00072,1,1566,1376,492,474,0.98300964,-1,-1,-1
00072,1,310,672,268,167,0.9815817,-1,-1,-1
00072,1,1688,1153,272,163,0.978912,-1,-1,-1
00072,1,173,626,218,128,0.8297544,-1,-1,-1
00073,1,326,666,238,168,0.9808592,-1,-1,-1
00073,1,1691,1153,263,170,0.97851187,-1,-1,-1
00073,1,1565,1362,497,482,0.9607117,-1,-1,-1
00073,1,173,626,218,128,0.83821505,-1,-1,-1
00074,1,326,666,239,168,0.98003435,-1,-1,-1
00074,1,1691,1153,264,170,0.97876155,-1,-1,-1
00074,1,1565,1361,497,483,0.9598933,-1,-1,-1
00074,1,173,626,218,128,0.8328002,-1,-1,-1
00075,1,322,668,253,167,0.98675716,-1,-1,-1
00075,1,1691,1153,264,170,0.9787092,-1,-1,-1
00075,1,1565,1361,497,483,0.9597012,-1,-1,-1
00075,1,173,626,218,128,0.82598865,-1,-1,-1
00076,1,310,673,267,165,0.9804443,-1,-1,-1
00076,1,1691,1153,264,170,0.97845227,-1,-1,-1
00076,1,1565,1362,497,482,0.959774,-1,-1,-1
00076,1,2455,1347,106,123,0.86042196,-1,-1,-1
00076,1,173,626,218,128,0.8277905,-1,-1,-1
00077,1,310,673,268,165,0.9803783,-1,-1,-1
00077,1,1691,1153,264,170,0.9782059,-1,-1,-1
00077,1,1564,1361,498,483,0.9583024,-1,-1,-1
00077,1,173,626,218,128,0.8178357,-1,-1,-1
00077,1,2443,1346,118,120,0.8092473,-1,-1,-1
00078,1,310,673,267,165,0.98040456,-1,-1,-1
00078,1,1692,1153,263,170,0.9784871,-1,-1,-1
00078,1,1565,1361,497,483,0.9578785,-1,-1,-1
00078,1,173,626,218,128,0.8265097,-1,-1,-1
00079,1,325,667,239,167,0.97990066,-1,-1,-1
00079,1,1691,1153,264,170,0.97871906,-1,-1,-1
00079,1,1565,1361,498,483,0.9575114,-1,-1,-1
00079,1,2423,1338,138,131,0.87150675,-1,-1,-1
00079,1,173,626,218,128,0.81845766,-1,-1,-1
00080,1,319,669,251,172,0.9797489,-1,-1,-1
00080,1,1691,1153,264,170,0.9791115,-1,-1,-1
00080,1,2410,1336,151,134,0.96650285,-1,-1,-1
00080,1,1564,1361,500,483,0.9564657,-1,-1,-1
00080,1,173,627,218,126,0.8284797,-1,-1,-1
00081,1,1691,1153,264,170,0.97924465,-1,-1,-1
00081,1,326,666,238,168,0.97857887,-1,-1,-1
00081,1,2396,1336,163,128,0.9594946,-1,-1,-1
00081,1,1564,1360,501,483,0.9568144,-1,-1,-1
00081,1,173,626,218,128,0.80577946,-1,-1,-1
00082,1,1692,1153,263,170,0.97921705,-1,-1,-1
00082,1,326,667,238,167,0.97872514,-1,-1,-1
00082,1,1564,1360,502,483,0.9553888,-1,-1,-1
00082,1,2376,1329,174,132,0.87492204,-1,-1,-1
00082,1,172,626,219,128,0.8043774,-1,-1,-1
00083,1,1692,1153,263,170,0.97852546,-1,-1,-1
00083,1,326,667,238,167,0.9782471,-1,-1,-1
00083,1,1560,1377,494,484,0.96113294,-1,-1,-1
00083,1,2365,1327,165,136,0.8007308,-1,-1,-1
00083,1,172,626,219,128,0.79753387,-1,-1,-1
00084,1,1691,1153,264,170,0.9783282,-1,-1,-1
00084,1,310,672,267,166,0.97819144,-1,-1,-1
00084,1,1564,1361,502,481,0.95591086,-1,-1,-1
00084,1,2349,1326,162,128,0.8544169,-1,-1,-1
00084,1,173,627,218,127,0.7902034,-1,-1,-1
00085,1,318,669,252,172,0.9815331,-1,-1,-1
00085,1,1691,1153,264,170,0.97744477,-1,-1,-1
00085,1,2338,1321,169,141,0.9646255,-1,-1,-1
00085,1,1565,1360,501,483,0.95878756,-1,-1,-1
00085,1,173,627,218,127,0.7842019,-1,-1,-1
00086,1,318,669,252,172,0.98098993,-1,-1,-1
00086,1,2318,1315,182,140,0.9778066,-1,-1,-1
00086,1,1691,1153,264,170,0.97768354,-1,-1,-1
00086,1,1564,1359,502,485,0.9607872,-1,-1,-1
00086,1,173,627,218,127,0.7916265,-1,-1,-1
00087,1,318,669,252,172,0.9809631,-1,-1,-1
00087,1,1691,1153,264,170,0.9777085,-1,-1,-1
00087,1,2300,1309,185,141,0.96765107,-1,-1,-1
00087,1,1564,1359,501,485,0.96257806,-1,-1,-1
00087,1,173,627,218,127,0.7874378,-1,-1,-1
00088,1,310,672,267,167,0.9809193,-1,-1,-1
00088,1,1691,1153,264,170,0.9780397,-1,-1,-1
00088,1,1566,1361,505,489,0.9635677,-1,-1,-1
00088,1,2278,1308,192,140,0.9486219,-1,-1,-1
00088,1,173,627,218,126,0.780004,-1,-1,-1
00089,1,310,672,267,167,0.9814244,-1,-1,-1
00089,1,1691,1153,264,170,0.9778024,-1,-1,-1
00089,1,2261,1306,186,135,0.96402323,-1,-1,-1
00089,1,1566,1362,507,488,0.96200085,-1,-1,-1
00089,1,173,627,218,126,0.7803778,-1,-1,-1
00090,1,310,672,267,167,0.9812526,-1,-1,-1
00090,1,1691,1153,264,170,0.9778552,-1,-1,-1
00090,1,2239,1301,196,139,0.9742732,-1,-1,-1
00090,1,1567,1361,503,489,0.96511436,-1,-1,-1
00090,1,173,627,218,126,0.7659324,-1,-1,-1
00091,1,1691,1153,264,170,0.97793806,-1,-1,-1
00091,1,310,672,267,166,0.9776403,-1,-1,-1
00091,1,2224,1299,198,143,0.96838135,-1,-1,-1
00091,1,1565,1359,505,491,0.9649317,-1,-1,-1
00091,1,173,627,219,126,0.74790895,-1,-1,-1
00092,1,322,668,253,167,0.98547006,-1,-1,-1
00092,1,1691,1153,264,170,0.9776309,-1,-1,-1
00092,1,1566,1359,505,490,0.96226823,-1,-1,-1
00092,1,2207,1294,195,147,0.9117828,-1,-1,-1
00092,1,173,626,219,127,0.75102043,-1,-1,-1
00093,1,310,673,267,165,0.9791998,-1,-1,-1
00093,1,1688,1154,273,162,0.9771708,-1,-1,-1
00093,1,1565,1360,506,489,0.9622393,-1,-1,-1
00093,1,2205,1288,197,153,0.94813734,-1,-1,-1
00093,1,173,626,219,127,0.7596598,-1,-1,-1
00094,1,322,668,253,167,0.9864602,-1,-1,-1
00094,1,1689,1154,272,162,0.9773208,-1,-1,-1
00094,1,1564,1360,500,483,0.9611941,-1,-1,-1
00094,1,2200,1297,171,138,0.95693934,-1,-1,-1
00094,1,173,626,219,127,0.77704734,-1,-1,-1
00095,1,321,669,254,166,0.9872181,-1,-1,-1
00095,1,1689,1154,272,162,0.9777789,-1,-1,-1
00095,1,2133,1280,199,153,0.9699412,-1,-1,-1
00095,1,1562,1360,501,484,0.96366715,-1,-1,-1
00095,1,173,626,218,127,0.7866174,-1,-1,-1
00096,1,321,669,254,166,0.98723596,-1,-1,-1
00096,1,1689,1154,271,162,0.977218,-1,-1,-1
00096,1,1563,1361,499,483,0.96341383,-1,-1,-1
00096,1,2127,1274,197,165,0.95102,-1,-1,-1
00096,1,172,626,219,127,0.7621932,-1,-1,-1
00097,1,322,669,254,166,0.98657566,-1,-1,-1
00097,1,1689,1154,271,162,0.9775737,-1,-1,-1
00097,1,2078,1265,211,139,0.9699504,-1,-1,-1
00097,1,1561,1375,491,484,0.962951,-1,-1,-1
00097,1,172,626,220,127,0.7377373,-1,-1,-1
00098,1,2072,1250,203,167,0.9885083,-1,-1,-1
00098,1,322,669,254,166,0.9863419,-1,-1,-1
00098,1,1689,1153,271,163,0.97821873,-1,-1,-1
00098,1,1562,1362,498,482,0.96031487,-1,-1,-1
00098,1,173,626,219,127,0.74186367,-1,-1,-1
00099,1,322,669,253,166,0.98625815,-1,-1,-1
00099,1,2047,1246,211,165,0.98096085,-1,-1,-1
00099,1,1689,1154,271,162,0.97760516,-1,-1,-1
00099,1,1562,1363,496,481,0.9613211,-1,-1,-1
00099,1,173,627,219,126,0.73572755,-1,-1,-1
00100,1,2018,1237,229,171,0.9921515,-1,-1,-1
00100,1,322,669,253,166,0.9857379,-1,-1,-1
00100,1,1697,1150,254,174,0.9807062,-1,-1,-1
00100,1,1562,1363,495,481,0.9649071,-1,-1,-1
00100,1,173,627,218,126,0.7334619,-1,-1,-1
00101,1,1994,1235,222,179,0.990781,-1,-1,-1
00101,1,321,667,258,167,0.98536754,-1,-1,-1
00101,1,1700,1148,252,175,0.97919035,-1,-1,-1
00101,1,1560,1366,489,478,0.9652954,-1,-1,-1
00101,1,173,628,218,126,0.72875345,-1,-1,-1
00102,1,321,667,258,167,0.98465455,-1,-1,-1
00102,1,1694,1154,266,162,0.9697482,-1,-1,-1
00102,1,1559,1367,490,478,0.96467906,-1,-1,-1
00102,1,1958,1226,233,175,0.96355414,-1,-1,-1
00102,1,173,628,218,126,0.73633575,-1,-1,-1
00103,1,322,668,257,167,0.98421174,-1,-1,-1
00103,1,1696,1154,259,163,0.96678513,-1,-1,-1
00103,1,1559,1367,491,479,0.9667323,-1,-1,-1
00103,1,1925,1226,228,171,0.94190437,-1,-1,-1
00103,1,173,629,218,124,0.7373224,-1,-1,-1
00104,1,322,667,258,168,0.98382205,-1,-1,-1
00104,1,1698,1151,243,164,0.9716481,-1,-1,-1
00104,1,1560,1366,490,480,0.9644242,-1,-1,-1
00104,1,1894,1217,256,187,0.954557,-1,-1,-1
00104,1,173,629,218,124,0.73491454,-1,-1,-1
00105,1,321,668,259,167,0.984484,-1,-1,-1
00105,1,1860,1210,275,186,0.96779376,-1,-1,-1
00105,1,1560,1364,491,482,0.96279174,-1,-1,-1
00105,1,1696,1153,236,159,0.95842785,-1,-1,-1
00105,1,173,629,217,124,0.7384139,-1,-1,-1
00106,1,322,668,257,167,0.98488843,-1,-1,-1
00106,1,1560,1366,491,481,0.9656912,-1,-1,-1
00106,1,1824,1195,273,205,0.95662695,-1,-1,-1
00106,1,1691,1148,225,155,0.9252924,-1,-1,-1
00106,1,173,629,217,124,0.7649913,-1,-1,-1
00107,1,322,668,257,166,0.9859881,-1,-1,-1
00107,1,1559,1367,492,479,0.96644664,-1,-1,-1
00107,1,1778,1182,287,214,0.89446265,-1,-1,-1
00107,1,174,628,217,126,0.7719405,-1,-1,-1
00107,1,1691,1154,201,143,0.76464725,-1,-1,-1
00107,1,0,1392,697,529,0.75763434,-1,-1,-1
00108,1,322,668,257,166,0.98571384,-1,-1,-1
00108,1,1560,1364,491,483,0.9656263,-1,-1,-1
00108,1,1736,1170,300,212,0.93734944,-1,-1,-1
00108,1,0,1334,933,587,0.9231521,-1,-1,-1
00108,1,174,629,217,124,0.7469465,-1,-1,-1
00109,1,0,1296,1051,625,0.99005365,-1,-1,-1
00109,1,322,669,257,165,0.98662204,-1,-1,-1
00109,1,1686,1159,322,214,0.9704934,-1,-1,-1
00109,1,1562,1362,489,483,0.9697371,-1,-1,-1
00109,1,175,630,215,124,0.76879895,-1,-1,-1
00110,1,13,1246,1175,639,0.99433535,-1,-1,-1
00110,1,322,668,257,166,0.9868449,-1,-1,-1
00110,1,1556,1360,500,490,0.98485667,-1,-1,-1
00110,1,1640,1154,335,216,0.97402555,-1,-1,-1
00110,1,174,629,217,125,0.7760747,-1,-1,-1
00111,1,321,667,258,166,0.9861615,-1,-1,-1
00111,1,1559,1358,506,492,0.9814465,-1,-1,-1
00111,1,366,1238,883,548,0.9761363,-1,-1,-1
00111,1,1601,1152,347,216,0.97256976,-1,-1,-1
00111,1,174,628,217,126,0.78642035,-1,-1,-1
00112,1,320,666,259,167,0.98692316,-1,-1,-1
00112,1,557,1240,812,487,0.9838267,-1,-1,-1
00112,1,1557,1356,510,490,0.98139775,-1,-1,-1
00112,1,1558,1138,374,228,0.9774204,-1,-1,-1
00112,1,174,628,218,126,0.7946897,-1,-1,-1
00113,1,320,666,260,167,0.986919,-1,-1,-1
00113,1,1510,1126,394,235,0.9829555,-1,-1,-1
00113,1,1565,1364,501,479,0.9818548,-1,-1,-1
00113,1,742,1232,715,450,0.9766343,-1,-1,-1
00113,1,1830,1210,133,105,0.9731521,-1,-1,-1
00113,1,174,628,218,126,0.77567524,-1,-1,-1
00114,1,1568,1372,493,474,0.9931886,-1,-1,-1
00114,1,320,666,259,167,0.98738223,-1,-1,-1
00114,1,902,1228,623,424,0.9844269,-1,-1,-1
00114,1,1485,1124,384,227,0.9791772,-1,-1,-1
00114,1,1764,1169,183,146,0.8392512,-1,-1,-1
00114,1,174,628,217,126,0.755144,-1,-1,-1
00115,1,1565,1373,502,470,0.99263024,-1,-1,-1
00115,1,320,667,259,166,0.9877638,-1,-1,-1
00115,1,1741,1161,207,158,0.97063017,-1,-1,-1
00115,1,1016,1253,556,370,0.9556768,-1,-1,-1
00115,1,1431,1111,380,244,0.93815815,-1,-1,-1
00115,1,174,628,217,126,0.7593928,-1,-1,-1
00116,1,1564,1376,509,467,0.9947889,-1,-1,-1
00116,1,320,667,259,166,0.98791784,-1,-1,-1
00116,1,1717,1154,237,175,0.9862992,-1,-1,-1
00116,1,1122,1266,519,336,0.938158,-1,-1,-1
00116,1,173,628,219,126,0.7642773,-1,-1,-1
00117,1,1560,1378,516,464,0.99355596,-1,-1,-1
00117,1,320,667,259,166,0.9878392,-1,-1,-1
00117,1,1702,1153,253,172,0.9815299,-1,-1,-1
00117,1,1295,1092,425,260,0.9368394,-1,-1,-1
00117,1,174,628,218,126,0.7703959,-1,-1,-1
00117,1,1216,1268,485,314,0.76485056,-1,-1,-1
00118,1,1564,1381,510,464,0.99434316,-1,-1,-1
00118,1,320,667,259,166,0.9872262,-1,-1,-1
00118,1,1695,1154,265,162,0.98436314,-1,-1,-1
00118,1,1289,1236,442,322,0.97182435,-1,-1,-1
00118,1,1250,1089,432,260,0.92369974,-1,-1,-1
00118,1,174,627,218,127,0.7496913,-1,-1,-1
00119,1,1565,1390,500,462,0.9929311,-1,-1,-1
00119,1,320,667,259,166,0.9870122,-1,-1,-1
00119,1,1703,1154,252,168,0.9767542,-1,-1,-1
00119,1,1172,1059,448,296,0.9600055,-1,-1,-1
00119,1,1364,1252,420,294,0.944025,-1,-1,-1
00119,1,174,627,218,127,0.74805254,-1,-1,-1
00120,1,320,667,259,166,0.9870095,-1,-1,-1
00120,1,1564,1371,504,470,0.97323203,-1,-1,-1
00120,1,1691,1155,268,162,0.9651338,-1,-1,-1
00120,1,1091,1057,481,299,0.9646019,-1,-1,-1
00120,1,1447,1257,366,259,0.93625104,-1,-1,-1
00120,1,174,627,218,127,0.74453783,-1,-1,-1
00121,1,322,668,258,166,0.9868615,-1,-1,-1
00121,1,1557,1367,517,491,0.98280615,-1,-1,-1
00121,1,1009,1039,500,346,0.9780085,-1,-1,-1
00121,1,1513,1259,343,246,0.9613488,-1,-1,-1
00121,1,1689,1154,267,167,0.9451167,-1,-1,-1
00121,1,174,627,220,127,0.7136504,-1,-1,-1
00122,1,914,1026,560,358,0.98929745,-1,-1,-1
00122,1,322,668,258,166,0.98686033,-1,-1,-1
00122,1,1560,1365,503,481,0.95737183,-1,-1,-1
00122,1,1690,1154,270,170,0.93205553,-1,-1,-1
00122,1,174,627,220,127,0.70112365,-1,-1,-1
00123,1,819,1017,613,376,0.991335,-1,-1,-1
00123,1,322,668,258,166,0.98681635,-1,-1,-1
00123,1,1564,1365,492,479,0.9602814,-1,-1,-1
00123,1,1685,1153,279,174,0.9271337,-1,-1,-1
00124,1,710,1012,611,370,0.9927342,-1,-1,-1
00124,1,322,668,258,166,0.9865354,-1,-1,-1
00124,1,1704,1150,258,186,0.9652772,-1,-1,-1
00124,1,1563,1364,487,480,0.9449934,-1,-1,-1
00125,1,573,1002,680,397,0.99174845,-1,-1,-1
00125,1,322,668,258,166,0.9870388,-1,-1,-1
00125,1,1569,1368,481,481,0.97402316,-1,-1,-1
00125,1,1711,1149,257,193,0.9519445,-1,-1,-1
00126,1,422,969,778,471,0.994728,-1,-1,-1
00126,1,323,668,257,167,0.9867422,-1,-1,-1
00126,1,1704,1147,258,185,0.95838237,-1,-1,-1
00126,1,1558,1362,490,481,0.95112765,-1,-1,-1
00127,1,210,957,900,501,0.9922599,-1,-1,-1
00127,1,323,667,256,167,0.98726195,-1,-1,-1
00127,1,1572,1378,479,472,0.97164726,-1,-1,-1
00127,1,1699,1153,256,163,0.9707196,-1,-1,-1
00127,1,1796,1279,276,214,0.81046754,-1,-1,-1
00128,1,0,944,1036,582,0.99711597,-1,-1,-1
00128,1,323,667,256,167,0.9877813,-1,-1,-1
00128,1,1695,1152,263,164,0.97674346,-1,-1,-1
00128,1,1830,1287,271,193,0.9632015,-1,-1,-1
00128,1,1567,1361,490,479,0.94909453,-1,-1,-1
00129,1,0,902,911,599,0.9951865,-1,-1,-1
00129,1,323,667,257,168,0.9871781,-1,-1,-1
00129,1,1701,1149,255,176,0.97682834,-1,-1,-1
00129,1,1568,1359,486,481,0.94765276,-1,-1,-1
00129,1,1859,1291,266,197,0.85296464,-1,-1,-1
00130,1,323,667,258,168,0.9870766,-1,-1,-1
00130,1,1689,1153,270,162,0.9750303,-1,-1,-1
00130,1,1580,1344,485,506,0.9535897,-1,-1,-1
00130,1,1890,1301,266,181,0.94854313,-1,-1,-1
00130,1,0,910,777,575,0.87769616,-1,-1,-1
00131,1,321,667,258,167,0.9886634,-1,-1,-1
00131,1,1681,1151,274,165,0.9649151,-1,-1,-1
00131,1,1569,1362,490,477,0.9444461,-1,-1,-1
00131,1,0,936,622,558,0.89926016,-1,-1,-1
00131,1,1923,1294,242,180,0.8824218,-1,-1,-1
00132,1,321,667,258,167,0.98841953,-1,-1,-1
00132,1,1575,1374,478,472,0.9791835,-1,-1,-1
00132,1,1680,1151,276,166,0.9621528,-1,-1,-1
00132,1,1952,1303,262,176,0.9334388,-1,-1,-1
00132,1,0,1027,440,479,0.8898399,-1,-1,-1
00133,1,321,667,259,167,0.9875513,-1,-1,-1
00133,1,1570,1373,487,473,0.98105377,-1,-1,-1
00133,1,1688,1154,272,162,0.969611,-1,-1,-1
00133,1,1988,1302,219,175,0.9396402,-1,-1,-1
00134,1,321,667,259,167,0.98773384,-1,-1,-1
00134,1,1569,1373,487,472,0.97932273,-1,-1,-1
00134,1,1687,1154,274,163,0.9701637,-1,-1,-1
00134,1,2010,1304,211,167,0.9613201,-1,-1,-1
00134,1,173,626,221,128,0.7044308,-1,-1,-1
00135,1,321,667,259,167,0.9877495,-1,-1,-1
00135,1,1690,1154,267,169,0.9717461,-1,-1,-1
00135,1,1567,1359,496,480,0.9525298,-1,-1,-1
00135,1,2055,1313,217,169,0.93830174,-1,-1,-1
00136,1,321,667,259,167,0.987933,-1,-1,-1
00136,1,1690,1154,268,169,0.9747873,-1,-1,-1
00136,1,2080,1314,206,173,0.97360367,-1,-1,-1
00136,1,1566,1360,499,480,0.95214427,-1,-1,-1
00136,1,174,626,220,128,0.7153292,-1,-1,-1
00137,1,321,667,259,167,0.98795766,-1,-1,-1
00137,1,1566,1371,499,472,0.9826917,-1,-1,-1
00137,1,1690,1154,268,169,0.97419024,-1,-1,-1
00137,1,2105,1321,204,161,0.96246374,-1,-1,-1
00137,1,173,626,221,128,0.71812963,-1,-1,-1
00138,1,321,667,259,167,0.98797077,-1,-1,-1
00138,1,1565,1371,501,472,0.9822297,-1,-1,-1
00138,1,1689,1154,269,169,0.9754632,-1,-1,-1
00138,1,2121,1342,208,142,0.96994543,-1,-1,-1
00138,1,173,626,220,128,0.7150571,-1,-1,-1
00139,1,321,667,259,167,0.9878869,-1,-1,-1
00139,1,1567,1371,499,472,0.9818584,-1,-1,-1
00139,1,1689,1154,269,169,0.9764534,-1,-1,-1
00139,1,2157,1347,200,137,0.9710877,-1,-1,-1
00139,1,173,626,220,128,0.71893793,-1,-1,-1
00140,1,321,667,259,167,0.9880344,-1,-1,-1
00140,1,1568,1372,494,472,0.98260003,-1,-1,-1
00140,1,1689,1154,269,168,0.97598416,-1,-1,-1
00140,1,2185,1347,190,138,0.9590988,-1,-1,-1
00140,1,173,626,220,128,0.7165432,-1,-1,-1
00141,1,321,667,259,167,0.9886219,-1,-1,-1
00141,1,1691,1154,267,168,0.9785081,-1,-1,-1
00141,1,2182,1348,216,137,0.94836694,-1,-1,-1
00141,1,1565,1358,504,476,0.94690436,-1,-1,-1
00141,1,173,626,219,128,0.7416033,-1,-1,-1
00142,1,321,667,259,167,0.9888015,-1,-1,-1
00142,1,1691,1154,268,168,0.97996783,-1,-1,-1
00142,1,1562,1375,500,463,0.97742325,-1,-1,-1
00142,1,2204,1354,206,129,0.9699051,-1,-1,-1
00142,1,173,627,219,127,0.7447442,-1,-1,-1
00143,1,321,667,259,167,0.9887861,-1,-1,-1
00143,1,2235,1355,199,127,0.9858662,-1,-1,-1
00143,1,1691,1154,267,169,0.9804215,-1,-1,-1
00143,1,1547,1369,535,470,0.95486873,-1,-1,-1
00143,1,173,627,220,127,0.74866813,-1,-1,-1
00144,1,2270,1359,187,125,0.9962745,-1,-1,-1
00144,1,321,667,259,167,0.98897773,-1,-1,-1
00144,1,1691,1154,267,169,0.9798116,-1,-1,-1
00144,1,1556,1355,511,476,0.9530873,-1,-1,-1
00144,1,173,626,220,128,0.74609107,-1,-1,-1
00145,1,2281,1359,189,133,0.9914648,-1,-1,-1
00145,1,320,667,260,167,0.98870814,-1,-1,-1
00145,1,1690,1153,269,170,0.9810735,-1,-1,-1
00145,1,1558,1359,513,470,0.9298079,-1,-1,-1
00145,1,174,627,218,126,0.7664756,-1,-1,-1
00146,1,2309,1367,180,131,0.9888504,-1,-1,-1
00146,1,320,667,260,167,0.98860407,-1,-1,-1
00146,1,1690,1153,269,170,0.980873,-1,-1,-1
00146,1,1555,1358,519,473,0.91615885,-1,-1,-1
00146,1,174,627,218,126,0.764811,-1,-1,-1
00147,1,2330,1370,176,133,0.9915855,-1,-1,-1
00147,1,320,667,260,167,0.9885655,-1,-1,-1
00147,1,1690,1153,269,170,0.98105556,-1,-1,-1
00147,1,1551,1354,526,477,0.91666913,-1,-1,-1
00147,1,174,627,218,126,0.7658607,-1,-1,-1
00148,1,320,667,260,167,0.98844725,-1,-1,-1
00148,1,2349,1375,168,131,0.9830877,-1,-1,-1
00148,1,1690,1153,269,169,0.9804391,-1,-1,-1
00148,1,1556,1355,517,478,0.9460792,-1,-1,-1
00148,1,173,627,219,126,0.7626872,-1,-1,-1
00149,1,320,667,260,167,0.9882897,-1,-1,-1
00149,1,1690,1153,268,170,0.9801528,-1,-1,-1
00149,1,1559,1369,506,474,0.969648,-1,-1,-1
00149,1,2369,1376,159,132,0.95768565,-1,-1,-1
00149,1,174,627,218,126,0.7601035,-1,-1,-1
00149,1,1255,919,109,96,0.72527766,-1,-1,-1
00150,1,320,667,260,167,0.98840266,-1,-1,-1
00150,1,1690,1153,268,170,0.980477,-1,-1,-1
00150,1,1563,1360,518,485,0.9609177,-1,-1,-1
00150,1,2384,1353,177,155,0.82875293,-1,-1,-1
00150,1,174,627,219,126,0.75998116,-1,-1,-1
00151,1,321,666,260,168,0.98748595,-1,-1,-1
00151,1,1690,1152,267,171,0.97951365,-1,-1,-1
00151,1,2392,1367,169,150,0.97028995,-1,-1,-1
00151,1,1549,1356,521,493,0.95516795,-1,-1,-1
00151,1,173,625,220,129,0.7431694,-1,-1,-1
00151,1,1259,922,104,96,0.7387961,-1,-1,-1
00152,1,321,666,261,168,0.9873319,-1,-1,-1
00152,1,1690,1153,267,170,0.97931445,-1,-1,-1
00152,1,1564,1345,514,495,0.9614254,-1,-1,-1
00152,1,2423,1359,138,147,0.9260073,-1,-1,-1
00152,1,173,625,221,129,0.73834646,-1,-1,-1
00152,1,1259,922,104,96,0.7239497,-1,-1,-1
00153,1,321,666,260,168,0.98730135,-1,-1,-1
00153,1,1690,1153,267,170,0.97892445,-1,-1,-1
00153,1,1561,1355,506,486,0.95656586,-1,-1,-1
00153,1,2439,1372,122,138,0.78780645,-1,-1,-1
00153,1,173,625,221,129,0.7425495,-1,-1,-1
00153,1,1258,922,105,96,0.73817724,-1,-1,-1
00154,1,321,666,260,168,0.9871672,-1,-1,-1
00154,1,1690,1153,267,170,0.9793016,-1,-1,-1
00154,1,1566,1352,504,499,0.9653805,-1,-1,-1
00154,1,0,1397,1118,511,0.825481,-1,-1,-1
00154,1,173,625,220,129,0.7447519,-1,-1,-1
00154,1,2456,1380,105,130,0.73237103,-1,-1,-1
00155,1,321,666,261,168,0.98710465,-1,-1,-1
00155,1,1690,1153,267,170,0.97952855,-1,-1,-1
00155,1,1561,1354,504,489,0.957328,-1,-1,-1
00155,1,0,1376,989,545,0.77218646,-1,-1,-1
00155,1,173,625,220,129,0.75333863,-1,-1,-1
00156,1,321,666,260,168,0.9871444,-1,-1,-1
00156,1,1689,1152,268,171,0.97958267,-1,-1,-1
00156,1,1566,1353,504,497,0.966609,-1,-1,-1
00156,1,0,1392,859,529,0.8074603,-1,-1,-1
00156,1,173,625,220,129,0.76379406,-1,-1,-1
00157,1,322,665,261,170,0.9840545,-1,-1,-1
00157,1,1692,1152,264,171,0.9766972,-1,-1,-1
00157,1,1560,1354,503,490,0.9533663,-1,-1,-1
00157,1,173,625,220,129,0.76015216,-1,-1,-1
00158,1,322,665,261,170,0.9842152,-1,-1,-1
00158,1,1692,1152,265,171,0.9774811,-1,-1,-1
00158,1,1561,1354,503,491,0.9539694,-1,-1,-1
00158,1,173,625,220,129,0.7598253,-1,-1,-1
00159,1,322,665,261,170,0.9844769,-1,-1,-1
00159,1,1692,1152,265,170,0.9776343,-1,-1,-1
00159,1,1561,1354,503,490,0.95209587,-1,-1,-1
00159,1,173,625,220,129,0.7591756,-1,-1,-1
00160,1,322,665,261,170,0.98438305,-1,-1,-1
00160,1,1692,1152,264,171,0.9765828,-1,-1,-1
00160,1,1561,1355,503,489,0.9525043,-1,-1,-1
00160,1,173,625,220,129,0.7603257,-1,-1,-1
00161,1,322,668,255,167,0.9865421,-1,-1,-1
00161,1,1690,1153,263,169,0.9776529,-1,-1,-1
00161,1,1563,1356,503,486,0.9537063,-1,-1,-1
00161,1,174,627,218,127,0.750178,-1,-1,-1
00162,1,322,668,255,167,0.9866356,-1,-1,-1
00162,1,1690,1153,263,169,0.97731555,-1,-1,-1
00162,1,1564,1356,503,485,0.9538964,-1,-1,-1
00162,1,174,627,218,127,0.75842476,-1,-1,-1
00163,1,322,668,255,167,0.98665106,-1,-1,-1
00163,1,1690,1153,263,169,0.9781226,-1,-1,-1
00163,1,1563,1356,504,485,0.95305294,-1,-1,-1
00163,1,174,627,218,127,0.75621784,-1,-1,-1
00164,1,322,668,255,167,0.9865572,-1,-1,-1
00164,1,1689,1153,265,169,0.9801864,-1,-1,-1
00164,1,1562,1355,506,486,0.95037645,-1,-1,-1
00164,1,174,627,218,127,0.75779223,-1,-1,-1
00165,1,322,668,255,167,0.98675495,-1,-1,-1
00165,1,1689,1153,265,169,0.9798564,-1,-1,-1
00165,1,1563,1356,505,484,0.95112807,-1,-1,-1
00165,1,174,627,218,127,0.7666474,-1,-1,-1
00166,1,322,667,255,168,0.986416,-1,-1,-1
00166,1,1689,1153,265,169,0.9785982,-1,-1,-1
00166,1,1562,1356,506,485,0.9515051,-1,-1,-1
00166,1,174,627,218,127,0.7570343,-1,-1,-1
00167,1,322,668,254,167,0.9864021,-1,-1,-1
00167,1,1689,1153,265,169,0.9798426,-1,-1,-1
00167,1,1563,1356,506,485,0.9503782,-1,-1,-1
00167,1,174,627,218,127,0.7585707,-1,-1,-1
00168,1,322,668,254,167,0.9862629,-1,-1,-1
00168,1,1689,1153,265,169,0.9796363,-1,-1,-1
00168,1,1562,1357,506,483,0.94996995,-1,-1,-1
00168,1,174,627,218,127,0.7577782,-1,-1,-1
00169,1,321,668,254,167,0.9872099,-1,-1,-1
00169,1,1689,1153,265,169,0.97913957,-1,-1,-1
00169,1,1564,1358,502,482,0.95109826,-1,-1,-1
00169,1,174,627,218,127,0.76810384,-1,-1,-1
00170,1,321,668,254,167,0.98726827,-1,-1,-1
00170,1,1689,1153,265,169,0.9790188,-1,-1,-1
00170,1,1564,1357,503,482,0.9497472,-1,-1,-1
00170,1,174,627,218,127,0.76713914,-1,-1,-1
00171,1,321,668,258,167,0.9873219,-1,-1,-1
00171,1,1698,1151,254,174,0.98528606,-1,-1,-1
00171,1,1563,1370,496,478,0.98082846,-1,-1,-1
00171,1,173,627,217,127,0.7970789,-1,-1,-1
00172,1,320,668,259,167,0.98742884,-1,-1,-1
00172,1,1698,1151,255,174,0.98540294,-1,-1,-1
00172,1,1564,1370,495,478,0.97958565,-1,-1,-1
00172,1,172,627,218,127,0.7961558,-1,-1,-1
00173,1,321,668,258,167,0.98752755,-1,-1,-1
00173,1,1699,1151,254,175,0.98517644,-1,-1,-1
00173,1,1564,1370,495,476,0.9798535,-1,-1,-1
00173,1,172,627,218,127,0.80348897,-1,-1,-1
00174,1,320,669,259,166,0.98796487,-1,-1,-1
00174,1,1699,1151,254,175,0.985059,-1,-1,-1
00174,1,1565,1370,494,477,0.9796215,-1,-1,-1
00174,1,172,627,218,127,0.80557925,-1,-1,-1
00175,1,321,668,259,167,0.9877291,-1,-1,-1
00175,1,1700,1151,253,175,0.98473585,-1,-1,-1
00175,1,1564,1369,496,477,0.9807916,-1,-1,-1
00175,1,173,627,217,127,0.8046941,-1,-1,-1
00175,1,2465,1350,96,111,0.7138108,-1,-1,-1
00176,1,321,668,259,167,0.9878071,-1,-1,-1
00176,1,1699,1151,254,175,0.9849841,-1,-1,-1
00176,1,1565,1370,495,475,0.97900933,-1,-1,-1
00176,1,2449,1348,112,116,0.85435486,-1,-1,-1
00176,1,173,627,217,127,0.80434036,-1,-1,-1
00177,1,321,668,259,167,0.9878968,-1,-1,-1
00177,1,1699,1151,254,175,0.98507524,-1,-1,-1
00177,1,1565,1371,495,473,0.97962624,-1,-1,-1
00177,1,173,627,217,127,0.8055038,-1,-1,-1
00178,1,321,668,258,167,0.9877951,-1,-1,-1
00178,1,1699,1151,254,175,0.98493516,-1,-1,-1
00178,1,1565,1370,495,476,0.9799172,-1,-1,-1
00178,1,2429,1338,132,128,0.8630731,-1,-1,-1
00178,1,173,627,217,127,0.80400014,-1,-1,-1
00179,1,321,668,258,167,0.98771286,-1,-1,-1
00179,1,1699,1151,254,175,0.9851296,-1,-1,-1
00179,1,1566,1370,493,475,0.9800305,-1,-1,-1
00179,1,2414,1339,147,126,0.94028175,-1,-1,-1
00179,1,172,627,218,127,0.8019554,-1,-1,-1
00180,1,321,669,259,166,0.9877285,-1,-1,-1
00180,1,1699,1151,254,175,0.98518,-1,-1,-1
00180,1,1565,1356,505,478,0.9498967,-1,-1,-1
00180,1,2403,1334,158,128,0.89212286,-1,-1,-1
00180,1,172,627,218,127,0.80334175,-1,-1,-1
00181,1,320,668,260,167,0.98773986,-1,-1,-1
00181,1,1699,1151,255,174,0.98571694,-1,-1,-1
00181,1,1566,1355,501,482,0.9440395,-1,-1,-1
00181,1,2390,1332,163,130,0.8508926,-1,-1,-1
00181,1,172,627,218,127,0.7973042,-1,-1,-1
00182,1,320,668,260,167,0.9877779,-1,-1,-1
00182,1,1699,1151,255,175,0.9857486,-1,-1,-1
00182,1,1566,1355,501,482,0.9459224,-1,-1,-1
00182,1,2383,1331,155,132,0.93299663,-1,-1,-1
00182,1,172,627,218,127,0.79906696,-1,-1,-1
00183,1,320,668,260,167,0.98769546,-1,-1,-1
00183,1,1699,1151,255,175,0.98572296,-1,-1,-1
00183,1,1563,1370,493,477,0.9805833,-1,-1,-1
00183,1,2362,1328,161,129,0.93295366,-1,-1,-1
00183,1,172,627,218,127,0.7991327,-1,-1,-1
00184,1,320,668,260,167,0.9876566,-1,-1,-1
00184,1,1699,1151,255,175,0.98585397,-1,-1,-1
00184,1,1563,1370,492,477,0.98140585,-1,-1,-1
00184,1,2346,1329,154,129,0.9242632,-1,-1,-1
00184,1,172,627,218,127,0.79295725,-1,-1,-1
00185,1,320,668,260,167,0.9876056,-1,-1,-1
00185,1,2330,1325,170,133,0.98711383,-1,-1,-1
00185,1,1699,1151,255,175,0.9859898,-1,-1,-1
00185,1,1563,1370,492,477,0.9809003,-1,-1,-1
00185,1,172,627,218,127,0.79370695,-1,-1,-1
00186,1,320,668,260,167,0.98755276,-1,-1,-1
00186,1,1699,1151,255,175,0.9860793,-1,-1,-1
00186,1,2322,1318,164,134,0.9801922,-1,-1,-1
00186,1,1566,1355,501,482,0.9467841,-1,-1,-1
00186,1,172,627,218,127,0.7946399,-1,-1,-1
00187,1,320,668,260,167,0.98768824,-1,-1,-1
00187,1,1699,1151,255,175,0.986387,-1,-1,-1
00187,1,2306,1309,166,140,0.9823642,-1,-1,-1
00187,1,1566,1355,500,482,0.9484865,-1,-1,-1
00187,1,172,627,218,127,0.79510117,-1,-1,-1
00188,1,2283,1312,180,134,0.98896337,-1,-1,-1
00188,1,320,668,260,167,0.9877082,-1,-1,-1
00188,1,1699,1151,255,175,0.9865348,-1,-1,-1
00188,1,1566,1355,500,482,0.94841367,-1,-1,-1
00188,1,172,627,218,127,0.7919596,-1,-1,-1
00189,1,320,668,260,167,0.9877698,-1,-1,-1
00189,1,1699,1151,255,175,0.98650986,-1,-1,-1
00189,1,2259,1314,189,128,0.9841824,-1,-1,-1
00189,1,1565,1355,501,482,0.9490767,-1,-1,-1
00189,1,172,627,218,127,0.7927412,-1,-1,-1
00190,1,320,668,260,167,0.9877077,-1,-1,-1
00190,1,1699,1151,255,175,0.9866622,-1,-1,-1
00190,1,1563,1371,492,475,0.9814162,-1,-1,-1
00190,1,2251,1307,166,132,0.96269894,-1,-1,-1
00190,1,172,627,218,127,0.79468876,-1,-1,-1
00191,1,320,668,260,167,0.98787826,-1,-1,-1
00191,1,1699,1151,255,175,0.98675436,-1,-1,-1
00191,1,1564,1371,491,474,0.98192626,-1,-1,-1
00191,1,2235,1308,176,132,0.97683686,-1,-1,-1
00191,1,172,627,218,127,0.7967694,-1,-1,-1
00192,1,320,668,260,167,0.9878164,-1,-1,-1
00192,1,1699,1151,255,174,0.9864116,-1,-1,-1
00192,1,2215,1304,188,136,0.9715621,-1,-1,-1
00192,1,1566,1354,499,481,0.9466582,-1,-1,-1
00192,1,172,627,218,127,0.80211955,-1,-1,-1
00193,1,320,668,259,167,0.9875732,-1,-1,-1
00193,1,1693,1153,263,169,0.98502064,-1,-1,-1
00193,1,2209,1300,180,140,0.9617068,-1,-1,-1
00193,1,1567,1352,503,493,0.95318633,-1,-1,-1
00193,1,172,627,218,127,0.79261655,-1,-1,-1
00194,1,320,668,260,167,0.98764384,-1,-1,-1
00194,1,1694,1153,262,169,0.98454225,-1,-1,-1
00194,1,2200,1299,175,141,0.9799938,-1,-1,-1
00194,1,1565,1355,502,481,0.94812155,-1,-1,-1
00194,1,172,627,218,127,0.7942315,-1,-1,-1
00195,1,320,668,259,167,0.98751825,-1,-1,-1
00195,1,1693,1153,263,169,0.9851304,-1,-1,-1
00195,1,2186,1301,179,137,0.9638461,-1,-1,-1
00195,1,1565,1355,504,481,0.9492649,-1,-1,-1
00195,1,172,627,218,127,0.7889207,-1,-1,-1
00196,1,320,668,260,167,0.98756975,-1,-1,-1
00196,1,1693,1153,263,170,0.98484486,-1,-1,-1
00196,1,1562,1367,500,477,0.98336375,-1,-1,-1
00196,1,2145,1290,192,147,0.97527266,-1,-1,-1
00196,1,172,627,218,127,0.78897977,-1,-1,-1
00197,1,320,668,260,167,0.9876068,-1,-1,-1
00197,1,2121,1282,173,145,0.9875444,-1,-1,-1
00197,1,1693,1153,263,170,0.9841934,-1,-1,-1
00197,1,1564,1355,502,482,0.95011187,-1,-1,-1
00197,1,172,627,218,127,0.78933376,-1,-1,-1
00198,1,320,668,259,167,0.987705,-1,-1,-1
00198,1,1693,1153,262,170,0.98363197,-1,-1,-1
00198,1,2104,1276,190,141,0.9835829,-1,-1,-1
00198,1,1561,1368,499,477,0.9821686,-1,-1,-1
00198,1,172,627,218,127,0.7952733,-1,-1,-1
00199,1,2088,1261,190,154,0.9927101,-1,-1,-1
00199,1,320,668,259,167,0.98779374,-1,-1,-1
00199,1,1693,1153,262,170,0.9830639,-1,-1,-1
00199,1,1564,1355,502,483,0.9519188,-1,-1,-1
00199,1,172,627,218,127,0.7967661,-1,-1,-1
00200,1,320,668,259,167,0.9877857,-1,-1,-1
00200,1,2065,1260,205,154,0.9871569,-1,-1,-1
00200,1,1694,1153,261,170,0.98411304,-1,-1,-1
00200,1,1562,1369,496,476,0.9814113,-1,-1,-1
00200,1,172,627,218,127,0.79715323,-1,-1,-1
00201,1,2039,1253,218,158,0.9945438,-1,-1,-1
00201,1,320,669,259,166,0.9867459,-1,-1,-1
00201,1,1565,1372,490,471,0.98066115,-1,-1,-1
00201,1,1690,1154,266,169,0.9782284,-1,-1,-1
00201,1,172,627,219,126,0.8255462,-1,-1,-1
00202,1,320,669,259,166,0.98685557,-1,-1,-1
00202,1,2009,1243,247,172,0.9855166,-1,-1,-1
00202,1,1565,1372,491,471,0.9802628,-1,-1,-1
00202,1,1690,1154,267,168,0.9771473,-1,-1,-1
00202,1,172,627,219,126,0.82534885,-1,-1,-1
00203,1,1997,1246,228,159,0.9922632,-1,-1,-1
00203,1,320,669,258,166,0.98714405,-1,-1,-1
00203,1,1566,1373,488,471,0.98287636,-1,-1,-1
00203,1,1691,1154,267,167,0.9736007,-1,-1,-1
00203,1,172,627,219,126,0.83046436,-1,-1,-1
00204,1,1966,1239,232,161,0.99611086,-1,-1,-1
00204,1,320,669,258,166,0.9872853,-1,-1,-1
00204,1,1567,1374,488,469,0.9835353,-1,-1,-1
00204,1,1696,1151,257,173,0.97151303,-1,-1,-1
00204,1,172,627,219,126,0.8204199,-1,-1,-1
00205,1,309,672,270,167,0.9860547,-1,-1,-1
00205,1,1568,1374,485,470,0.9826319,-1,-1,-1
00205,1,1926,1231,238,167,0.9802609,-1,-1,-1
00205,1,1695,1154,264,163,0.9570035,-1,-1,-1
00205,1,173,628,218,125,0.8103667,-1,-1,-1
00206,1,1900,1220,243,176,0.98842037,-1,-1,-1
00206,1,309,672,270,167,0.9859411,-1,-1,-1
00206,1,1698,1151,253,166,0.9632462,-1,-1,-1
00206,1,1570,1358,488,481,0.9567603,-1,-1,-1
00206,1,173,628,218,126,0.81230515,-1,-1,-1
00207,1,309,672,270,167,0.9862439,-1,-1,-1
00207,1,1872,1218,256,172,0.9846614,-1,-1,-1
00207,1,1570,1357,489,482,0.95223945,-1,-1,-1
00207,1,1688,1146,236,163,0.9394929,-1,-1,-1
00207,1,173,628,218,126,0.8143292,-1,-1,-1
00208,1,309,672,270,167,0.9855958,-1,-1,-1
00208,1,1847,1217,248,176,0.9837763,-1,-1,-1
00208,1,1568,1372,488,474,0.9790892,-1,-1,-1
00208,1,1688,1145,235,165,0.9282387,-1,-1,-1
00208,1,173,628,218,126,0.81323856,-1,-1,-1
00209,1,309,673,270,166,0.9852952,-1,-1,-1
00209,1,1804,1209,265,178,0.98468506,-1,-1,-1
00209,1,1569,1374,487,471,0.9771434,-1,-1,-1
00209,1,1697,1153,218,145,0.9216848,-1,-1,-1
00209,1,173,628,218,125,0.81231356,-1,-1,-1
00210,1,309,673,270,166,0.9855773,-1,-1,-1
00210,1,1568,1373,491,470,0.9787066,-1,-1,-1
00210,1,1760,1196,275,184,0.9546139,-1,-1,-1
00210,1,173,628,218,126,0.80972815,-1,-1,-1
00210,1,1692,1154,206,141,0.75199836,-1,-1,-1
00211,1,309,672,270,167,0.9857815,-1,-1,-1
00211,1,1570,1374,490,468,0.97597563,-1,-1,-1
00211,1,1725,1184,270,190,0.8721488,-1,-1,-1
00211,1,173,628,218,125,0.8117579,-1,-1,-1
00212,1,309,672,270,167,0.98600256,-1,-1,-1
00212,1,1571,1375,490,467,0.9779926,-1,-1,-1
00212,1,1682,1169,294,201,0.95071185,-1,-1,-1
00212,1,173,628,218,125,0.80971134,-1,-1,-1
00213,1,309,672,270,167,0.9861361,-1,-1,-1
00213,1,1642,1162,314,201,0.981316,-1,-1,-1
00213,1,1572,1375,491,467,0.980031,-1,-1,-1
00213,1,173,628,218,125,0.8079718,-1,-1,-1
00214,1,309,673,270,166,0.9858166,-1,-1,-1
00214,1,1589,1158,359,205,0.98546994,-1,-1,-1
00214,1,1572,1374,489,468,0.98296446,-1,-1,-1
00214,1,173,628,218,125,0.8082474,-1,-1,-1
00215,1,309,673,270,166,0.9857378,-1,-1,-1
00215,1,1562,1148,335,213,0.9836647,-1,-1,-1
00215,1,1572,1376,491,465,0.9828635,-1,-1,-1
00215,1,173,628,218,125,0.8094232,-1,-1,-1
00216,1,1517,1145,365,209,0.98955554,-1,-1,-1
00216,1,309,673,270,166,0.9857799,-1,-1,-1
00216,1,1572,1374,490,469,0.98297876,-1,-1,-1
00216,1,1749,1167,200,146,0.9139064,-1,-1,-1
00216,1,173,628,218,125,0.8071343,-1,-1,-1
00217,1,311,669,266,172,0.99126583,-1,-1,-1
00217,1,1451,1133,352,216,0.98912126,-1,-1,-1
00217,1,1573,1375,488,466,0.9859343,-1,-1,-1
00217,1,1733,1163,210,157,0.97666115,-1,-1,-1
00217,1,173,628,218,125,0.8089845,-1,-1,-1
00218,1,311,669,266,172,0.9916449,-1,-1,-1
00218,1,1400,1126,364,223,0.98876697,-1,-1,-1
00218,1,1571,1374,489,469,0.987783,-1,-1,-1
00218,1,1713,1150,236,178,0.98675704,-1,-1,-1
00218,1,173,628,218,125,0.8071799,-1,-1,-1
00219,1,1694,1152,259,168,0.9923011,-1,-1,-1
00219,1,311,669,266,172,0.99178606,-1,-1,-1
00219,1,1570,1374,490,470,0.9867842,-1,-1,-1
00219,1,1338,1119,398,227,0.98605704,-1,-1,-1
00219,1,173,628,218,125,0.8058642,-1,-1,-1
00220,1,311,669,267,171,0.9915251,-1,-1,-1
00220,1,1692,1153,261,169,0.98756045,-1,-1,-1
00220,1,1569,1373,491,472,0.9862824,-1,-1,-1
00220,1,1285,1107,390,242,0.9823397,-1,-1,-1
00220,1,173,628,218,125,0.8075113,-1,-1,-1
00221,1,1693,1148,260,170,0.99408877,-1,-1,-1
00221,1,1218,1098,416,250,0.99338186,-1,-1,-1
00221,1,308,672,270,168,0.9843158,-1,-1,-1
00221,1,1567,1370,498,474,0.9818658,-1,-1,-1
00221,1,169,624,223,128,0.9009129,-1,-1,-1
00222,1,1148,1086,438,266,0.9902311,-1,-1,-1
00222,1,1694,1151,263,170,0.9853822,-1,-1,-1
00222,1,308,672,270,168,0.98388296,-1,-1,-1
00222,1,1567,1370,497,475,0.98276204,-1,-1,-1
00222,1,169,624,223,128,0.90247065,-1,-1,-1
00223,1,1071,1076,467,275,0.9838088,-1,-1,-1
00223,1,308,673,270,167,0.9831066,-1,-1,-1
00223,1,1691,1153,266,171,0.9813364,-1,-1,-1
00223,1,1566,1371,497,476,0.97980404,-1,-1,-1
00223,1,169,624,223,128,0.902772,-1,-1,-1
00224,1,986,1068,492,290,0.9901018,-1,-1,-1
00224,1,308,672,270,168,0.98338723,-1,-1,-1
00224,1,1690,1153,266,170,0.98030466,-1,-1,-1
00224,1,1565,1372,496,477,0.9784666,-1,-1,-1
00224,1,169,624,223,128,0.9004183,-1,-1,-1
00225,1,902,1048,511,318,0.98585725,-1,-1,-1
00225,1,325,667,241,168,0.98316264,-1,-1,-1
00225,1,1691,1153,265,171,0.9810666,-1,-1,-1
00225,1,1566,1372,494,476,0.97696906,-1,-1,-1
00225,1,169,623,223,129,0.9024097,-1,-1,-1
00226,1,308,672,271,168,0.98379195,-1,-1,-1
00226,1,1692,1153,264,171,0.98031116,-1,-1,-1
00226,1,1566,1372,494,476,0.9772388,-1,-1,-1
00226,1,789,1044,546,324,0.9707336,-1,-1,-1
00226,1,169,624,223,129,0.9003825,-1,-1,-1
00227,1,673,1027,593,349,0.9861319,-1,-1,-1
00227,1,308,672,271,168,0.9839721,-1,-1,-1
00227,1,1692,1152,264,172,0.97964805,-1,-1,-1
00227,1,1566,1372,495,475,0.97545546,-1,-1,-1
00227,1,173,627,218,127,0.75602114,-1,-1,-1
00228,1,542,1021,638,367,0.98514646,-1,-1,-1
00228,1,308,672,271,167,0.98382366,-1,-1,-1
00228,1,1691,1152,265,172,0.97998613,-1,-1,-1
00228,1,1567,1374,493,474,0.974433,-1,-1,-1
00228,1,169,624,223,129,0.899834,-1,-1,-1
00228,1,1229,1117,107,79,0.728462,-1,-1,-1
00229,1,392,1005,701,382,0.9816281,-1,-1,-1
00229,1,325,665,240,170,0.9815267,-1,-1,-1
00229,1,1688,1153,273,165,0.97901034,-1,-1,-1
00229,1,1566,1373,492,477,0.9711719,-1,-1,-1
00229,1,174,627,218,127,0.7604348,-1,-1,-1
00230,1,325,665,240,171,0.9815077,-1,-1,-1
00230,1,1689,1153,272,165,0.97871715,-1,-1,-1
00230,1,233,967,770,432,0.9735535,-1,-1,-1
00230,1,1566,1372,491,478,0.97156054,-1,-1,-1
00230,1,174,627,218,127,0.76501095,-1,-1,-1
00231,1,328,666,239,168,0.9838029,-1,-1,-1
00231,1,1568,1372,491,477,0.9771463,-1,-1,-1
00231,1,1692,1153,261,169,0.97599673,-1,-1,-1
00231,1,7,969,872,451,0.9753352,-1,-1,-1
00231,1,175,626,216,128,0.797695,-1,-1,-1
00232,1,328,665,238,170,0.9835376,-1,-1,-1
00232,1,0,942,765,511,0.9809656,-1,-1,-1
00232,1,1691,1153,263,169,0.9764059,-1,-1,-1
00232,1,1567,1371,492,478,0.97581744,-1,-1,-1
00232,1,175,627,217,127,0.7936876,-1,-1,-1
00233,1,328,666,238,169,0.98306274,-1,-1,-1
00233,1,1691,1153,263,169,0.9758208,-1,-1,-1
00233,1,1566,1371,493,478,0.9757304,-1,-1,-1
00233,1,0,966,648,467,0.9397899,-1,-1,-1
00233,1,175,627,217,127,0.7840087,-1,-1,-1
00234,1,0,945,448,500,0.9858596,-1,-1,-1
00234,1,327,666,239,168,0.9833807,-1,-1,-1
00234,1,1692,1153,262,169,0.97629863,-1,-1,-1
00234,1,1566,1370,493,480,0.97566223,-1,-1,-1
00234,1,174,627,218,127,0.800868,-1,-1,-1
00235,1,326,666,240,168,0.9833431,-1,-1,-1
00235,1,1692,1153,261,169,0.97594064,-1,-1,-1
00235,1,1565,1371,494,480,0.9748061,-1,-1,-1
00235,1,174,627,217,127,0.81173235,-1,-1,-1
00236,1,326,666,240,168,0.9835079,-1,-1,-1
00236,1,1691,1153,262,169,0.9753318,-1,-1,-1
00236,1,1565,1370,493,481,0.9751887,-1,-1,-1
00236,1,174,627,218,127,0.80936176,-1,-1,-1
00237,1,326,667,240,167,0.9835941,-1,-1,-1
00237,1,1692,1153,261,169,0.9765569,-1,-1,-1
00237,1,1565,1371,494,481,0.9761229,-1,-1,-1
00237,1,174,627,218,127,0.81063324,-1,-1,-1
00238,1,326,667,240,167,0.98307127,-1,-1,-1
00238,1,1691,1153,262,169,0.9768465,-1,-1,-1
00238,1,1564,1371,494,480,0.9757388,-1,-1,-1
00238,1,173,627,218,127,0.8147677,-1,-1,-1
00239,1,326,667,241,167,0.9830331,-1,-1,-1
00239,1,1691,1153,262,169,0.97648495,-1,-1,-1
00239,1,1564,1371,494,481,0.97558606,-1,-1,-1
00239,1,174,627,217,127,0.8179487,-1,-1,-1
00240,1,321,670,259,164,0.9868733,-1,-1,-1
00240,1,1691,1153,262,169,0.9762006,-1,-1,-1
00240,1,1564,1370,494,482,0.97577435,-1,-1,-1
00240,1,173,627,218,127,0.8155046,-1,-1,-1
00241,1,321,670,260,164,0.9872984,-1,-1,-1
00241,1,1565,1371,494,480,0.97755903,-1,-1,-1
00241,1,1689,1153,272,163,0.97684675,-1,-1,-1
00241,1,174,627,216,127,0.83388823,-1,-1,-1
00242,1,321,670,260,164,0.9873253,-1,-1,-1
00242,1,1692,1153,262,169,0.97770715,-1,-1,-1
00242,1,1565,1370,494,482,0.9776613,-1,-1,-1
00242,1,174,627,216,127,0.83635306,-1,-1,-1
00243,1,320,670,261,164,0.9871644,-1,-1,-1
00243,1,1565,1371,494,481,0.9775769,-1,-1,-1
00243,1,1692,1153,262,169,0.97751313,-1,-1,-1
00243,1,174,627,216,127,0.83222896,-1,-1,-1
00244,1,320,670,261,164,0.9869888,-1,-1,-1
00244,1,1692,1152,262,170,0.9776848,-1,-1,-1
00244,1,1565,1370,494,482,0.9776815,-1,-1,-1
00244,1,174,627,216,127,0.8310929,-1,-1,-1
00245,1,320,671,260,163,0.9868427,-1,-1,-1
00245,1,1691,1152,263,170,0.97849506,-1,-1,-1
00245,1,1565,1370,494,483,0.9779343,-1,-1,-1
00245,1,174,627,216,127,0.82885075,-1,-1,-1
00246,1,321,670,260,164,0.9869423,-1,-1,-1
00246,1,1565,1371,494,482,0.97794366,-1,-1,-1
00246,1,1692,1153,262,169,0.9778748,-1,-1,-1
00246,1,174,627,217,127,0.8276727,-1,-1,-1
00247,1,321,671,259,163,0.9869061,-1,-1,-1
00247,1,1691,1153,263,169,0.9779043,-1,-1,-1
00247,1,1565,1371,495,480,0.97758806,-1,-1,-1
00247,1,174,627,216,127,0.8284859,-1,-1,-1
00248,1,321,671,259,163,0.98668784,-1,-1,-1
00248,1,1692,1153,262,169,0.9780708,-1,-1,-1
00248,1,1565,1371,494,481,0.97705066,-1,-1,-1
00248,1,174,627,217,127,0.8284845,-1,-1,-1
00249,1,321,670,259,164,0.9867318,-1,-1,-1
00249,1,1692,1153,262,169,0.97817093,-1,-1,-1
00249,1,1565,1371,494,481,0.9764764,-1,-1,-1
00249,1,174,627,217,127,0.827436,-1,-1,-1
00250,1,321,670,259,164,0.9869423,-1,-1,-1
00250,1,1692,1153,262,169,0.97806805,-1,-1,-1
00250,1,1564,1371,495,482,0.977759,-1,-1,-1
00250,1,174,627,217,127,0.8256516,-1,-1,-1
00251,1,321,670,258,164,0.9868422,-1,-1,-1
00251,1,1565,1371,495,480,0.9773098,-1,-1,-1
00251,1,1688,1154,274,162,0.97511816,-1,-1,-1
00251,1,174,627,217,127,0.8274728,-1,-1,-1
00252,1,321,669,258,165,0.9872996,-1,-1,-1
00252,1,1565,1371,494,480,0.9774825,-1,-1,-1
00252,1,1688,1153,274,163,0.9747454,-1,-1,-1
00252,1,174,627,217,127,0.8273031,-1,-1,-1
00253,1,326,668,239,166,0.98452723,-1,-1,-1
00253,1,1565,1371,495,478,0.9767486,-1,-1,-1
00253,1,1688,1153,273,163,0.9748789,-1,-1,-1
00253,1,174,627,218,127,0.82546467,-1,-1,-1
00254,1,326,668,239,166,0.98422825,-1,-1,-1
00254,1,1565,1371,494,479,0.975626,-1,-1,-1
00254,1,1688,1153,273,163,0.97490406,-1,-1,-1
00254,1,174,627,218,127,0.8268583,-1,-1,-1
00255,1,326,668,238,166,0.98457414,-1,-1,-1
00255,1,1566,1371,493,478,0.975557,-1,-1,-1
00255,1,1689,1153,272,163,0.97540194,-1,-1,-1
00255,1,174,627,218,127,0.8260156,-1,-1,-1
00256,1,308,671,270,169,0.9850155,-1,-1,-1
00256,1,1689,1153,272,163,0.9750888,-1,-1,-1
00256,1,1566,1371,493,478,0.9748905,-1,-1,-1
00256,1,174,627,218,127,0.826708,-1,-1,-1
00257,1,308,671,270,169,0.98479027,-1,-1,-1
00257,1,1688,1153,273,163,0.9746738,-1,-1,-1
00257,1,1566,1371,492,479,0.97434336,-1,-1,-1
00257,1,174,627,218,127,0.8258928,-1,-1,-1
00258,1,308,671,270,169,0.98469144,-1,-1,-1
00258,1,1688,1153,273,163,0.97426987,-1,-1,-1
00258,1,1565,1371,494,479,0.9741667,-1,-1,-1
00258,1,174,627,218,127,0.82452464,-1,-1,-1
00259,1,326,668,238,166,0.98462254,-1,-1,-1
00259,1,1688,1153,273,163,0.97417563,-1,-1,-1
00259,1,1565,1371,494,478,0.9740054,-1,-1,-1
00259,1,174,627,218,127,0.82287925,-1,-1,-1
00260,1,326,668,238,166,0.98477453,-1,-1,-1
00260,1,1687,1153,274,163,0.9740182,-1,-1,-1
00260,1,1565,1370,495,479,0.97303,-1,-1,-1
00260,1,174,627,218,127,0.8195033,-1,-1,-1
00261,1,326,668,238,166,0.9847627,-1,-1,-1
00261,1,1688,1153,273,163,0.9741865,-1,-1,-1
00261,1,1566,1371,493,478,0.97384477,-1,-1,-1
00261,1,174,627,218,127,0.8210965,-1,-1,-1
00262,1,326,668,238,166,0.98463386,-1,-1,-1
00262,1,1691,1152,262,170,0.9742441,-1,-1,-1
00262,1,1565,1370,494,480,0.9732911,-1,-1,-1
00262,1,174,627,218,127,0.81737024,-1,-1,-1
00263,1,326,668,238,166,0.98475546,-1,-1,-1
00263,1,1691,1152,262,170,0.9745448,-1,-1,-1
00263,1,1565,1370,493,480,0.9730214,-1,-1,-1
00263,1,174,627,218,127,0.82293963,-1,-1,-1
00264,1,326,668,239,166,0.9848059,-1,-1,-1
00264,1,1691,1152,262,170,0.9742399,-1,-1,-1
00264,1,1565,1370,494,480,0.9730828,-1,-1,-1
00264,1,174,627,218,127,0.82823014,-1,-1,-1
00265,1,327,668,238,166,0.98456526,-1,-1,-1
00265,1,1688,1153,273,163,0.975687,-1,-1,-1
00265,1,1566,1371,492,478,0.9755367,-1,-1,-1
00265,1,174,627,218,127,0.83041376,-1,-1,-1
00266,1,327,668,238,166,0.9844274,-1,-1,-1
00266,1,1565,1372,494,477,0.976794,-1,-1,-1
00266,1,1691,1152,262,170,0.9757152,-1,-1,-1
00266,1,174,627,218,127,0.8328968,-1,-1,-1
00266,1,2443,1348,118,122,0.8057124,-1,-1,-1
00267,1,327,668,238,166,0.9845471,-1,-1,-1
00267,1,1688,1153,273,163,0.9758611,-1,-1,-1
00267,1,1565,1356,504,481,0.93710124,-1,-1,-1
00267,1,2435,1340,126,128,0.9192014,-1,-1,-1
00267,1,174,627,218,127,0.83396715,-1,-1,-1
00268,1,321,670,257,164,0.98723894,-1,-1,-1
00268,1,1688,1153,273,163,0.97581506,-1,-1,-1
00268,1,1565,1356,504,481,0.9369611,-1,-1,-1
00268,1,2419,1338,142,127,0.91500926,-1,-1,-1
00268,1,174,628,218,126,0.830085,-1,-1,-1
00269,1,321,670,257,164,0.9872399,-1,-1,-1
00269,1,1688,1153,273,163,0.97621924,-1,-1,-1
00269,1,1565,1357,504,480,0.938568,-1,-1,-1
00269,1,2407,1343,154,120,0.90800637,-1,-1,-1
00269,1,174,627,218,127,0.83236706,-1,-1,-1
00270,1,326,668,239,166,0.9845064,-1,-1,-1
00270,1,1688,1153,273,163,0.976014,-1,-1,-1
00270,1,1565,1356,503,481,0.9393885,-1,-1,-1
00270,1,2394,1342,160,124,0.84750426,-1,-1,-1
00270,1,174,627,218,127,0.8307148,-1,-1,-1
00271,1,321,670,259,164,0.98845613,-1,-1,-1
00271,1,1689,1152,264,170,0.9764731,-1,-1,-1
00271,1,1573,1356,497,494,0.96371675,-1,-1,-1
00271,1,2386,1336,154,128,0.8609574,-1,-1,-1
00271,1,173,628,218,126,0.81972235,-1,-1,-1
00272,1,321,670,259,164,0.98869634,-1,-1,-1
00272,1,1688,1152,265,170,0.9756225,-1,-1,-1
00272,1,1572,1355,498,496,0.9627242,-1,-1,-1
00272,1,2376,1334,152,124,0.901189,-1,-1,-1
00272,1,173,628,218,126,0.815212,-1,-1,-1
00273,1,321,671,260,163,0.9888237,-1,-1,-1
00273,1,1688,1152,265,170,0.97557664,-1,-1,-1
00273,1,1572,1356,500,497,0.9612483,-1,-1,-1
00273,1,173,628,218,126,0.8193141,-1,-1,-1
00273,1,2358,1344,152,109,0.8056324,-1,-1,-1
00274,1,321,670,260,164,0.9888496,-1,-1,-1
00274,1,1688,1152,265,170,0.9764649,-1,-1,-1
00274,1,1572,1357,498,495,0.9630245,-1,-1,-1
00274,1,2349,1337,147,118,0.96232706,-1,-1,-1
00274,1,173,628,218,126,0.8211958,-1,-1,-1
00275,1,321,670,259,164,0.9891668,-1,-1,-1
00275,1,2331,1336,151,120,0.9876281,-1,-1,-1
00275,1,1688,1152,265,170,0.97630423,-1,-1,-1
00275,1,1572,1357,497,494,0.96350867,-1,-1,-1
00275,1,174,628,217,126,0.8233105,-1,-1,-1
00276,1,322,669,259,165,0.9887172,-1,-1,-1
00276,1,2313,1326,162,127,0.9870193,-1,-1,-1
00276,1,1689,1152,264,170,0.976014,-1,-1,-1
00276,1,1564,1358,500,484,0.9532372,-1,-1,-1
00276,1,174,628,217,126,0.82415247,-1,-1,-1
00277,1,321,668,260,166,0.9884679,-1,-1,-1
00277,1,2295,1317,172,132,0.9773257,-1,-1,-1
00277,1,1689,1152,271,164,0.9747552,-1,-1,-1
00277,1,1564,1359,499,483,0.9595984,-1,-1,-1
00277,1,173,627,219,127,0.79367995,-1,-1,-1
00278,1,2278,1319,173,129,0.98922205,-1,-1,-1
00278,1,321,668,260,166,0.9885097,-1,-1,-1
00278,1,1689,1152,271,164,0.97496766,-1,-1,-1
00278,1,1563,1358,500,484,0.95999277,-1,-1,-1
00278,1,173,627,219,127,0.797906,-1,-1,-1
00279,1,321,668,259,167,0.9877653,-1,-1,-1
00279,1,2259,1318,173,126,0.9857007,-1,-1,-1
00279,1,1690,1152,270,164,0.97460073,-1,-1,-1
00279,1,1563,1358,499,485,0.96072733,-1,-1,-1
00279,1,173,627,219,127,0.79309356,-1,-1,-1
00280,1,2238,1318,180,126,0.9885417,-1,-1,-1
00280,1,321,668,260,167,0.9880028,-1,-1,-1
00280,1,1689,1152,271,164,0.9740898,-1,-1,-1
00280,1,1563,1358,499,484,0.960389,-1,-1,-1
00280,1,173,627,218,127,0.8137692,-1,-1,-1
00281,1,321,668,260,166,0.9882945,-1,-1,-1
00281,1,2223,1318,182,123,0.9845084,-1,-1,-1
00281,1,1690,1152,270,164,0.97377986,-1,-1,-1
00281,1,1563,1358,499,485,0.95974094,-1,-1,-1
00281,1,173,627,218,127,0.8173629,-1,-1,-1
00282,1,321,668,260,166,0.98852754,-1,-1,-1
00282,1,1690,1152,270,164,0.973821,-1,-1,-1
00282,1,2201,1309,192,132,0.96026224,-1,-1,-1
00282,1,1563,1358,500,485,0.9586959,-1,-1,-1
00282,1,173,627,218,127,0.81956464,-1,-1,-1
00283,1,321,668,259,166,0.9883216,-1,-1,-1
00283,1,1689,1152,271,164,0.9735424,-1,-1,-1
00283,1,1564,1357,499,486,0.95816785,-1,-1,-1
00283,1,2190,1315,186,126,0.9301002,-1,-1,-1
00283,1,173,627,219,127,0.8185968,-1,-1,-1
00284,1,321,668,259,166,0.9879894,-1,-1,-1
00284,1,1689,1152,271,164,0.97355324,-1,-1,-1
00284,1,1564,1358,499,485,0.9583407,-1,-1,-1
00284,1,2182,1305,183,132,0.90394807,-1,-1,-1
00284,1,173,627,219,127,0.81131893,-1,-1,-1
00285,1,321,668,258,166,0.9876758,-1,-1,-1
00285,1,1689,1152,271,164,0.97339666,-1,-1,-1
00285,1,1562,1357,501,486,0.95850414,-1,-1,-1
00285,1,2156,1297,170,138,0.91469824,-1,-1,-1
00285,1,173,627,219,127,0.80727744,-1,-1,-1
00286,1,2127,1294,181,136,0.9891852,-1,-1,-1
00286,1,321,668,258,167,0.98736376,-1,-1,-1
00286,1,1560,1368,502,479,0.9834063,-1,-1,-1
00286,1,1689,1152,271,165,0.97360253,-1,-1,-1
00286,1,173,627,218,127,0.80019534,-1,-1,-1
00287,1,2119,1291,173,134,0.99454725,-1,-1,-1
00287,1,321,668,258,167,0.98726857,-1,-1,-1
00287,1,1560,1369,502,478,0.98228765,-1,-1,-1
00287,1,1689,1152,271,164,0.9732212,-1,-1,-1
00287,1,173,627,219,127,0.7971439,-1,-1,-1
00288,1,2092,1283,189,134,0.99089664,-1,-1,-1
00288,1,321,668,258,167,0.9869964,-1,-1,-1
00288,1,1689,1153,271,163,0.9726055,-1,-1,-1
00288,1,1561,1357,501,487,0.95472944,-1,-1,-1
00288,1,173,627,219,127,0.7984696,-1,-1,-1
00289,1,321,667,259,168,0.98678684,-1,-1,-1
00289,1,2068,1279,183,130,0.982742,-1,-1,-1
00289,1,1564,1370,492,479,0.9796394,-1,-1,-1
00289,1,1689,1153,272,163,0.97285956,-1,-1,-1
00289,1,173,627,219,127,0.802301,-1,-1,-1
00290,1,2039,1275,192,127,0.9882307,-1,-1,-1
00290,1,321,667,259,168,0.98686767,-1,-1,-1
00290,1,1564,1371,490,477,0.9811509,-1,-1,-1
00290,1,1689,1153,271,163,0.9735888,-1,-1,-1
00290,1,173,627,219,127,0.80127937,-1,-1,-1
00291,1,2022,1264,210,142,0.9965127,-1,-1,-1
00291,1,321,667,259,168,0.98714125,-1,-1,-1
00291,1,1690,1153,271,163,0.973504,-1,-1,-1
00291,1,1562,1357,497,486,0.95977837,-1,-1,-1
00291,1,173,627,219,127,0.797655,-1,-1,-1
00292,1,1983,1267,226,134,0.98910064,-1,-1,-1
00292,1,321,667,259,168,0.98735017,-1,-1,-1
00292,1,1690,1153,270,163,0.9709637,-1,-1,-1
00292,1,1562,1358,495,486,0.9643332,-1,-1,-1
00292,1,173,627,219,127,0.799109,-1,-1,-1
00293,1,1969,1254,215,145,0.9963393,-1,-1,-1
00293,1,326,665,239,169,0.9854049,-1,-1,-1
00293,1,1690,1154,270,161,0.9668761,-1,-1,-1
00293,1,1567,1346,493,499,0.95616734,-1,-1,-1
00293,1,0,1352,614,569,0.91570455,-1,-1,-1
00293,1,174,625,217,129,0.8021632,-1,-1,-1
00294,1,1932,1251,233,143,0.9919201,-1,-1,-1
00294,1,325,665,240,169,0.9853166,-1,-1,-1
00294,1,1693,1154,267,162,0.9647655,-1,-1,-1
00294,1,1568,1348,490,496,0.954558,-1,-1,-1
00294,1,0,1294,882,627,0.95000535,-1,-1,-1
00294,1,174,625,216,129,0.80611485,-1,-1,-1
00295,1,1903,1238,232,154,0.9885937,-1,-1,-1
00295,1,326,665,240,169,0.9854333,-1,-1,-1
00295,1,0,1174,1044,747,0.97973263,-1,-1,-1
00295,1,1699,1153,252,166,0.97607714,-1,-1,-1
00295,1,1566,1345,493,500,0.9505366,-1,-1,-1
00295,1,174,625,217,129,0.809806,-1,-1,-1
00296,1,326,665,239,169,0.98540735,-1,-1,-1
00296,1,1878,1230,237,153,0.97299284,-1,-1,-1
00296,1,1698,1151,240,161,0.9673661,-1,-1,-1
00296,1,0,1239,1122,660,0.96607614,-1,-1,-1
00296,1,1567,1345,496,499,0.9460627,-1,-1,-1
00296,1,174,625,217,129,0.810984,-1,-1,-1
00297,1,134,1231,1103,602,0.99293786,-1,-1,-1
00297,1,326,665,239,169,0.98579025,-1,-1,-1
00297,1,1843,1226,245,150,0.9730425,-1,-1,-1
00297,1,1697,1152,242,162,0.9590521,-1,-1,-1
00297,1,1562,1355,498,484,0.95182985,-1,-1,-1
00297,1,174,625,217,129,0.80978376,-1,-1,-1
00298,1,431,1161,845,620,0.9857861,-1,-1,-1
00298,1,326,665,239,169,0.9856793,-1,-1,-1
00298,1,1809,1216,251,158,0.96052194,-1,-1,-1
00298,1,1561,1353,498,486,0.94360703,-1,-1,-1
00298,1,1698,1149,222,159,0.8315173,-1,-1,-1
00298,1,174,625,217,129,0.81120646,-1,-1,-1
00299,1,618,1199,765,517,0.98596907,-1,-1,-1
00299,1,326,665,239,169,0.98576176,-1,-1,-1
00299,1,1771,1210,259,161,0.9829322,-1,-1,-1
00299,1,1560,1353,501,483,0.94652134,-1,-1,-1
00299,1,174,625,217,129,0.81273997,-1,-1,-1
00299,1,1699,1152,225,142,0.80485195,-1,-1,-1
00300,1,326,665,239,169,0.9855143,-1,-1,-1
00300,1,773,1194,705,500,0.98307896,-1,-1,-1
00300,1,1751,1208,257,161,0.97294194,-1,-1,-1
00300,1,1560,1352,499,484,0.9524611,-1,-1,-1
00300,1,174,625,217,129,0.81280136,-1,-1,-1
00300,1,2468,1342,93,124,0.76613826,-1,-1,-1
00301,1,326,664,240,171,0.9853823,-1,-1,-1
00301,1,901,1214,628,446,0.97874445,-1,-1,-1
00301,1,1563,1353,496,482,0.96439624,-1,-1,-1
00301,1,1702,1183,289,174,0.95241374,-1,-1,-1
00301,1,174,626,217,127,0.81263745,-1,-1,-1
00301,1,2451,1345,110,122,0.79664415,-1,-1,-1
00302,1,1564,1376,499,468,0.9901608,-1,-1,-1
00302,1,326,665,240,170,0.9855966,-1,-1,-1
00302,1,1009,1216,599,418,0.97286993,-1,-1,-1
00302,1,1664,1162,292,194,0.9715542,-1,-1,-1
00302,1,174,626,217,127,0.8137786,-1,-1,-1
00302,1,2441,1340,120,126,0.788995,-1,-1,-1
00303,1,308,672,269,166,0.9826466,-1,-1,-1
00303,1,1551,1366,529,479,0.9752906,-1,-1,-1
00303,1,1639,1167,309,188,0.9742221,-1,-1,-1
00303,1,1116,1217,547,400,0.9707009,-1,-1,-1
00303,1,2425,1341,136,121,0.84157497,-1,-1,-1
00303,1,174,626,218,128,0.823293,-1,-1,-1
00304,1,308,672,269,166,0.98243,-1,-1,-1
00304,1,1552,1365,534,483,0.9717981,-1,-1,-1
00304,1,1609,1165,281,188,0.9606477,-1,-1,-1
00304,1,2409,1341,152,122,0.94429195,-1,-1,-1
00304,1,1214,1226,504,353,0.9007998,-1,-1,-1
00304,1,174,626,218,128,0.81954056,-1,-1,-1
00305,1,308,672,269,166,0.98241895,-1,-1,-1
00305,1,1555,1366,531,479,0.97702074,-1,-1,-1
00305,1,1729,1163,230,164,0.94195133,-1,-1,-1
00305,1,2395,1343,153,120,0.87148756,-1,-1,-1
00305,1,174,626,218,128,0.8228711,-1,-1,-1
00305,1,1544,1167,308,186,0.7895257,-1,-1,-1
00305,1,1289,1235,454,337,0.73210037,-1,-1,-1
00306,1,1726,1162,231,167,0.9875037,-1,-1,-1
00306,1,308,672,269,166,0.98237026,-1,-1,-1
00306,1,1560,1356,513,489,0.97389853,-1,-1,-1
00306,1,2385,1338,150,122,0.9566351,-1,-1,-1
00306,1,1503,1156,340,189,0.92450243,-1,-1,-1
00306,1,174,627,218,127,0.82164586,-1,-1,-1
00306,1,1353,1230,451,329,0.76779884,-1,-1,-1
00307,1,308,672,269,166,0.982068,-1,-1,-1
00307,1,1551,1359,530,485,0.97759205,-1,-1,-1
00307,1,1721,1153,229,176,0.97716504,-1,-1,-1
00307,1,2370,1337,150,121,0.9723036,-1,-1,-1
00307,1,1452,1142,359,198,0.9537831,-1,-1,-1
00307,1,1418,1248,403,265,0.9068228,-1,-1,-1
00307,1,174,627,217,126,0.82661045,-1,-1,-1
00308,1,308,672,269,166,0.98184115,-1,-1,-1
00308,1,1550,1361,533,491,0.97768927,-1,-1,-1
00308,1,2359,1340,141,114,0.9683964,-1,-1,-1
00308,1,1687,1156,268,164,0.9477204,-1,-1,-1
00308,1,1478,1256,402,259,0.8867302,-1,-1,-1
00308,1,1408,1138,322,184,0.8498017,-1,-1,-1
00308,1,174,627,217,126,0.8280528,-1,-1,-1
00309,1,308,672,269,166,0.9818149,-1,-1,-1
00309,1,2339,1334,146,121,0.98116046,-1,-1,-1
00309,1,1547,1361,537,495,0.97450453,-1,-1,-1
00309,1,1343,1126,368,208,0.9606592,-1,-1,-1
00309,1,1690,1154,266,169,0.9434395,-1,-1,-1
00309,1,1556,1248,368,249,0.92307585,-1,-1,-1
00309,1,174,627,217,126,0.8318146,-1,-1,-1
00310,1,2319,1328,156,120,0.9886995,-1,-1,-1
00310,1,308,672,269,166,0.98216265,-1,-1,-1
00310,1,1278,1125,381,212,0.96503806,-1,-1,-1
00310,1,1556,1361,516,493,0.9602806,-1,-1,-1
00310,1,1699,1155,253,178,0.940802,-1,-1,-1
00310,1,174,627,217,126,0.8322937,-1,-1,-1
00310,1,1594,1258,373,241,0.81403404,-1,-1,-1
00311,1,1234,1120,377,216,0.98585725,-1,-1,-1
00311,1,2303,1321,153,125,0.98534137,-1,-1,-1
00311,1,326,665,237,169,0.9816964,-1,-1,-1
00311,1,1697,1158,265,182,0.97647274,-1,-1,-1
00311,1,1561,1364,495,485,0.9228174,-1,-1,-1
00311,1,174,627,217,126,0.82366514,-1,-1,-1
00311,1,1646,1251,359,249,0.7482667,-1,-1,-1
00312,1,2288,1317,162,124,0.9931292,-1,-1,-1
00312,1,1154,1109,421,231,0.98816097,-1,-1,-1
00312,1,326,665,237,169,0.98140854,-1,-1,-1
00312,1,1708,1154,258,188,0.9679215,-1,-1,-1
00312,1,1548,1370,508,481,0.9196844,-1,-1,-1
00312,1,174,627,217,126,0.8228172,-1,-1,-1
00313,1,2260,1321,169,121,0.99431485,-1,-1,-1
00313,1,1092,1102,439,241,0.9879902,-1,-1,-1
00313,1,311,673,267,165,0.9840342,-1,-1,-1
00313,1,1564,1372,488,478,0.9568231,-1,-1,-1
00313,1,1709,1147,250,190,0.9391967,-1,-1,-1
00313,1,174,625,218,129,0.8031714,-1,-1,-1
00314,1,1019,1092,457,252,0.9892007,-1,-1,-1
00314,1,2235,1320,177,121,0.9864603,-1,-1,-1
00314,1,311,673,267,166,0.9842382,-1,-1,-1
00314,1,1701,1153,259,164,0.9658065,-1,-1,-1
00314,1,1566,1358,499,484,0.9039158,-1,-1,-1
00314,1,174,625,218,129,0.8022594,-1,-1,-1
00315,1,937,1082,496,269,0.98853403,-1,-1,-1
00315,1,311,673,267,166,0.9843688,-1,-1,-1
00315,1,2217,1311,177,128,0.97946495,-1,-1,-1
00315,1,1698,1152,257,163,0.97606575,-1,-1,-1
00315,1,1561,1366,497,478,0.912109,-1,-1,-1
00315,1,174,625,218,130,0.8059025,-1,-1,-1
00315,1,1803,1274,308,227,0.7614321,-1,-1,-1
00316,1,844,1073,534,283,0.98584557,-1,-1,-1
00316,1,311,673,267,166,0.9843046,-1,-1,-1
00316,1,1694,1152,265,163,0.975249,-1,-1,-1
00316,1,1577,1344,485,507,0.944738,-1,-1,-1
00316,1,2197,1311,177,131,0.9154708,-1,-1,-1
00316,1,1841,1290,300,208,0.90931183,-1,-1,-1
00316,1,174,624,218,130,0.8031236,-1,-1,-1
00317,1,745,1060,552,299,0.9860072,-1,-1,-1
00317,1,311,673,267,166,0.98444355,-1,-1,-1
00317,1,1692,1152,267,162,0.9750983,-1,-1,-1
00317,1,1570,1375,472,476,0.9732047,-1,-1,-1
00317,1,2204,1307,156,132,0.9150782,-1,-1,-1
00317,1,174,624,218,131,0.8006494,-1,-1,-1
00317,1,1893,1309,258,200,0.73536074,-1,-1,-1
00318,1,311,673,267,166,0.98436767,-1,-1,-1
00318,1,629,1052,587,315,0.980121,-1,-1,-1
00318,1,1696,1152,260,171,0.97451496,-1,-1,-1
00318,1,1567,1363,482,480,0.91430515,-1,-1,-1
00318,1,174,624,218,131,0.8021405,-1,-1,-1
00318,1,1901,1294,297,211,0.74434835,-1,-1,-1
00319,1,493,1045,646,332,0.9879104,-1,-1,-1
00319,1,312,673,266,166,0.98435044,-1,-1,-1
00319,1,1701,1148,252,175,0.97594017,-1,-1,-1
00319,1,1569,1353,498,501,0.95882714,-1,-1,-1
00319,1,1936,1304,317,198,0.90474176,-1,-1,-1
00319,1,174,624,218,131,0.80021983,-1,-1,-1
00320,1,312,673,266,166,0.98344445,-1,-1,-1
00320,1,358,1033,701,351,0.97775966,-1,-1,-1
00320,1,1690,1154,269,161,0.97423685,-1,-1,-1
00320,1,1575,1347,488,505,0.9663336,-1,-1,-1
00320,1,1965,1305,270,190,0.92782956,-1,-1,-1
00320,1,174,624,218,131,0.796753,-1,-1,-1
00321,1,312,673,266,166,0.98359954,-1,-1,-1
00321,1,189,1017,777,375,0.9744854,-1,-1,-1
00321,1,1690,1154,269,161,0.97413653,-1,-1,-1
00321,1,1567,1372,485,481,0.9736007,-1,-1,-1
00321,1,1990,1299,251,191,0.8084512,-1,-1,-1
00321,1,174,624,218,131,0.79045165,-1,-1,-1
00322,1,312,673,266,166,0.983502,-1,-1,-1
00322,1,1691,1154,269,162,0.9756198,-1,-1,-1
00322,1,1571,1343,489,506,0.9620991,-1,-1,-1
00322,1,28,1005,862,403,0.9554491,-1,-1,-1
00322,1,2035,1322,247,172,0.93621707,-1,-1,-1
00322,1,175,624,217,131,0.7844377,-1,-1,-1
00323,1,326,665,238,170,0.98327214,-1,-1,-1
00323,1,1697,1153,258,169,0.97886604,-1,-1,-1
00323,1,0,992,753,435,0.9723202,-1,-1,-1
00323,1,1573,1347,490,502,0.9681368,-1,-1,-1
00323,1,2063,1326,226,182,0.93776846,-1,-1,-1
00323,1,175,626,217,128,0.801862,-1,-1,-1
00324,1,326,665,237,170,0.9829348,-1,-1,-1
00324,1,1691,1154,268,161,0.97616947,-1,-1,-1
00324,1,1573,1351,488,498,0.97071123,-1,-1,-1
00324,1,2080,1326,225,170,0.9579238,-1,-1,-1
00324,1,0,997,624,433,0.94970894,-1,-1,-1
00324,1,175,626,217,128,0.80784124,-1,-1,-1
00325,1,326,666,237,170,0.98531926,-1,-1,-1
00325,1,2099,1336,218,175,0.98264587,-1,-1,-1
00325,1,1978,1256,201,136,0.9770536,-1,-1,-1
00325,1,1688,1154,272,162,0.97022533,-1,-1,-1
00325,1,1574,1354,491,494,0.967872,-1,-1,-1
00325,1,0,994,460,445,0.90015197,-1,-1,-1
00325,1,175,625,219,129,0.7969585,-1,-1,-1
00326,1,2108,1338,237,179,0.99547654,-1,-1,-1
00326,1,1953,1250,210,146,0.9864094,-1,-1,-1
00326,1,326,666,237,170,0.98580533,-1,-1,-1
00326,1,1690,1154,270,162,0.9634243,-1,-1,-1
00326,1,1564,1360,499,484,0.96132153,-1,-1,-1
00326,1,175,626,219,128,0.80671966,-1,-1,-1
00327,1,2127,1346,233,173,0.98835117,-1,-1,-1
00327,1,326,666,237,170,0.98583096,-1,-1,-1
00327,1,1912,1242,219,149,0.9841352,-1,-1,-1
00327,1,1564,1359,497,485,0.96141386,-1,-1,-1
00327,1,1692,1153,268,163,0.9586458,-1,-1,-1
00327,1,175,626,219,128,0.80652976,-1,-1,-1
00328,1,2167,1354,223,160,0.98828083,-1,-1,-1
00328,1,326,666,237,170,0.98578876,-1,-1,-1
00328,1,1889,1232,218,155,0.97380775,-1,-1,-1
00328,1,1700,1151,244,162,0.9656104,-1,-1,-1
00328,1,1563,1357,499,487,0.95999914,-1,-1,-1
00328,1,175,626,219,128,0.8068324,-1,-1,-1
00329,1,326,666,237,170,0.9857896,-1,-1,-1
00329,1,1846,1225,233,159,0.9800219,-1,-1,-1
00329,1,2176,1347,207,152,0.97503394,-1,-1,-1
00329,1,1562,1357,501,488,0.9582719,-1,-1,-1
00329,1,1690,1146,234,166,0.93041444,-1,-1,-1
00329,1,175,626,219,128,0.80551124,-1,-1,-1
00330,1,1803,1215,243,161,0.9909965,-1,-1,-1
00330,1,326,666,237,170,0.985838,-1,-1,-1
00330,1,1562,1355,500,487,0.95199406,-1,-1,-1
00330,1,2192,1350,209,148,0.9419452,-1,-1,-1
00330,1,1698,1151,226,153,0.8805197,-1,-1,-1
00330,1,175,626,219,128,0.8078069,-1,-1,-1
00331,1,1766,1208,242,167,0.98842645,-1,-1,-1
00331,1,326,666,237,170,0.9857034,-1,-1,-1
00331,1,2207,1356,222,140,0.9691116,-1,-1,-1
00331,1,1561,1355,502,485,0.95877224,-1,-1,-1
00331,1,175,626,219,128,0.8129345,-1,-1,-1
00331,1,1698,1154,226,139,0.79624015,-1,-1,-1
00332,1,326,666,237,170,0.98555726,-1,-1,-1
00332,1,2235,1363,188,134,0.97068655,-1,-1,-1
00332,1,1561,1354,503,486,0.9594762,-1,-1,-1
00332,1,1713,1195,265,178,0.8124876,-1,-1,-1
00332,1,175,626,219,128,0.8083706,-1,-1,-1
00333,1,2252,1360,204,141,0.9886994,-1,-1,-1
00333,1,326,666,238,168,0.98240733,-1,-1,-1
00333,1,1568,1370,499,479,0.9724884,-1,-1,-1
00333,1,1682,1170,275,186,0.893747,-1,-1,-1
00333,1,174,627,218,127,0.8193569,-1,-1,-1
00333,1,1255,918,104,98,0.74274105,-1,-1,-1
00334,1,2269,1358,193,145,0.9894962,-1,-1,-1
00334,1,309,672,269,166,0.9823507,-1,-1,-1
00334,1,1565,1351,507,486,0.9647808,-1,-1,-1
00334,1,1637,1174,298,185,0.8857196,-1,-1,-1
00334,1,174,627,218,128,0.82403034,-1,-1,-1
00334,1,1255,918,103,98,0.72791976,-1,-1,-1
00335,1,2287,1365,184,140,0.98581517,-1,-1,-1
00335,1,309,672,269,166,0.98207885,-1,-1,-1
00335,1,1586,1167,304,185,0.9686705,-1,-1,-1
00335,1,1559,1360,531,485,0.9483239,-1,-1,-1
00335,1,174,627,217,128,0.827074,-1,-1,-1
00335,1,1255,918,103,98,0.72326535,-1,-1,-1
00336,1,2305,1368,179,144,0.99211806,-1,-1,-1
00336,1,309,672,269,166,0.98201436,-1,-1,-1
00336,1,1525,1165,339,186,0.98103404,-1,-1,-1
00336,1,1556,1357,534,489,0.95655274,-1,-1,-1
00336,1,1720,1162,240,160,0.8313251,-1,-1,-1
00336,1,174,627,217,127,0.82666737,-1,-1,-1
00336,1,1255,918,103,98,0.73240834,-1,-1,-1
00337,1,2315,1369,178,144,0.99339586,-1,-1,-1
00337,1,1497,1157,321,185,0.99162614,-1,-1,-1
00337,1,1709,1156,248,171,0.9834872,-1,-1,-1
00337,1,309,671,270,167,0.9815072,-1,-1,-1
00337,1,1557,1340,531,502,0.967504,-1,-1,-1
00337,1,1254,920,100,96,0.8918383,-1,-1,-1
00337,1,173,627,219,127,0.8245814,-1,-1,-1
00338,1,2325,1367,184,149,0.9913775,-1,-1,-1
00338,1,1420,1153,332,192,0.9861136,-1,-1,-1
00338,1,309,671,270,167,0.98145974,-1,-1,-1
00338,1,1697,1152,259,173,0.9777526,-1,-1,-1
00338,1,1553,1340,534,503,0.9647061,-1,-1,-1
00338,1,1255,920,98,96,0.8877597,-1,-1,-1
00338,1,173,627,219,127,0.8243756,-1,-1,-1
00339,1,1364,1146,346,202,0.9925823,-1,-1,-1
00339,1,2349,1372,173,140,0.98863286,-1,-1,-1
00339,1,1692,1152,262,168,0.98780537,-1,-1,-1
00339,1,309,671,270,167,0.9815855,-1,-1,-1
00339,1,1551,1339,536,505,0.96435976,-1,-1,-1
00339,1,1255,920,97,96,0.8691366,-1,-1,-1
00339,1,173,627,219,127,0.82524014,-1,-1,-1
00340,1,2361,1372,171,138,0.99467236,-1,-1,-1
00340,1,1299,1139,359,209,0.9918057,-1,-1,-1
00340,1,1695,1150,262,167,0.98275673,-1,-1,-1
00340,1,309,671,270,167,0.98107237,-1,-1,-1
00340,1,1549,1346,551,504,0.9474772,-1,-1,-1
00340,1,1255,920,97,95,0.83245057,-1,-1,-1
00340,1,173,627,219,127,0.8239494,-1,-1,-1
00341,1,1692,1149,264,170,0.98758614,-1,-1,-1
00341,1,1234,1131,373,218,0.98707354,-1,-1,-1
00341,1,2371,1370,171,146,0.984963,-1,-1,-1
00341,1,309,671,270,167,0.98102516,-1,-1,-1
00341,1,1548,1339,537,505,0.96233886,-1,-1,-1
00341,1,173,627,219,127,0.8226483,-1,-1,-1
00342,1,309,671,270,167,0.9806968,-1,-1,-1
00342,1,1155,1120,399,233,0.98041165,-1,-1,-1
00342,1,1687,1154,270,162,0.97408324,-1,-1,-1
00342,1,2377,1371,172,145,0.9625636,-1,-1,-1
00342,1,1544,1345,557,505,0.9326297,-1,-1,-1
00342,1,173,627,219,127,0.823664,-1,-1,-1
00343,1,2391,1370,170,150,0.9872777,-1,-1,-1
00343,1,327,666,236,168,0.984428,-1,-1,-1
00343,1,1075,1110,427,244,0.9772529,-1,-1,-1
00343,1,1689,1153,269,164,0.9763026,-1,-1,-1
00343,1,1554,1356,526,490,0.95451367,-1,-1,-1
00343,1,173,627,219,128,0.7840552,-1,-1,-1
00344,1,2403,1373,158,147,0.98799264,-1,-1,-1
00344,1,327,666,236,168,0.9843146,-1,-1,-1
00344,1,1691,1152,264,170,0.9761603,-1,-1,-1
00344,1,978,1098,461,264,0.9750336,-1,-1,-1
00344,1,1554,1359,528,486,0.94729674,-1,-1,-1
00344,1,173,627,219,127,0.7858359,-1,-1,-1
00345,1,327,666,236,168,0.984271,-1,-1,-1
00345,1,2413,1378,148,140,0.982241,-1,-1,-1
00345,1,873,1087,498,284,0.97887003,-1,-1,-1
00345,1,1689,1153,270,163,0.9745978,-1,-1,-1
00345,1,1562,1356,507,482,0.94276184,-1,-1,-1
00345,1,173,627,219,127,0.78704566,-1,-1,-1
00346,1,327,666,237,168,0.983761,-1,-1,-1
00346,1,1565,1371,495,478,0.97963536,-1,-1,-1
00346,1,1690,1153,270,163,0.9752729,-1,-1,-1
00346,1,2429,1371,132,142,0.94234157,-1,-1,-1
00346,1,763,1080,504,302,0.91772294,-1,-1,-1
00346,1,173,627,219,127,0.8028213,-1,-1,-1
00347,1,327,666,237,169,0.9840693,-1,-1,-1
00347,1,1565,1371,495,478,0.9776398,-1,-1,-1
00347,1,1692,1152,263,170,0.97518903,-1,-1,-1
00347,1,614,1071,568,317,0.94796634,-1,-1,-1
00347,1,2441,1369,120,147,0.91802907,-1,-1,-1
00347,1,173,627,219,127,0.80096817,-1,-1,-1
00348,1,327,666,237,169,0.9838688,-1,-1,-1
00348,1,1565,1371,495,479,0.9767457,-1,-1,-1
00348,1,1691,1152,265,170,0.9755878,-1,-1,-1
00348,1,442,1052,620,363,0.97110695,-1,-1,-1
00348,1,2444,1367,117,149,0.92899495,-1,-1,-1
00348,1,173,627,219,127,0.8055833,-1,-1,-1
00349,1,327,665,236,169,0.98329514,-1,-1,-1
00349,1,1690,1152,265,170,0.97836626,-1,-1,-1
00349,1,228,1049,746,380,0.95668966,-1,-1,-1
00349,1,1572,1352,496,499,0.9527374,-1,-1,-1
00349,1,2453,1374,108,137,0.8381539,-1,-1,-1
00349,1,173,627,218,127,0.81396884,-1,-1,-1
00350,1,327,665,236,169,0.98281324,-1,-1,-1
00350,1,1690,1152,265,170,0.97851586,-1,-1,-1
00350,1,1572,1353,496,497,0.95124227,-1,-1,-1
00350,1,0,1031,856,421,0.94072115,-1,-1,-1
00350,1,173,627,218,127,0.8118883,-1,-1,-1
00350,1,2458,1377,103,135,0.7204294,-1,-1,-1
00351,1,327,665,236,169,0.98349875,-1,-1,-1
00351,1,1690,1152,264,170,0.97861356,-1,-1,-1
00351,1,0,1023,709,458,0.95484966,-1,-1,-1
00351,1,1572,1352,496,497,0.9516325,-1,-1,-1
00351,1,173,627,218,127,0.81225914,-1,-1,-1
00352,1,327,665,236,169,0.9826074,-1,-1,-1
00352,1,1690,1152,264,170,0.97748154,-1,-1,-1
00352,1,1572,1351,496,498,0.95450574,-1,-1,-1
00352,1,0,997,539,474,0.87786126,-1,-1,-1
00352,1,173,627,218,127,0.81263906,-1,-1,-1
00353,1,308,671,271,168,0.98452616,-1,-1,-1
00353,1,1688,1153,268,169,0.9798126,-1,-1,-1
00353,1,1562,1353,509,487,0.947434,-1,-1,-1
00353,1,174,627,218,127,0.80630386,-1,-1,-1
00354,1,326,665,238,170,0.98404515,-1,-1,-1
00354,1,1688,1153,268,169,0.9789578,-1,-1,-1
00354,1,1562,1353,508,487,0.94570994,-1,-1,-1
00354,1,175,627,217,127,0.7988414,-1,-1,-1
00355,1,326,665,238,170,0.9839208,-1,-1,-1
00355,1,1688,1153,268,169,0.97868216,-1,-1,-1
00355,1,1562,1353,507,486,0.9450429,-1,-1,-1
00355,1,174,627,219,127,0.80509806,-1,-1,-1
00356,1,326,665,238,170,0.9834168,-1,-1,-1
00356,1,1689,1153,267,170,0.97840923,-1,-1,-1
00356,1,1563,1353,507,486,0.94403297,-1,-1,-1
00356,1,174,627,218,127,0.804539,-1,-1,-1
00357,1,308,672,271,167,0.9829578,-1,-1,-1
00357,1,1689,1153,267,169,0.97885746,-1,-1,-1
00357,1,1564,1366,498,485,0.9777215,-1,-1,-1
00357,1,175,627,217,127,0.8003709,-1,-1,-1
00358,1,308,672,271,167,0.9833418,-1,-1,-1
00358,1,1689,1153,267,169,0.97958714,-1,-1,-1
00358,1,1565,1367,496,484,0.977091,-1,-1,-1
00358,1,175,627,217,127,0.8043218,-1,-1,-1
00359,1,309,672,270,167,0.98299164,-1,-1,-1
00359,1,1689,1153,267,169,0.9793962,-1,-1,-1
00359,1,1565,1368,496,483,0.9771243,-1,-1,-1
00359,1,175,627,217,127,0.8072736,-1,-1,-1
00360,1,309,672,270,167,0.98294234,-1,-1,-1
00360,1,1689,1153,267,169,0.978909,-1,-1,-1
00360,1,1565,1368,496,483,0.97687954,-1,-1,-1
00360,1,175,627,217,127,0.8077307,-1,-1,-1
00361,1,309,672,271,168,0.98405474,-1,-1,-1
00361,1,1688,1153,269,169,0.9768256,-1,-1,-1
00361,1,1561,1353,510,487,0.9445615,-1,-1,-1
00361,1,175,627,217,127,0.8033667,-1,-1,-1
00362,1,309,672,270,168,0.98406166,-1,-1,-1
00362,1,1689,1153,268,169,0.97714764,-1,-1,-1
00362,1,1561,1352,511,487,0.9431735,-1,-1,-1
00362,1,175,627,217,127,0.79832864,-1,-1,-1
00363,1,309,672,270,168,0.98380893,-1,-1,-1
00363,1,1689,1153,268,169,0.97773963,-1,-1,-1
00363,1,1561,1352,511,487,0.9428999,-1,-1,-1
00363,1,175,627,217,127,0.80149174,-1,-1,-1
00364,1,309,672,271,168,0.9836874,-1,-1,-1
00364,1,1689,1153,268,169,0.9775532,-1,-1,-1
00364,1,1561,1352,512,487,0.9419342,-1,-1,-1
00364,1,175,627,217,127,0.8022257,-1,-1,-1
00365,1,308,672,272,168,0.98371416,-1,-1,-1
00365,1,1689,1153,268,169,0.9774754,-1,-1,-1
00365,1,1562,1352,511,487,0.9419543,-1,-1,-1
00365,1,174,627,218,127,0.80448955,-1,-1,-1
00366,1,308,672,272,168,0.9837496,-1,-1,-1
00366,1,1689,1153,268,169,0.97729367,-1,-1,-1
00366,1,1562,1352,511,487,0.9383898,-1,-1,-1
00366,1,174,627,218,127,0.8023458,-1,-1,-1
00367,1,308,672,271,168,0.983928,-1,-1,-1
00367,1,1689,1153,268,169,0.97696584,-1,-1,-1
00367,1,1561,1353,512,486,0.93816596,-1,-1,-1
00367,1,174,627,218,127,0.80228347,-1,-1,-1
00368,1,308,672,271,168,0.98409903,-1,-1,-1
00368,1,1689,1153,268,169,0.9767625,-1,-1,-1
00368,1,1561,1353,512,486,0.9378737,-1,-1,-1
00368,1,174,627,218,127,0.80300593,-1,-1,-1
00369,1,308,672,271,168,0.98401743,-1,-1,-1
00369,1,1689,1153,268,169,0.9764925,-1,-1,-1
00369,1,1561,1353,512,486,0.93894005,-1,-1,-1
00369,1,174,627,218,127,0.8016413,-1,-1,-1
00370,1,309,672,270,168,0.9840329,-1,-1,-1
00370,1,1689,1153,268,169,0.97646195,-1,-1,-1
00370,1,1561,1353,512,487,0.9386233,-1,-1,-1
00370,1,174,627,218,127,0.8056779,-1,-1,-1
00371,1,309,672,270,168,0.9839257,-1,-1,-1
00371,1,1689,1153,268,169,0.97655565,-1,-1,-1
00371,1,1561,1353,512,486,0.9416378,-1,-1,-1
00371,1,174,627,218,127,0.8032426,-1,-1,-1
00372,1,309,672,270,168,0.98416036,-1,-1,-1
00372,1,1689,1153,268,169,0.9764613,-1,-1,-1
00372,1,1561,1352,512,487,0.9405256,-1,-1,-1
00372,1,174,627,218,127,0.8037608,-1,-1,-1
00373,1,308,671,272,169,0.98386484,-1,-1,-1
00373,1,1688,1153,270,169,0.97949183,-1,-1,-1
00373,1,1560,1352,512,487,0.93707055,-1,-1,-1
00373,1,175,627,216,127,0.8134879,-1,-1,-1
00374,1,308,671,272,169,0.9837219,-1,-1,-1
00374,1,1688,1153,270,169,0.97940356,-1,-1,-1
00374,1,1560,1352,512,487,0.9370018,-1,-1,-1
00374,1,175,627,217,127,0.8118363,-1,-1,-1
00375,1,308,672,272,168,0.98383707,-1,-1,-1
00375,1,1688,1153,270,169,0.9790285,-1,-1,-1
00375,1,1560,1352,513,486,0.9354632,-1,-1,-1
00375,1,175,627,217,127,0.812607,-1,-1,-1
00376,1,308,672,271,168,0.98474926,-1,-1,-1
00376,1,1688,1153,270,169,0.979045,-1,-1,-1
00376,1,1560,1352,513,486,0.9349429,-1,-1,-1
00376,1,175,627,216,127,0.80824876,-1,-1,-1
00377,1,308,672,271,168,0.98468196,-1,-1,-1
00377,1,1688,1153,270,169,0.9790254,-1,-1,-1
00377,1,1560,1352,513,486,0.9361056,-1,-1,-1
00377,1,175,627,217,127,0.80965525,-1,-1,-1
00378,1,308,672,271,168,0.98487663,-1,-1,-1
00378,1,1688,1153,270,169,0.97888637,-1,-1,-1
00378,1,1560,1352,512,486,0.9371307,-1,-1,-1
00378,1,175,627,217,127,0.8160598,-1,-1,-1
00379,1,309,672,269,167,0.98734206,-1,-1,-1
00379,1,1687,1152,268,170,0.9786618,-1,-1,-1
00379,1,0,844,351,457,0.97197515,-1,-1,-1
00379,1,1560,1351,510,486,0.9282989,-1,-1,-1
00379,1,175,627,216,128,0.82438123,-1,-1,-1
00380,1,310,672,268,167,0.985629,-1,-1,-1
00380,1,0,825,432,483,0.9826148,-1,-1,-1
00380,1,1687,1152,268,170,0.97916335,-1,-1,-1
00380,1,1561,1352,510,486,0.9297765,-1,-1,-1
00380,1,176,627,215,128,0.8145499,-1,-1,-1
00381,1,311,671,267,168,0.98494416,-1,-1,-1
00381,1,0,833,500,503,0.9836802,-1,-1,-1
00381,1,1687,1152,268,170,0.9789296,-1,-1,-1
00381,1,1561,1351,510,487,0.9304702,-1,-1,-1
00381,1,176,627,216,129,0.7836217,-1,-1,-1
00382,1,0,835,596,489,0.98720413,-1,-1,-1
00382,1,312,671,267,168,0.9861458,-1,-1,-1
00382,1,1686,1152,270,170,0.98024464,-1,-1,-1
00382,1,1561,1351,509,487,0.93308336,-1,-1,-1
00382,1,176,627,215,129,0.80506074,-1,-1,-1
00383,1,313,671,265,169,0.9872005,-1,-1,-1
00383,1,1686,1152,270,170,0.9803257,-1,-1,-1
00383,1,0,821,682,517,0.9702828,-1,-1,-1
00383,1,1561,1352,510,486,0.93361706,-1,-1,-1
00383,1,176,628,215,128,0.826052,-1,-1,-1
00384,1,312,671,265,169,0.9890484,-1,-1,-1
00384,1,1686,1152,270,170,0.98031676,-1,-1,-1
00384,1,6,828,732,511,0.94920665,-1,-1,-1
00384,1,1561,1352,510,486,0.93537045,-1,-1,-1
00384,1,176,627,215,128,0.818438,-1,-1,-1
00385,1,312,671,265,168,0.9884984,-1,-1,-1
00385,1,0,848,824,491,0.9816444,-1,-1,-1
00385,1,1687,1151,267,171,0.98017853,-1,-1,-1
00385,1,1561,1366,502,488,0.969401,-1,-1,-1
00385,1,175,626,217,129,0.79106414,-1,-1,-1
00386,1,312,671,265,168,0.9885057,-1,-1,-1
00386,1,1687,1151,267,171,0.9802453,-1,-1,-1
00386,1,0,867,890,487,0.97976214,-1,-1,-1
00386,1,1562,1366,501,488,0.972023,-1,-1,-1
00386,1,175,626,217,129,0.77509797,-1,-1,-1
00387,1,311,671,266,168,0.98711336,-1,-1,-1
00387,1,74,893,909,464,0.9847467,-1,-1,-1
00387,1,1687,1151,267,171,0.9806076,-1,-1,-1
00387,1,1562,1365,502,489,0.9728166,-1,-1,-1
00387,1,175,627,217,128,0.78889894,-1,-1,-1
00388,1,158,902,890,464,0.98785967,-1,-1,-1
00388,1,311,671,266,168,0.9862439,-1,-1,-1
00388,1,1687,1151,267,171,0.9804206,-1,-1,-1
00388,1,1563,1365,501,489,0.97305244,-1,-1,-1
00388,1,175,627,217,128,0.78458744,-1,-1,-1
00389,1,320,666,258,169,0.9873281,-1,-1,-1
00389,1,269,943,823,430,0.98537886,-1,-1,-1
00389,1,1689,1153,267,170,0.97924757,-1,-1,-1
00389,1,1563,1364,491,490,0.97503555,-1,-1,-1
00389,1,173,627,217,128,0.7742854,-1,-1,-1
00390,1,320,667,258,168,0.987559,-1,-1,-1
00390,1,341,939,825,447,0.97976905,-1,-1,-1
00390,1,1687,1153,274,163,0.9777259,-1,-1,-1
00390,1,1563,1364,491,490,0.97642833,-1,-1,-1
00390,1,173,627,217,128,0.76586807,-1,-1,-1
00391,1,320,667,258,168,0.98700976,-1,-1,-1
00391,1,434,952,796,439,0.9846736,-1,-1,-1
00391,1,1687,1153,275,164,0.9774785,-1,-1,-1
00391,1,1559,1350,505,488,0.94070417,-1,-1,-1
00391,1,173,627,217,128,0.76481646,-1,-1,-1
00392,1,510,975,756,401,0.98783946,-1,-1,-1
00392,1,319,668,259,167,0.9865471,-1,-1,-1
00392,1,1687,1153,274,164,0.97738236,-1,-1,-1
00392,1,1559,1350,504,488,0.94239444,-1,-1,-1
00392,1,173,627,218,128,0.7631044,-1,-1,-1
00393,1,605,983,715,391,0.9891422,-1,-1,-1
00393,1,319,667,259,168,0.9869468,-1,-1,-1
00393,1,1687,1153,274,164,0.9778372,-1,-1,-1
00393,1,1559,1350,505,487,0.94128525,-1,-1,-1
00393,1,173,627,218,128,0.75892323,-1,-1,-1
00394,1,319,668,260,167,0.98632264,-1,-1,-1
00394,1,687,1012,710,381,0.9852385,-1,-1,-1
00394,1,1687,1154,274,163,0.97878224,-1,-1,-1
00394,1,1560,1350,503,487,0.94044137,-1,-1,-1
00394,1,173,627,218,128,0.7611311,-1,-1,-1
00395,1,735,1018,714,395,0.9883107,-1,-1,-1
00395,1,319,668,260,167,0.9865382,-1,-1,-1
00395,1,1687,1153,274,164,0.97816056,-1,-1,-1
00395,1,1560,1350,504,487,0.94063896,-1,-1,-1
00395,1,173,627,218,128,0.7619387,-1,-1,-1
00396,1,846,1025,638,373,0.98600096,-1,-1,-1
00396,1,326,665,239,171,0.9814773,-1,-1,-1
00396,1,1687,1153,274,164,0.9775753,-1,-1,-1
00396,1,1560,1350,504,487,0.94478124,-1,-1,-1
00396,1,173,627,218,128,0.7590774,-1,-1,-1
00397,1,318,667,261,168,0.9867534,-1,-1,-1
00397,1,910,1051,612,360,0.9802491,-1,-1,-1
00397,1,1688,1153,274,163,0.978165,-1,-1,-1
00397,1,1553,1370,499,488,0.96453065,-1,-1,-1
00397,1,173,627,219,128,0.77407104,-1,-1,-1
00398,1,318,667,260,168,0.98686963,-1,-1,-1
00398,1,1695,1151,263,169,0.9814983,-1,-1,-1
00398,1,984,1054,582,357,0.9791591,-1,-1,-1
00398,1,1553,1371,500,484,0.9627247,-1,-1,-1
00398,1,173,627,219,128,0.77539355,-1,-1,-1
00399,1,319,668,258,166,0.98855025,-1,-1,-1
00399,1,1567,1371,493,473,0.9879211,-1,-1,-1
00399,1,1701,1149,260,169,0.98281306,-1,-1,-1
00399,1,1055,1065,566,344,0.97966355,-1,-1,-1
00399,1,173,626,220,129,0.77007014,-1,-1,-1
00400,1,319,668,258,166,0.98848933,-1,-1,-1
00400,1,1697,1152,258,169,0.98831475,-1,-1,-1
00400,1,1568,1372,494,470,0.98569334,-1,-1,-1
00400,1,1123,1078,531,329,0.9732539,-1,-1,-1
00400,1,173,626,220,129,0.7691445,-1,-1,-1
00401,1,319,668,258,166,0.9885272,-1,-1,-1
00401,1,1568,1372,494,472,0.9851655,-1,-1,-1
00401,1,1702,1152,256,167,0.9836178,-1,-1,-1
00401,1,1195,1085,504,336,0.9743362,-1,-1,-1
00401,1,173,626,220,129,0.76882243,-1,-1,-1
00402,1,319,668,259,166,0.98858464,-1,-1,-1
00402,1,1567,1371,495,478,0.9826377,-1,-1,-1
00402,1,1262,1105,489,305,0.97028255,-1,-1,-1
00402,1,1704,1152,251,169,0.96174675,-1,-1,-1
00402,1,173,626,220,129,0.7735822,-1,-1,-1
00403,1,319,668,258,166,0.9886236,-1,-1,-1
00403,1,1566,1351,517,494,0.96161026,-1,-1,-1
00403,1,1719,1150,234,176,0.94987786,-1,-1,-1
00403,1,1317,1107,472,305,0.9420896,-1,-1,-1
00403,1,173,626,220,129,0.77110064,-1,-1,-1
00404,1,319,668,259,166,0.9885234,-1,-1,-1
00404,1,1569,1378,489,474,0.98243606,-1,-1,-1
00404,1,1386,1119,446,297,0.9744555,-1,-1,-1
00404,1,1709,1159,244,159,0.93749285,-1,-1,-1
00404,1,173,626,220,129,0.77599424,-1,-1,-1
00405,1,319,668,259,166,0.9884744,-1,-1,-1
00405,1,1570,1377,490,479,0.9810089,-1,-1,-1
00405,1,1432,1134,432,287,0.97738963,-1,-1,-1
00405,1,1722,1154,227,163,0.8590841,-1,-1,-1
00405,1,1259,920,103,98,0.7826758,-1,-1,-1
00405,1,173,626,220,129,0.77481997,-1,-1,-1
00406,1,319,667,259,167,0.98842657,-1,-1,-1
00406,1,1568,1376,490,481,0.97300345,-1,-1,-1
00406,1,1502,1145,411,284,0.9475527,-1,-1,-1
00406,1,1259,919,104,100,0.8161112,-1,-1,-1
00406,1,173,626,220,129,0.77111554,-1,-1,-1
00407,1,319,667,259,167,0.9884439,-1,-1,-1
00407,1,1562,1358,509,487,0.9615359,-1,-1,-1
00407,1,1526,1143,415,300,0.92525744,-1,-1,-1
00407,1,1259,919,105,101,0.7818394,-1,-1,-1
00407,1,173,626,220,129,0.7717545,-1,-1,-1
00408,1,319,667,259,167,0.9884687,-1,-1,-1
00408,1,1571,1380,486,470,0.96397704,-1,-1,-1
00408,1,1566,1152,400,296,0.92866266,-1,-1,-1
00408,1,1259,919,104,100,0.79968137,-1,-1,-1
00408,1,173,626,220,129,0.77162933,-1,-1,-1
00409,1,309,671,270,168,0.9853977,-1,-1,-1
00409,1,1576,1380,480,469,0.95639867,-1,-1,-1
00409,1,1616,1158,378,291,0.873266,-1,-1,-1
00409,1,174,628,218,126,0.8287011,-1,-1,-1
00410,1,309,671,270,168,0.9851273,-1,-1,-1
00410,1,1573,1381,479,471,0.9678761,-1,-1,-1
00410,1,1671,1171,369,283,0.92692643,-1,-1,-1
00410,1,174,628,218,126,0.8308861,-1,-1,-1
00411,1,309,671,270,168,0.98540664,-1,-1,-1
00411,1,1558,1369,505,477,0.9436064,-1,-1,-1
00411,1,1699,1172,358,286,0.91328615,-1,-1,-1
00411,1,174,627,218,127,0.8308009,-1,-1,-1
00412,1,309,671,270,168,0.98543733,-1,-1,-1
00412,1,1741,1194,350,268,0.95239604,-1,-1,-1
00412,1,1568,1381,478,474,0.9523063,-1,-1,-1
00412,1,174,627,218,127,0.83344334,-1,-1,-1
00413,1,309,671,270,168,0.9853496,-1,-1,-1
00413,1,1775,1198,342,271,0.96130294,-1,-1,-1
00413,1,1558,1362,503,475,0.911731,-1,-1,-1
00413,1,1690,1152,211,141,0.87136626,-1,-1,-1
00413,1,174,627,218,127,0.8330223,-1,-1,-1
00414,1,309,671,270,168,0.9851265,-1,-1,-1
00414,1,1820,1221,307,240,0.95179886,-1,-1,-1
00414,1,1567,1349,493,491,0.9295388,-1,-1,-1
00414,1,1696,1151,224,153,0.91915387,-1,-1,-1
00414,1,174,627,218,127,0.82905555,-1,-1,-1
00415,1,309,671,270,168,0.9853231,-1,-1,-1
00415,1,1698,1155,240,152,0.97457415,-1,-1,-1
00415,1,1873,1231,270,236,0.94797426,-1,-1,-1
00415,1,1560,1360,507,481,0.9354563,-1,-1,-1
00415,1,174,627,218,127,0.8313943,-1,-1,-1
00416,1,309,671,270,168,0.9856286,-1,-1,-1
00416,1,1697,1152,249,164,0.9736848,-1,-1,-1
00416,1,1911,1235,258,233,0.9600726,-1,-1,-1
00416,1,1566,1355,500,493,0.9478106,-1,-1,-1
00416,1,174,627,218,127,0.8314519,-1,-1,-1
00417,1,309,671,270,168,0.9853764,-1,-1,-1
00417,1,1924,1247,278,210,0.9647642,-1,-1,-1
00417,1,1691,1155,270,161,0.9574289,-1,-1,-1
00417,1,1559,1355,504,488,0.93791693,-1,-1,-1
00417,1,174,627,218,127,0.8298917,-1,-1,-1
00418,1,309,671,270,168,0.98522437,-1,-1,-1
00418,1,1565,1373,488,481,0.9716105,-1,-1,-1
00418,1,1954,1249,257,217,0.96207696,-1,-1,-1
00418,1,1689,1155,273,161,0.9603857,-1,-1,-1
00418,1,174,627,218,127,0.8308302,-1,-1,-1
