00001,1,1195,254,255,178,0.99676883,-1,-1,-1
00001,1,1063,178,187,150,0.98427284,-1,-1,-1
00001,1,1406,133,155,151,0.9821744,-1,-1,-1
00002,1,1169,250,256,181,0.9978719,-1,-1,-1
00002,1,1403,139,155,143,0.987914,-1,-1,-1
00002,1,1061,175,185,151,0.9684009,-1,-1,-1
00002,1,1529,121,248,149,0.72661054,-1,-1,-1
00003,1,1141,246,256,177,0.9967656,-1,-1,-1
00003,1,1406,134,154,150,0.9859491,-1,-1,-1
00003,1,1059,176,185,148,0.9753956,-1,-1,-1
00004,1,1125,242,243,176,0.9914198,-1,-1,-1
00004,1,1405,134,155,150,0.98575157,-1,-1,-1
00005,1,1405,135,155,150,0.9846432,-1,-1,-1
00005,1,1101,240,249,175,0.98119706,-1,-1,-1
00006,1,1076,222,238,188,0.98435646,-1,-1,-1
00006,1,1405,133,154,151,0.98407114,-1,-1,-1
00007,1,1403,139,154,144,0.9897316,-1,-1,-1
00007,1,1052,204,232,193,0.87957263,-1,-1,-1
00007,1,956,145,218,162,0.75354517,-1,-1,-1
00008,1,1403,140,155,142,0.98955053,-1,-1,-1
00008,1,1042,208,218,186,0.96166605,-1,-1,-1
00008,1,963,150,205,154,0.7204986,-1,-1,-1
00009,1,1403,138,155,143,0.98859954,-1,-1,-1
00009,1,1025,194,222,204,0.9649048,-1,-1,-1
00009,1,1113,71,156,121,0.81973773,-1,-1,-1
00010,1,1403,139,156,143,0.9892474,-1,-1,-1
00010,1,1012,191,227,195,0.98148465,-1,-1,-1
00010,1,1108,78,160,115,0.7660135,-1,-1,-1
00011,1,1403,139,156,144,0.98842156,-1,-1,-1
00011,1,986,187,241,197,0.9474877,-1,-1,-1
00011,1,1104,76,164,115,0.7206322,-1,-1,-1
00011,1,1533,120,244,150,0.7195866,-1,-1,-1
00012,1,1403,140,156,142,0.9886358,-1,-1,-1
00012,1,969,185,259,182,0.91511905,-1,-1,-1
00012,1,1109,79,161,112,0.7444768,-1,-1,-1
00013,1,1404,140,155,142,0.9907414,-1,-1,-1
00013,1,972,197,217,162,0.9561738,-1,-1,-1
00013,1,1536,121,240,149,0.81921107,-1,-1,-1
00013,1,1113,83,158,108,0.77642447,-1,-1,-1
00014,1,1404,141,155,141,0.98838603,-1,-1,-1
00014,1,956,192,238,168,0.87516874,-1,-1,-1
00014,1,1110,71,160,121,0.8707915,-1,-1,-1
00014,1,1532,118,252,146,0.8365887,-1,-1,-1
00014,1,1650,336,271,269,0.70479155,-1,-1,-1
00015,1,1404,141,156,141,0.9902924,-1,-1,-1
00015,1,931,195,235,161,0.9581092,-1,-1,-1
00015,1,1119,69,148,123,0.92594707,-1,-1,-1
00015,1,1069,186,184,145,0.8267944,-1,-1,-1
00015,1,1621,336,300,257,0.7767203,-1,-1,-1
00015,1,1532,118,246,152,0.7096355,-1,-1,-1
00016,1,1404,141,156,141,0.99129677,-1,-1,-1
00016,1,1063,186,191,152,0.9785832,-1,-1,-1
00016,1,918,192,221,153,0.9622925,-1,-1,-1
00016,1,1599,322,322,261,0.87937605,-1,-1,-1
00016,1,1106,63,160,135,0.83571035,-1,-1,-1
00017,1,1054,181,200,152,0.9955304,-1,-1,-1
00017,1,1403,141,156,141,0.98904306,-1,-1,-1
00017,1,910,200,213,142,0.959914,-1,-1,-1
00017,1,1561,308,360,284,0.9576559,-1,-1,-1
00017,1,1103,76,164,117,0.7676768,-1,-1,-1
00018,1,1404,140,156,142,0.9914785,-1,-1,-1
00018,1,1071,180,183,152,0.9884433,-1,-1,-1
00018,1,1539,298,382,288,0.984837,-1,-1,-1
00018,1,895,195,205,143,0.96885836,-1,-1,-1
00019,1,1404,139,155,143,0.99084586,-1,-1,-1
00019,1,1507,295,403,287,0.9902947,-1,-1,-1
00019,1,878,191,202,144,0.9766649,-1,-1,-1
00019,1,1061,175,192,157,0.9753612,-1,-1,-1
00019,1,1106,80,163,110,0.79644364,-1,-1,-1
00020,1,1404,139,155,144,0.99097365,-1,-1,-1
00020,1,1065,178,187,155,0.9843349,-1,-1,-1
00020,1,1484,289,381,286,0.98318857,-1,-1,-1
00020,1,866,184,195,138,0.91705847,-1,-1,-1
00020,1,1099,75,168,118,0.7497953,-1,-1,-1
00021,1,1405,137,154,146,0.9897468,-1,-1,-1
00021,1,1050,186,198,144,0.97868276,-1,-1,-1
00021,1,1451,282,383,284,0.9786446,-1,-1,-1
00021,1,849,182,208,137,0.9586493,-1,-1,-1
00021,1,1116,83,153,106,0.77464664,-1,-1,-1
00022,1,1430,275,385,278,0.99140036,-1,-1,-1
00022,1,1404,136,154,147,0.98882455,-1,-1,-1
00022,1,834,174,202,142,0.9830967,-1,-1,-1
00022,1,1049,186,199,143,0.9777208,-1,-1,-1
00022,1,1111,83,160,107,0.8107108,-1,-1,-1
00023,1,1414,274,364,277,0.98927724,-1,-1,-1
00023,1,825,168,198,144,0.98312944,-1,-1,-1
00023,1,1061,178,191,153,0.98089176,-1,-1,-1
00023,1,1406,134,152,151,0.9796999,-1,-1,-1
00023,1,1105,80,166,112,0.8324829,-1,-1,-1
00023,1,1526,119,263,150,0.82297474,-1,-1,-1
00024,1,1403,266,346,266,0.9847164,-1,-1,-1
00024,1,1406,134,152,150,0.9762164,-1,-1,-1
00024,1,812,165,202,149,0.9740795,-1,-1,-1
00024,1,1045,185,214,151,0.9678056,-1,-1,-1
00024,1,1108,81,163,111,0.85224676,-1,-1,-1
00024,1,1513,122,280,149,0.73553646,-1,-1,-1
00025,1,803,172,183,134,0.9945326,-1,-1,-1
00025,1,1405,135,150,148,0.98297876,-1,-1,-1
00025,1,1060,177,192,153,0.981838,-1,-1,-1
00025,1,1368,260,358,271,0.9803643,-1,-1,-1
00025,1,1107,64,163,133,0.85744095,-1,-1,-1
00026,1,791,172,181,133,0.9933409,-1,-1,-1
00026,1,1345,260,355,259,0.9825156,-1,-1,-1
00026,1,1061,179,191,152,0.981743,-1,-1,-1
00026,1,1407,135,151,152,0.9704,-1,-1,-1
00026,1,1115,79,156,113,0.8140756,-1,-1,-1
00026,1,1513,119,280,144,0.7130231,-1,-1,-1
00026,1,956,146,216,157,0.7105549,-1,-1,-1
00027,1,791,165,172,137,0.9880945,-1,-1,-1
00027,1,1326,252,350,262,0.9862468,-1,-1,-1
00027,1,1061,178,192,153,0.981285,-1,-1,-1
00027,1,1406,136,149,148,0.973667,-1,-1,-1
00027,1,1115,79,157,113,0.8203986,-1,-1,-1
00027,1,1531,123,260,138,0.77927047,-1,-1,-1
00028,1,771,166,177,130,0.9929235,-1,-1,-1
00028,1,1061,178,191,153,0.9816784,-1,-1,-1
00028,1,1306,248,340,259,0.98076046,-1,-1,-1
00028,1,1409,135,150,153,0.9705847,-1,-1,-1
00028,1,1113,79,159,113,0.83429545,-1,-1,-1
00029,1,1062,179,190,152,0.984412,-1,-1,-1
00029,1,761,165,167,131,0.9838104,-1,-1,-1
00029,1,1279,247,336,253,0.9836137,-1,-1,-1
00029,1,1408,136,153,152,0.9630348,-1,-1,-1
00029,1,1538,118,252,144,0.80158025,-1,-1,-1
00029,1,1111,77,159,115,0.80112606,-1,-1,-1
00030,1,1259,241,345,252,0.9923481,-1,-1,-1
00030,1,751,160,167,132,0.98983675,-1,-1,-1
00030,1,1062,177,188,153,0.9808748,-1,-1,-1
00030,1,1411,136,149,150,0.96157765,-1,-1,-1
00030,1,1109,75,161,118,0.7953074,-1,-1,-1
00031,1,739,160,168,132,0.99494654,-1,-1,-1
00031,1,1240,238,327,246,0.991252,-1,-1,-1
00031,1,1411,137,149,149,0.963488,-1,-1,-1
00031,1,1056,176,200,163,0.91328275,-1,-1,-1
00031,1,957,145,214,158,0.8186083,-1,-1,-1
00031,1,1111,77,159,115,0.749248,-1,-1,-1
00031,1,1530,116,240,153,0.7105129,-1,-1,-1
00032,1,730,160,163,127,0.99371946,-1,-1,-1
00032,1,1208,235,347,248,0.99179876,-1,-1,-1
00032,1,1412,136,147,149,0.95743763,-1,-1,-1
00032,1,1058,177,199,163,0.9289061,-1,-1,-1
00032,1,1106,76,164,117,0.74666715,-1,-1,-1
00032,1,1529,116,242,155,0.7460046,-1,-1,-1
00033,1,1192,230,340,248,0.99394083,-1,-1,-1
00033,1,1062,175,188,154,0.9791747,-1,-1,-1
00033,1,713,146,160,133,0.9779689,-1,-1,-1
00033,1,1408,136,154,151,0.9540431,-1,-1,-1
00033,1,1534,116,246,151,0.9051292,-1,-1,-1
00033,1,959,145,212,159,0.8512033,-1,-1,-1
00033,1,1110,64,159,133,0.8211064,-1,-1,-1
00034,1,1175,228,331,238,0.98896605,-1,-1,-1
00034,1,1061,174,184,153,0.9754656,-1,-1,-1
00034,1,706,147,159,131,0.9588725,-1,-1,-1
00034,1,1409,134,152,151,0.9237753,-1,-1,-1
00034,1,1111,63,156,133,0.75171643,-1,-1,-1
00035,1,1164,223,311,241,0.9874183,-1,-1,-1
00035,1,1059,175,185,150,0.95876884,-1,-1,-1
00035,1,707,150,154,124,0.9476394,-1,-1,-1
00035,1,1409,135,152,151,0.9469648,-1,-1,-1
00035,1,1518,111,263,152,0.7942658,-1,-1,-1
00036,1,1148,223,305,229,0.98291343,-1,-1,-1
00036,1,696,141,160,131,0.9611409,-1,-1,-1
00036,1,1408,134,152,151,0.95357513,-1,-1,-1
00036,1,1524,117,250,154,0.79453963,-1,-1,-1
00036,1,1055,185,193,143,0.7784955,-1,-1,-1
00037,1,1118,214,307,232,0.9886829,-1,-1,-1
00037,1,1404,135,150,151,0.97638935,-1,-1,-1
00037,1,681,130,158,136,0.88876164,-1,-1,-1
00038,1,1101,206,304,239,0.9902238,-1,-1,-1
00038,1,1405,135,148,151,0.9835118,-1,-1,-1
00038,1,670,142,164,124,0.95317024,-1,-1,-1
00038,1,960,144,215,164,0.81384224,-1,-1,-1
00038,1,1112,71,157,121,0.747323,-1,-1,-1
00039,1,1405,135,148,150,0.9842815,-1,-1,-1
00039,1,1099,198,278,235,0.9676366,-1,-1,-1
00039,1,664,142,161,122,0.9323137,-1,-1,-1
00039,1,959,145,217,162,0.8021738,-1,-1,-1
00040,1,1406,136,147,150,0.9844743,-1,-1,-1
00040,1,1070,190,302,246,0.9750617,-1,-1,-1
00040,1,652,138,160,125,0.9463586,-1,-1,-1
00040,1,1051,190,181,133,0.8718604,-1,-1,-1
00040,1,1529,118,242,153,0.75693023,-1,-1,-1
00040,1,1119,79,145,115,0.7430815,-1,-1,-1
00041,1,1406,136,148,150,0.9839738,-1,-1,-1
00041,1,1069,195,278,236,0.95604855,-1,-1,-1
00041,1,639,122,173,138,0.94428706,-1,-1,-1
00041,1,1528,116,245,155,0.75331557,-1,-1,-1
00042,1,1405,139,153,143,0.98350716,-1,-1,-1
00042,1,1048,203,287,224,0.96691227,-1,-1,-1
00042,1,637,133,157,125,0.92381877,-1,-1,-1
00042,1,1117,74,151,119,0.8334715,-1,-1,-1
00042,1,1534,111,236,157,0.72111744,-1,-1,-1
00043,1,1405,133,157,153,0.97487724,-1,-1,-1
00043,1,630,123,157,131,0.97416806,-1,-1,-1
00043,1,1038,197,288,226,0.9561998,-1,-1,-1
00043,1,1129,71,139,121,0.9182307,-1,-1,-1
00044,1,1406,133,156,152,0.97586536,-1,-1,-1
00044,1,617,122,163,126,0.9508384,-1,-1,-1
00044,1,1014,186,292,236,0.9500981,-1,-1,-1
00044,1,1142,75,128,116,0.7928271,-1,-1,-1
00045,1,989,176,299,236,0.99156415,-1,-1,-1
00045,1,1406,133,156,152,0.97611743,-1,-1,-1
00045,1,1130,72,139,119,0.95048726,-1,-1,-1
00045,1,620,127,152,121,0.94364893,-1,-1,-1
00045,1,1533,117,249,151,0.81438583,-1,-1,-1
00046,1,1405,133,156,151,0.9771209,-1,-1,-1
00046,1,981,173,297,236,0.97467434,-1,-1,-1
00046,1,616,126,147,120,0.9163308,-1,-1,-1
00046,1,1120,83,150,109,0.8151406,-1,-1,-1
00047,1,1406,134,155,151,0.97942924,-1,-1,-1
00047,1,983,187,278,221,0.95038766,-1,-1,-1
00047,1,605,107,157,134,0.83231324,-1,-1,-1
00047,1,1530,118,254,145,0.8058122,-1,-1,-1
00047,1,1120,83,150,108,0.76886487,-1,-1,-1
00048,1,1406,135,154,150,0.97710764,-1,-1,-1
00048,1,983,183,269,224,0.9742354,-1,-1,-1
00048,1,600,93,165,141,0.9129452,-1,-1,-1
00048,1,1116,80,151,114,0.7955905,-1,-1,-1
00049,1,1405,135,154,149,0.9844126,-1,-1,-1
00049,1,959,183,273,217,0.97424877,-1,-1,-1
00049,1,595,94,166,140,0.93164665,-1,-1,-1
00049,1,1115,74,153,120,0.86082006,-1,-1,-1
00049,1,1529,116,254,148,0.83911663,-1,-1,-1
00050,1,1404,139,154,143,0.9870302,-1,-1,-1
00050,1,945,167,271,212,0.9855407,-1,-1,-1
00050,1,588,99,168,139,0.92006934,-1,-1,-1
00050,1,1117,82,152,110,0.83825773,-1,-1,-1
00050,1,1530,106,240,162,0.7128291,-1,-1,-1
00051,1,1404,139,154,142,0.9871286,-1,-1,-1
00051,1,931,168,279,207,0.9829244,-1,-1,-1
00051,1,585,107,151,138,0.9434111,-1,-1,-1
00051,1,1527,116,258,147,0.8302365,-1,-1,-1
00051,1,1142,73,125,119,0.80175763,-1,-1,-1
00052,1,930,171,266,197,0.9909231,-1,-1,-1
00052,1,1406,134,154,150,0.983197,-1,-1,-1
00052,1,573,113,151,122,0.9782105,-1,-1,-1
00052,1,1120,197,130,135,0.893302,-1,-1,-1
00052,1,1125,86,145,106,0.86457026,-1,-1,-1
00053,1,916,168,272,196,0.98757416,-1,-1,-1
00053,1,566,113,148,122,0.98736656,-1,-1,-1
00053,1,1405,134,156,150,0.9785913,-1,-1,-1
00053,1,1087,193,163,140,0.92789185,-1,-1,-1
00053,1,1114,85,158,106,0.8669361,-1,-1,-1
00053,1,1528,116,256,149,0.8651611,-1,-1,-1
00054,1,906,173,268,186,0.9887664,-1,-1,-1
00054,1,1404,138,155,144,0.98556733,-1,-1,-1
00054,1,1077,196,174,135,0.97118133,-1,-1,-1
00054,1,564,117,141,111,0.9656511,-1,-1,-1
00054,1,1117,85,154,105,0.83031315,-1,-1,-1
00054,1,1525,114,260,149,0.8185025,-1,-1,-1
00055,1,1405,137,154,145,0.98775136,-1,-1,-1
00055,1,550,110,151,122,0.98752487,-1,-1,-1
00055,1,885,165,278,186,0.9791823,-1,-1,-1
00055,1,1070,195,190,140,0.978888,-1,-1,-1
00055,1,1117,87,155,103,0.86914766,-1,-1,-1
00055,1,1525,113,259,149,0.78270257,-1,-1,-1
00056,1,1404,137,155,145,0.9878927,-1,-1,-1
00056,1,545,110,149,121,0.98747224,-1,-1,-1
00056,1,875,163,260,198,0.97891825,-1,-1,-1
00056,1,1054,177,199,157,0.9711251,-1,-1,-1
00056,1,1118,87,154,103,0.8825999,-1,-1,-1
00056,1,1524,115,262,147,0.7328148,-1,-1,-1
00057,1,541,112,144,119,0.99263716,-1,-1,-1
00057,1,1404,137,155,145,0.98793066,-1,-1,-1
00057,1,1071,185,182,150,0.98520076,-1,-1,-1
00057,1,873,168,243,185,0.9701056,-1,-1,-1
00057,1,1116,86,156,104,0.8359636,-1,-1,-1
00057,1,1543,334,372,257,0.7159096,-1,-1,-1
00058,1,1403,138,156,144,0.99034625,-1,-1,-1
00058,1,871,162,230,184,0.9822694,-1,-1,-1
00058,1,1059,183,196,151,0.9817377,-1,-1,-1
00058,1,537,115,137,110,0.9807006,-1,-1,-1
00058,1,1122,86,150,104,0.83408177,-1,-1,-1
00058,1,1524,117,264,147,0.7295972,-1,-1,-1
00059,1,1403,138,155,144,0.9898024,-1,-1,-1
00059,1,1048,186,206,148,0.98174495,-1,-1,-1
00059,1,855,156,231,183,0.9804212,-1,-1,-1
00059,1,533,115,138,108,0.9709409,-1,-1,-1
00059,1,1457,323,375,237,0.9353544,-1,-1,-1
00059,1,1121,83,150,108,0.8332335,-1,-1,-1
00060,1,843,163,236,174,0.99650323,-1,-1,-1
00060,1,1403,139,156,144,0.9876002,-1,-1,-1
00060,1,531,115,126,108,0.9821813,-1,-1,-1
00060,1,1064,178,192,156,0.9811458,-1,-1,-1
00060,1,1421,319,369,235,0.96622175,-1,-1,-1
00060,1,1111,65,156,131,0.8489622,-1,-1,-1
00061,1,1403,139,156,144,0.98678905,-1,-1,-1
00061,1,830,156,242,173,0.9849125,-1,-1,-1
00061,1,1062,173,189,162,0.9720072,-1,-1,-1
00061,1,526,109,125,110,0.9584123,-1,-1,-1
00061,1,1384,312,369,226,0.9504014,-1,-1,-1
00061,1,1126,71,141,121,0.92493546,-1,-1,-1
00062,1,827,157,225,174,0.9941673,-1,-1,-1
00062,1,1404,138,154,144,0.98670596,-1,-1,-1
00062,1,519,105,135,114,0.97807807,-1,-1,-1
00062,1,1360,308,354,220,0.9771338,-1,-1,-1
00062,1,1063,174,186,159,0.9702482,-1,-1,-1
00062,1,1076,72,196,126,0.7920271,-1,-1,-1
00062,1,1527,118,261,143,0.7458089,-1,-1,-1
00063,1,821,152,225,176,0.9955239,-1,-1,-1
00063,1,1404,138,155,143,0.98999655,-1,-1,-1
00063,1,1334,301,341,218,0.9888896,-1,-1,-1
00063,1,512,98,145,117,0.986629,-1,-1,-1
00063,1,1025,177,230,150,0.9645595,-1,-1,-1
00063,1,1111,63,155,134,0.8078155,-1,-1,-1
00064,1,813,153,224,174,0.9968874,-1,-1,-1
00064,1,1403,133,150,148,0.9856409,-1,-1,-1
00064,1,1307,295,322,210,0.9821984,-1,-1,-1
00064,1,1059,177,190,152,0.97658926,-1,-1,-1
00064,1,512,108,128,108,0.97409624,-1,-1,-1
00064,1,1119,83,150,107,0.8056589,-1,-1,-1
00064,1,1516,112,270,153,0.7001558,-1,-1,-1
00065,1,804,154,215,169,0.99642915,-1,-1,-1
00065,1,1405,135,153,146,0.988698,-1,-1,-1
00065,1,507,104,129,108,0.9882947,-1,-1,-1
00065,1,1273,287,322,205,0.9868722,-1,-1,-1
00065,1,1047,186,201,142,0.96824956,-1,-1,-1
00065,1,1120,86,150,103,0.804574,-1,-1,-1
00065,1,1528,113,257,149,0.7970963,-1,-1,-1
00066,1,800,152,210,166,0.99658066,-1,-1,-1
00066,1,1244,278,315,207,0.9925311,-1,-1,-1
00066,1,1405,136,153,145,0.98793435,-1,-1,-1
00066,1,502,102,124,110,0.9814874,-1,-1,-1
00066,1,1045,187,203,140,0.970456,-1,-1,-1
00066,1,1525,112,260,148,0.831272,-1,-1,-1
00066,1,1113,80,157,111,0.80313116,-1,-1,-1
00067,1,789,153,210,164,0.9968374,-1,-1,-1
00067,1,1219,275,307,202,0.99148613,-1,-1,-1
00067,1,1404,137,155,144,0.9881328,-1,-1,-1
00067,1,499,105,121,105,0.9673951,-1,-1,-1
00067,1,1041,185,212,146,0.9361542,-1,-1,-1
00067,1,1117,82,153,107,0.8039769,-1,-1,-1
00067,1,1525,113,260,148,0.7786424,-1,-1,-1
00068,1,781,149,210,166,0.99717605,-1,-1,-1
00068,1,1192,270,305,196,0.9938123,-1,-1,-1
00068,1,485,104,136,103,0.9899504,-1,-1,-1
00068,1,1406,134,156,151,0.98014545,-1,-1,-1
00068,1,1045,185,204,141,0.961992,-1,-1,-1
00068,1,1116,82,154,108,0.84938073,-1,-1,-1
00068,1,1526,117,256,148,0.7700665,-1,-1,-1
00069,1,1172,263,292,195,0.9960549,-1,-1,-1
00069,1,768,150,208,165,0.9959474,-1,-1,-1
00069,1,475,101,142,106,0.98578876,-1,-1,-1
00069,1,1405,134,156,151,0.98133904,-1,-1,-1
00069,1,1062,178,192,159,0.850139,-1,-1,-1
00069,1,1115,83,154,107,0.8024079,-1,-1,-1
00069,1,919,143,156,140,0.7680588,-1,-1,-1
00069,1,1526,112,254,155,0.70458746,-1,-1,-1
00070,1,1149,265,289,183,0.9969856,-1,-1,-1
00070,1,758,149,210,163,0.99538076,-1,-1,-1
00070,1,1404,139,155,143,0.99033445,-1,-1,-1
00070,1,475,98,134,108,0.9732844,-1,-1,-1
00070,1,1060,177,188,150,0.9633939,-1,-1,-1
00070,1,1123,67,143,125,0.9043625,-1,-1,-1
00070,1,908,144,172,139,0.72532743,-1,-1,-1
00071,1,749,146,213,165,0.9972791,-1,-1,-1
00071,1,1125,258,282,186,0.99425226,-1,-1,-1
00071,1,1405,135,155,148,0.9857026,-1,-1,-1
00071,1,1056,178,184,147,0.9434492,-1,-1,-1
00071,1,473,100,122,107,0.94199884,-1,-1,-1
00072,1,740,145,215,161,0.9956709,-1,-1,-1
00072,1,1109,255,266,180,0.99205023,-1,-1,-1
00072,1,1405,135,155,148,0.985058,-1,-1,-1
00072,1,468,97,124,111,0.8856561,-1,-1,-1
00072,1,1052,183,206,143,0.85428953,-1,-1,-1
00073,1,1073,244,271,186,0.9950689,-1,-1,-1
00073,1,738,144,204,156,0.9924394,-1,-1,-1
00073,1,1403,138,155,144,0.98816305,-1,-1,-1
00073,1,464,98,121,107,0.9392808,-1,-1,-1
00073,1,1533,118,242,149,0.8131121,-1,-1,-1
00073,1,958,148,215,155,0.7214724,-1,-1,-1
00073,1,1117,84,153,106,0.72030383,-1,-1,-1
00074,1,721,146,213,157,0.9944208,-1,-1,-1
00074,1,1057,235,272,194,0.98380166,-1,-1,-1
00074,1,1399,132,154,149,0.9659574,-1,-1,-1
00074,1,457,91,125,110,0.92003334,-1,-1,-1
00074,1,1121,78,146,114,0.81605864,-1,-1,-1
00075,1,718,145,203,154,0.9944834,-1,-1,-1
00075,1,1403,138,156,145,0.9857884,-1,-1,-1
00075,1,1042,231,266,189,0.9752621,-1,-1,-1
00075,1,449,84,131,114,0.94151807,-1,-1,-1
00075,1,1530,116,252,148,0.83142704,-1,-1,-1
00075,1,1106,67,160,127,0.7832135,-1,-1,-1
00076,1,712,141,207,157,0.99377656,-1,-1,-1
00076,1,1012,201,270,197,0.9801065,-1,-1,-1
00076,1,1398,132,154,149,0.9650164,-1,-1,-1
00076,1,446,75,132,117,0.9362938,-1,-1,-1
00076,1,1109,68,157,125,0.8028717,-1,-1,-1
00076,1,1532,105,240,160,0.78445464,-1,-1,-1
00077,1,714,133,201,165,0.99232715,-1,-1,-1
00077,1,1405,137,154,145,0.9877186,-1,-1,-1
00077,1,1007,208,260,189,0.98061025,-1,-1,-1
00077,1,438,66,142,129,0.8552211,-1,-1,-1
00077,1,1117,86,155,105,0.82287157,-1,-1,-1
00077,1,1529,101,243,164,0.77170783,-1,-1,-1
00078,1,698,138,204,156,0.99246275,-1,-1,-1
00078,1,982,189,256,217,0.9852411,-1,-1,-1
00078,1,1399,131,153,150,0.9687655,-1,-1,-1
00078,1,1117,84,153,106,0.8440179,-1,-1,-1
00078,1,1530,103,242,162,0.7260486,-1,-1,-1
00079,1,699,140,195,152,0.9881301,-1,-1,-1
00079,1,1404,137,154,146,0.98676634,-1,-1,-1
00079,1,965,175,272,206,0.9131401,-1,-1,-1
00079,1,1116,83,153,107,0.8469474,-1,-1,-1
00079,1,1530,117,252,149,0.78028893,-1,-1,-1
00080,1,680,143,207,147,0.9938705,-1,-1,-1
00080,1,1403,138,156,144,0.9856512,-1,-1,-1
00080,1,940,187,287,189,0.9760636,-1,-1,-1
00080,1,1112,64,154,132,0.8547305,-1,-1,-1
00080,1,1529,119,253,147,0.7658296,-1,-1,-1
00081,1,673,138,211,152,0.99288964,-1,-1,-1
00081,1,1404,139,155,143,0.98629874,-1,-1,-1
00081,1,947,200,236,169,0.9829621,-1,-1,-1
00081,1,1532,117,250,150,0.81066483,-1,-1,-1
00081,1,1112,79,156,112,0.78256255,-1,-1,-1
00082,1,678,130,199,158,0.9877418,-1,-1,-1
00082,1,1404,139,155,144,0.9865932,-1,-1,-1
00082,1,929,196,234,167,0.980605,-1,-1,-1
00082,1,1110,80,158,112,0.7636565,-1,-1,-1
00082,1,427,76,128,113,0.70766354,-1,-1,-1
00083,1,666,131,205,154,0.992207,-1,-1,-1
00083,1,1403,140,156,141,0.98928773,-1,-1,-1
00083,1,918,195,229,163,0.97793794,-1,-1,-1
00083,1,1070,186,186,148,0.97494227,-1,-1,-1
00083,1,1096,72,178,125,0.76386636,-1,-1,-1
00083,1,424,75,127,112,0.763652,-1,-1,-1
00083,1,1528,118,254,147,0.7537093,-1,-1,-1
00084,1,660,129,198,156,0.98974437,-1,-1,-1
00084,1,896,187,249,164,0.98565096,-1,-1,-1
00084,1,1074,186,182,152,0.9842052,-1,-1,-1
00084,1,1400,132,153,150,0.98041064,-1,-1,-1
00084,1,1107,66,158,129,0.82164013,-1,-1,-1
00084,1,419,64,133,122,0.76316637,-1,-1,-1
00085,1,1079,182,179,149,0.9930837,-1,-1,-1
00085,1,1404,133,156,150,0.98800313,-1,-1,-1
00085,1,661,126,194,157,0.9840381,-1,-1,-1
00085,1,884,186,230,160,0.9815232,-1,-1,-1
00085,1,1527,118,258,145,0.7690702,-1,-1,-1
00085,1,1113,82,156,108,0.7415204,-1,-1,-1
00086,1,1404,138,155,142,0.9928396,-1,-1,-1
00086,1,1071,179,187,150,0.9921659,-1,-1,-1
00086,1,657,124,196,157,0.9882223,-1,-1,-1
00086,1,871,178,245,162,0.9532999,-1,-1,-1
00086,1,1104,63,163,133,0.86974764,-1,-1,-1
00086,1,1526,100,246,164,0.7883961,-1,-1,-1
00087,1,1405,133,155,149,0.98880625,-1,-1,-1
00087,1,654,125,188,155,0.9865594,-1,-1,-1
00087,1,1061,177,191,151,0.98433787,-1,-1,-1
00087,1,863,168,236,164,0.9449728,-1,-1,-1
00087,1,1106,66,162,129,0.87158036,-1,-1,-1
00087,1,1527,99,245,165,0.7937167,-1,-1,-1
00088,1,1061,176,189,154,0.9830514,-1,-1,-1
00088,1,1400,132,153,147,0.98243386,-1,-1,-1
00088,1,650,122,191,157,0.97742987,-1,-1,-1
00088,1,866,158,210,169,0.959579,-1,-1,-1
00088,1,1119,86,154,105,0.86503136,-1,-1,-1
00088,1,1527,99,244,165,0.77228236,-1,-1,-1
00089,1,1405,133,155,149,0.98769146,-1,-1,-1
00089,1,1060,178,190,151,0.98553395,-1,-1,-1
00089,1,842,170,224,158,0.9844209,-1,-1,-1
00089,1,650,120,181,162,0.9476957,-1,-1,-1
00089,1,1119,86,154,105,0.8677679,-1,-1,-1
00089,1,1525,100,247,164,0.793313,-1,-1,-1
00090,1,1403,139,157,141,0.98987025,-1,-1,-1
00090,1,836,163,219,160,0.9842696,-1,-1,-1
00090,1,1058,176,194,155,0.9760883,-1,-1,-1
00090,1,1122,70,145,123,0.94489205,-1,-1,-1
00090,1,647,126,181,148,0.91324437,-1,-1,-1
00091,1,820,167,218,159,0.99366826,-1,-1,-1
00091,1,1405,134,156,150,0.98596823,-1,-1,-1
00091,1,1040,187,219,148,0.9632674,-1,-1,-1
00091,1,643,129,179,140,0.8493273,-1,-1,-1
00091,1,1529,117,254,147,0.79282707,-1,-1,-1
00091,1,1097,72,175,126,0.7718896,-1,-1,-1
00092,1,1405,134,156,151,0.98597646,-1,-1,-1
00092,1,816,169,202,150,0.9794561,-1,-1,-1
00092,1,1042,186,218,150,0.971084,-1,-1,-1
00092,1,645,126,175,141,0.83244467,-1,-1,-1
00092,1,1098,72,173,125,0.7799369,-1,-1,-1
00092,1,1515,114,260,157,0.73460054,-1,-1,-1
00093,1,808,173,204,144,0.9836962,-1,-1,-1
00093,1,1400,134,153,148,0.9796765,-1,-1,-1
00093,1,1041,187,218,150,0.96573967,-1,-1,-1
00093,1,646,128,172,140,0.8485565,-1,-1,-1
00093,1,1535,108,235,161,0.71082824,-1,-1,-1
00094,1,801,170,197,141,0.98324466,-1,-1,-1
00094,1,1400,133,153,149,0.9775439,-1,-1,-1
00094,1,1042,186,216,149,0.95604736,-1,-1,-1
00094,1,1532,116,250,148,0.81342334,-1,-1,-1
00094,1,640,112,176,141,0.8090612,-1,-1,-1
00094,1,1097,71,176,126,0.74441844,-1,-1,-1
00095,1,797,164,195,144,0.9971487,-1,-1,-1
00095,1,1403,138,157,143,0.9903267,-1,-1,-1
00095,1,1042,185,215,149,0.96227235,-1,-1,-1
00095,1,649,122,169,148,0.88188016,-1,-1,-1
00095,1,1529,117,253,144,0.71099377,-1,-1,-1
00096,1,796,166,186,144,0.9925438,-1,-1,-1
00096,1,1404,138,156,144,0.98929965,-1,-1,-1
00096,1,1043,185,214,149,0.96681464,-1,-1,-1
00096,1,652,124,165,144,0.8993471,-1,-1,-1
00096,1,1096,70,175,127,0.73969626,-1,-1,-1
00096,1,1529,116,253,146,0.73894805,-1,-1,-1
00097,1,1403,138,157,144,0.9908676,-1,-1,-1
00097,1,779,168,189,139,0.9905552,-1,-1,-1
00097,1,1046,185,212,150,0.9804081,-1,-1,-1
00097,1,656,122,159,149,0.9370053,-1,-1,-1
00097,1,1102,65,165,132,0.8662929,-1,-1,-1
00098,1,1404,137,154,144,0.9920676,-1,-1,-1
00098,1,783,165,180,141,0.9916332,-1,-1,-1
00098,1,1049,185,209,149,0.9817292,-1,-1,-1
00098,1,658,125,153,140,0.945769,-1,-1,-1
00098,1,1527,114,253,147,0.86410326,-1,-1,-1
00098,1,1108,84,164,106,0.84893405,-1,-1,-1
00099,1,1404,137,155,145,0.9920988,-1,-1,-1
00099,1,768,162,189,140,0.9887792,-1,-1,-1
00099,1,1044,184,214,150,0.97692364,-1,-1,-1
00099,1,659,119,154,146,0.92463726,-1,-1,-1
00099,1,1116,78,150,114,0.8523177,-1,-1,-1
00099,1,1526,116,258,146,0.7793735,-1,-1,-1
00100,1,1403,138,156,144,0.98941576,-1,-1,-1
00100,1,762,162,191,138,0.98506814,-1,-1,-1
00100,1,1042,184,217,150,0.9711754,-1,-1,-1
00100,1,1107,66,159,129,0.82189155,-1,-1,-1
00100,1,659,116,160,148,0.81610745,-1,-1,-1
00100,1,1527,117,256,146,0.7364106,-1,-1,-1
00101,1,1403,138,156,144,0.99015045,-1,-1,-1
00101,1,743,151,201,149,0.9819775,-1,-1,-1
00101,1,1043,184,216,151,0.97111386,-1,-1,-1
00101,1,653,105,181,161,0.8933271,-1,-1,-1
00101,1,1108,66,159,129,0.8355719,-1,-1,-1
00101,1,1528,117,254,147,0.7696904,-1,-1,-1
00102,1,1405,133,156,152,0.98656356,-1,-1,-1
00102,1,1039,186,219,150,0.96217257,-1,-1,-1
00102,1,749,156,179,141,0.9426058,-1,-1,-1
00102,1,1124,69,143,124,0.9219888,-1,-1,-1
00102,1,652,108,181,157,0.8401683,-1,-1,-1
00102,1,1530,116,253,147,0.7409609,-1,-1,-1
00102,1,954,146,218,157,0.7059991,-1,-1,-1
00103,1,1405,134,156,150,0.9852997,-1,-1,-1
00103,1,744,159,177,135,0.9771113,-1,-1,-1
00103,1,1043,186,217,151,0.9676089,-1,-1,-1
00103,1,663,121,171,143,0.8238333,-1,-1,-1
00103,1,369,70,109,107,0.7393993,-1,-1,-1
00103,1,954,144,219,160,0.73670554,-1,-1,-1
00103,1,1532,118,249,144,0.7344805,-1,-1,-1
00104,1,1405,135,157,150,0.98438686,-1,-1,-1
00104,1,1044,186,214,150,0.9651868,-1,-1,-1
00104,1,1117,80,154,111,0.8856398,-1,-1,-1
00104,1,954,144,217,160,0.7588296,-1,-1,-1
00104,1,1530,118,253,143,0.7439607,-1,-1,-1
00105,1,1406,135,156,150,0.9862959,-1,-1,-1
00105,1,1043,186,217,150,0.9732092,-1,-1,-1
00105,1,1659,356,262,238,0.8052391,-1,-1,-1
00105,1,1530,118,254,144,0.71631074,-1,-1,-1
00105,1,1108,78,160,114,0.70637757,-1,-1,-1
00106,1,1404,139,156,142,0.98986024,-1,-1,-1
00106,1,1046,185,212,150,0.9720266,-1,-1,-1
00106,1,1112,71,157,121,0.89496726,-1,-1,-1
00106,1,1528,118,257,144,0.71677667,-1,-1,-1
00107,1,1405,137,155,144,0.98849946,-1,-1,-1
00107,1,1048,184,209,151,0.97732806,-1,-1,-1
00107,1,674,114,199,160,0.8635237,-1,-1,-1
00107,1,1103,81,168,110,0.8052127,-1,-1,-1
00107,1,1530,101,242,163,0.731013,-1,-1,-1
00108,1,1405,137,155,145,0.9891722,-1,-1,-1
00108,1,1047,184,209,151,0.9773386,-1,-1,-1
00108,1,695,123,186,158,0.84963113,-1,-1,-1
00108,1,1560,347,361,239,0.8018839,-1,-1,-1
00108,1,1105,79,162,113,0.7473007,-1,-1,-1
00109,1,1406,136,154,146,0.9901759,-1,-1,-1
00109,1,1047,184,210,151,0.97221,-1,-1,-1
00109,1,1117,71,150,121,0.9626557,-1,-1,-1
00109,1,697,143,186,136,0.91331965,-1,-1,-1
00109,1,1530,343,377,232,0.79683745,-1,-1,-1
00109,1,1529,117,253,145,0.7018758,-1,-1,-1
00110,1,1405,136,155,146,0.98951226,-1,-1,-1
00110,1,1048,183,211,151,0.9799653,-1,-1,-1
00110,1,689,144,187,135,0.9793438,-1,-1,-1
00110,1,1118,82,150,109,0.92020094,-1,-1,-1
00110,1,1500,327,389,238,0.8616327,-1,-1,-1
00111,1,1405,136,154,146,0.99028975,-1,-1,-1
00111,1,681,136,204,145,0.9862916,-1,-1,-1
00111,1,1047,184,211,151,0.97831535,-1,-1,-1
00111,1,1473,326,354,225,0.9690091,-1,-1,-1
00111,1,1113,81,156,111,0.8526894,-1,-1,-1
00112,1,1404,139,155,143,0.9901812,-1,-1,-1
00112,1,672,137,195,142,0.9846245,-1,-1,-1
00112,1,1044,186,215,150,0.9734553,-1,-1,-1
00112,1,1439,322,354,226,0.96782583,-1,-1,-1
00112,1,1107,81,164,110,0.84999025,-1,-1,-1
00113,1,663,135,193,142,0.98946023,-1,-1,-1
00113,1,1404,139,155,143,0.9888594,-1,-1,-1
00113,1,1044,185,214,151,0.9737902,-1,-1,-1
00113,1,1413,318,355,221,0.97288007,-1,-1,-1
00113,1,1106,63,162,135,0.8962997,-1,-1,-1
00114,1,648,133,207,145,0.9876325,-1,-1,-1
00114,1,1403,139,155,143,0.9874535,-1,-1,-1
00114,1,1383,317,357,216,0.97921455,-1,-1,-1
00114,1,1039,186,220,149,0.97089064,-1,-1,-1
00114,1,1137,74,129,116,0.86030686,-1,-1,-1
00114,1,956,146,214,157,0.7843905,-1,-1,-1
00115,1,1404,139,154,144,0.98728764,-1,-1,-1
00115,1,638,132,216,142,0.9860082,-1,-1,-1
00115,1,1367,313,342,212,0.9852938,-1,-1,-1
00115,1,1040,185,222,150,0.9718531,-1,-1,-1
00115,1,1137,74,130,116,0.8106596,-1,-1,-1
00115,1,956,146,215,158,0.7964487,-1,-1,-1
00116,1,1404,137,153,145,0.987909,-1,-1,-1
00116,1,631,125,216,147,0.9822526,-1,-1,-1
00116,1,1339,303,339,213,0.97738725,-1,-1,-1
00116,1,1043,185,215,150,0.9733617,-1,-1,-1
00116,1,1119,76,146,115,0.8814117,-1,-1,-1
00116,1,1536,115,248,148,0.8591768,-1,-1,-1
00116,1,955,146,214,156,0.79629517,-1,-1,-1
00117,1,1406,132,151,151,0.98724455,-1,-1,-1
00117,1,1321,303,323,202,0.97605306,-1,-1,-1
00117,1,626,123,212,151,0.9735545,-1,-1,-1
00117,1,1042,184,215,151,0.96778136,-1,-1,-1
00117,1,1530,113,248,157,0.8755972,-1,-1,-1
00117,1,1110,64,159,132,0.8567218,-1,-1,-1
00117,1,957,148,212,154,0.7891436,-1,-1,-1
00118,1,1405,136,152,145,0.98877907,-1,-1,-1
00118,1,1294,297,322,202,0.9835677,-1,-1,-1
00118,1,613,122,220,147,0.9728803,-1,-1,-1
00118,1,1044,184,212,150,0.9668393,-1,-1,-1
00118,1,1107,63,163,134,0.85116506,-1,-1,-1
00118,1,1531,114,252,148,0.8449922,-1,-1,-1
00118,1,955,145,213,157,0.79855245,-1,-1,-1
00119,1,1406,136,151,144,0.9882244,-1,-1,-1
00119,1,1272,288,316,203,0.9859385,-1,-1,-1
00119,1,609,116,214,151,0.97844774,-1,-1,-1
00119,1,1045,183,211,149,0.9662502,-1,-1,-1
00119,1,1108,70,163,123,0.880176,-1,-1,-1
00119,1,1526,98,243,164,0.7366302,-1,-1,-1
00120,1,1249,286,311,197,0.988321,-1,-1,-1
00120,1,1406,136,151,145,0.9877693,-1,-1,-1
00120,1,602,120,206,144,0.9832323,-1,-1,-1
00120,1,1043,183,211,150,0.9555377,-1,-1,-1
00120,1,1103,65,165,131,0.8605432,-1,-1,-1
00121,1,1226,278,306,200,0.9937034,-1,-1,-1
00121,1,1404,135,154,147,0.9866392,-1,-1,-1
00121,1,604,135,180,126,0.93736243,-1,-1,-1
00121,1,1041,182,213,151,0.9340543,-1,-1,-1
00121,1,1107,83,166,107,0.84541726,-1,-1,-1
00121,1,1535,115,242,153,0.80613637,-1,-1,-1
00121,1,954,144,213,159,0.74600756,-1,-1,-1
00122,1,1214,272,288,200,0.99439466,-1,-1,-1
00122,1,1404,136,154,147,0.98124605,-1,-1,-1
00122,1,602,111,173,144,0.9678313,-1,-1,-1
00122,1,1045,183,215,152,0.9133235,-1,-1,-1
00122,1,1106,81,164,111,0.7809137,-1,-1,-1
00123,1,1185,272,293,193,0.99580246,-1,-1,-1
00123,1,1404,133,157,152,0.98021436,-1,-1,-1
00123,1,601,133,165,120,0.94887775,-1,-1,-1
00123,1,1054,182,198,159,0.92121786,-1,-1,-1
00123,1,958,145,213,158,0.81967705,-1,-1,-1
00123,1,1529,113,245,159,0.8050978,-1,-1,-1
00123,1,1101,81,171,110,0.80230737,-1,-1,-1
00124,1,1173,270,275,189,0.997405,-1,-1,-1
00124,1,1405,133,157,153,0.9807468,-1,-1,-1
00124,1,1059,178,193,151,0.96419364,-1,-1,-1
00124,1,590,123,172,130,0.8779471,-1,-1,-1
00124,1,1100,62,170,137,0.840257,-1,-1,-1
00124,1,1531,114,249,151,0.8130263,-1,-1,-1
00124,1,956,143,217,161,0.78540593,-1,-1,-1
00125,1,1156,268,280,183,0.9982584,-1,-1,-1
00125,1,1405,134,157,151,0.9834696,-1,-1,-1
00125,1,592,102,160,146,0.92489916,-1,-1,-1
00125,1,1102,82,169,110,0.7867695,-1,-1,-1
00125,1,1531,116,249,148,0.76558906,-1,-1,-1
00125,1,1048,185,212,148,0.7372549,-1,-1,-1
00126,1,1121,261,292,181,0.9982064,-1,-1,-1
00126,1,1405,134,156,150,0.9839733,-1,-1,-1
00126,1,586,88,170,147,0.94053274,-1,-1,-1
00126,1,1110,71,161,122,0.8312685,-1,-1,-1
00126,1,1531,113,250,151,0.79821557,-1,-1,-1
00127,1,1119,257,267,187,0.99588037,-1,-1,-1
00127,1,1406,134,155,151,0.98419267,-1,-1,-1
00127,1,579,98,179,137,0.9408176,-1,-1,-1
00127,1,1115,85,156,108,0.80877906,-1,-1,-1
00127,1,1532,115,248,149,0.79472756,-1,-1,-1
00128,1,1106,256,255,181,0.9905239,-1,-1,-1
00128,1,1404,136,155,146,0.9900776,-1,-1,-1
00128,1,574,100,180,140,0.9627228,-1,-1,-1
00128,1,1111,68,159,128,0.79918015,-1,-1,-1
00128,1,1530,114,250,149,0.7549065,-1,-1,-1
00129,1,1087,253,254,186,0.98675984,-1,-1,-1
00129,1,1405,133,155,151,0.9855941,-1,-1,-1
00129,1,571,105,171,139,0.97138804,-1,-1,-1
00129,1,1529,113,251,150,0.7546686,-1,-1,-1
00129,1,1114,86,158,107,0.7517316,-1,-1,-1
00130,1,1056,240,272,194,0.994429,-1,-1,-1
00130,1,1401,132,152,148,0.97727376,-1,-1,-1
00130,1,572,103,168,140,0.97004896,-1,-1,-1
00130,1,1106,67,164,129,0.85826755,-1,-1,-1
00131,1,1404,136,155,145,0.98886234,-1,-1,-1
00131,1,1046,233,253,192,0.9636615,-1,-1,-1
00131,1,566,104,169,140,0.9628997,-1,-1,-1
00131,1,1526,95,243,166,0.7859688,-1,-1,-1
00131,1,1112,84,161,110,0.7081125,-1,-1,-1
00132,1,1035,218,244,207,0.9902694,-1,-1,-1
00132,1,1404,137,155,145,0.9883597,-1,-1,-1
00132,1,567,99,169,143,0.96116424,-1,-1,-1
00132,1,1117,72,150,122,0.8086134,-1,-1,-1
00132,1,1529,100,241,162,0.76738566,-1,-1,-1
00133,1,1404,134,155,148,0.98695195,-1,-1,-1
00133,1,1022,215,233,202,0.97771525,-1,-1,-1
00133,1,566,96,165,144,0.962177,-1,-1,-1
00133,1,1530,113,255,149,0.7522273,-1,-1,-1
00133,1,1104,73,160,123,0.7167356,-1,-1,-1
00134,1,1404,134,155,148,0.98659223,-1,-1,-1
00134,1,1011,217,243,187,0.9844183,-1,-1,-1
00134,1,556,117,158,122,0.9759133,-1,-1,-1
00134,1,1530,113,256,150,0.7582006,-1,-1,-1
00135,1,1402,139,156,141,0.9871858,-1,-1,-1
00135,1,560,103,150,139,0.98326105,-1,-1,-1
00135,1,994,207,248,194,0.9685525,-1,-1,-1
00135,1,1532,114,253,149,0.81119317,-1,-1,-1
00136,1,1403,139,155,141,0.98615843,-1,-1,-1
00136,1,555,103,154,135,0.9778847,-1,-1,-1
00136,1,979,195,254,207,0.9696693,-1,-1,-1
00136,1,1531,115,253,147,0.78633356,-1,-1,-1
00137,1,1403,138,155,141,0.988064,-1,-1,-1
00137,1,548,117,142,118,0.97232664,-1,-1,-1
00137,1,968,187,252,197,0.95889676,-1,-1,-1
00137,1,1530,115,253,149,0.76787275,-1,-1,-1
00138,1,1403,139,155,141,0.9875093,-1,-1,-1
00138,1,544,115,143,119,0.98217505,-1,-1,-1
00138,1,961,206,235,174,0.97177535,-1,-1,-1
00138,1,1068,85,206,140,0.8240232,-1,-1,-1
00138,1,1529,116,255,147,0.765654,-1,-1,-1
00139,1,535,114,152,122,0.9918641,-1,-1,-1
00139,1,944,213,229,154,0.98850507,-1,-1,-1
00139,1,1403,138,156,142,0.9872376,-1,-1,-1
00139,1,1022,87,248,141,0.82075834,-1,-1,-1
00139,1,1528,110,251,161,0.74759996,-1,-1,-1
00140,1,931,208,230,154,0.98844135,-1,-1,-1
00140,1,1403,138,156,144,0.9877358,-1,-1,-1
00140,1,1055,80,238,147,0.97274965,-1,-1,-1
00140,1,532,111,164,118,0.96913594,-1,-1,-1
00140,1,1526,96,245,165,0.75693774,-1,-1,-1
00140,1,1062,190,187,148,0.7305165,-1,-1,-1
00141,1,917,206,227,153,0.9893913,-1,-1,-1
00141,1,1403,138,156,144,0.9879808,-1,-1,-1
00141,1,527,115,154,111,0.98750824,-1,-1,-1
00141,1,1051,84,245,142,0.9829444,-1,-1,-1
00141,1,1072,182,174,155,0.91762394,-1,-1,-1
00141,1,1526,96,246,166,0.7347737,-1,-1,-1
00142,1,1079,78,227,153,0.99568284,-1,-1,-1
00142,1,532,114,139,114,0.9918988,-1,-1,-1
00142,1,1403,138,155,144,0.9888314,-1,-1,-1
00142,1,1071,186,182,150,0.9786307,-1,-1,-1
00142,1,902,202,221,154,0.97549033,-1,-1,-1
00142,1,1526,95,246,167,0.74838316,-1,-1,-1
00143,1,1085,91,258,133,0.9925142,-1,-1,-1
00143,1,1404,137,155,144,0.989204,-1,-1,-1
00143,1,893,194,235,161,0.9875546,-1,-1,-1
00143,1,1062,188,199,144,0.9774235,-1,-1,-1
00143,1,529,115,132,108,0.97474277,-1,-1,-1
00143,1,1528,112,256,151,0.8148175,-1,-1,-1
00144,1,1098,81,249,146,0.9921564,-1,-1,-1
00144,1,527,111,131,112,0.9898117,-1,-1,-1
00144,1,1404,137,154,144,0.98787373,-1,-1,-1
00144,1,878,201,214,147,0.9771081,-1,-1,-1
00144,1,1038,191,224,145,0.9658951,-1,-1,-1
00145,1,1108,89,256,135,0.9959959,-1,-1,-1
00145,1,518,110,139,115,0.9958639,-1,-1,-1
00145,1,1401,133,152,147,0.99266464,-1,-1,-1
00145,1,871,200,211,146,0.9779545,-1,-1,-1
00145,1,1041,190,215,148,0.9526132,-1,-1,-1
00146,1,1134,85,234,143,0.9943521,-1,-1,-1
00146,1,1403,134,150,146,0.9940843,-1,-1,-1
00146,1,858,194,218,146,0.9887481,-1,-1,-1
00146,1,506,100,148,114,0.9813297,-1,-1,-1
00146,1,1042,191,211,148,0.9490258,-1,-1,-1
00147,1,1131,85,267,144,0.9960854,-1,-1,-1
00147,1,1406,135,155,147,0.9933984,-1,-1,-1
00147,1,508,106,140,113,0.98703057,-1,-1,-1
00147,1,839,192,234,141,0.9869981,-1,-1,-1
00147,1,1036,192,218,145,0.9265827,-1,-1,-1
00147,1,1533,117,247,146,0.754442,-1,-1,-1
00148,1,1142,88,277,139,0.9935766,-1,-1,-1
00148,1,1404,137,151,142,0.99316627,-1,-1,-1
00148,1,831,178,219,155,0.99275136,-1,-1,-1
00148,1,508,107,132,111,0.98684317,-1,-1,-1
00148,1,1038,190,218,147,0.8260105,-1,-1,-1
00148,1,1533,117,246,147,0.7156249,-1,-1,-1
00149,1,1410,133,154,150,0.98621655,-1,-1,-1
00149,1,506,105,130,112,0.98517543,-1,-1,-1
00149,1,817,181,218,143,0.9820857,-1,-1,-1
00149,1,1170,84,266,139,0.98123175,-1,-1,-1
00149,1,1062,180,188,148,0.9650715,-1,-1,-1
00149,1,1531,115,249,154,0.8348846,-1,-1,-1
00150,1,503,104,131,111,0.98417455,-1,-1,-1
00150,1,1408,139,152,142,0.98368925,-1,-1,-1
00150,1,811,168,225,149,0.9805047,-1,-1,-1
00150,1,1175,78,264,146,0.9780887,-1,-1,-1
00150,1,1061,180,188,148,0.95990247,-1,-1,-1
00150,1,1529,116,250,148,0.73044264,-1,-1,-1
00151,1,794,177,205,141,0.9852212,-1,-1,-1
00151,1,497,105,133,107,0.9812464,-1,-1,-1
00151,1,1196,83,253,133,0.97982246,-1,-1,-1
00151,1,1408,140,151,141,0.977097,-1,-1,-1
00151,1,1050,191,206,142,0.95493233,-1,-1,-1
00151,1,1526,97,256,171,0.8094979,-1,-1,-1
00152,1,788,180,195,135,0.9936094,-1,-1,-1
00152,1,1058,182,192,143,0.97709376,-1,-1,-1
00152,1,494,105,129,105,0.9728458,-1,-1,-1
00152,1,1410,135,152,148,0.96429014,-1,-1,-1
00152,1,1231,87,232,130,0.94460434,-1,-1,-1
00152,1,1522,103,251,170,0.72573346,-1,-1,-1
00153,1,780,178,202,135,0.9957948,-1,-1,-1
00153,1,1055,177,195,150,0.97462094,-1,-1,-1
00153,1,1253,88,218,125,0.9622944,-1,-1,-1
00153,1,488,105,134,105,0.95986897,-1,-1,-1
00153,1,1408,135,150,150,0.9276262,-1,-1,-1
00153,1,1111,83,179,115,0.7378032,-1,-1,-1
00153,1,1529,112,253,154,0.70039445,-1,-1,-1
00154,1,773,179,197,132,0.99649006,-1,-1,-1
00154,1,1056,176,193,152,0.9744116,-1,-1,-1
00154,1,478,94,137,116,0.9695257,-1,-1,-1
00154,1,1271,80,236,136,0.94851375,-1,-1,-1
00154,1,1399,130,154,154,0.8792425,-1,-1,-1
00154,1,1527,114,253,150,0.7881469,-1,-1,-1
00155,1,767,174,187,135,0.9973207,-1,-1,-1
00155,1,473,100,136,106,0.9835031,-1,-1,-1
00155,1,1057,176,193,153,0.9751889,-1,-1,-1
00155,1,1292,83,243,130,0.87707305,-1,-1,-1
00155,1,1404,128,153,159,0.8735395,-1,-1,-1
00155,1,1105,75,161,116,0.8283705,-1,-1,-1
00155,1,1524,100,246,165,0.7380691,-1,-1,-1
00156,1,753,175,187,134,0.9961683,-1,-1,-1
00156,1,470,98,137,107,0.986935,-1,-1,-1
00156,1,1047,186,211,151,0.97441745,-1,-1,-1
00156,1,1405,131,146,145,0.9008087,-1,-1,-1
00156,1,1111,74,156,118,0.84962076,-1,-1,-1
00156,1,1306,80,238,136,0.8368483,-1,-1,-1
00156,1,956,146,215,157,0.7419646,-1,-1,-1
00156,1,1531,107,240,161,0.73634344,-1,-1,-1
00157,1,754,172,177,134,0.9962135,-1,-1,-1
00157,1,1046,186,212,151,0.96497136,-1,-1,-1
00157,1,468,93,131,110,0.9573861,-1,-1,-1
00157,1,1405,133,147,144,0.95141476,-1,-1,-1
00157,1,1106,76,162,117,0.8876684,-1,-1,-1
00157,1,955,145,216,160,0.75581664,-1,-1,-1
00158,1,738,169,185,132,0.99269295,-1,-1,-1
00158,1,1045,186,213,151,0.9668291,-1,-1,-1
00158,1,1402,128,149,149,0.9247185,-1,-1,-1
00158,1,463,94,125,111,0.91326344,-1,-1,-1
00158,1,1111,69,160,125,0.8610373,-1,-1,-1
00158,1,955,145,216,160,0.759169,-1,-1,-1
00159,1,724,161,184,133,0.98240364,-1,-1,-1
00159,1,1044,185,214,152,0.9721424,-1,-1,-1
00159,1,1403,130,147,149,0.96870977,-1,-1,-1
00159,1,459,90,125,114,0.87767214,-1,-1,-1
00159,1,1107,77,163,115,0.8480496,-1,-1,-1
00159,1,1515,102,257,164,0.75895876,-1,-1,-1
00160,1,721,159,178,137,0.99230826,-1,-1,-1
00160,1,1045,185,214,151,0.97596663,-1,-1,-1
00160,1,1401,129,156,157,0.9650903,-1,-1,-1
00160,1,1110,82,160,108,0.86875814,-1,-1,-1
00160,1,445,69,149,129,0.81561565,-1,-1,-1
00160,1,1529,109,246,159,0.7442885,-1,-1,-1
00161,1,709,156,182,136,0.98123026,-1,-1,-1
00161,1,1044,183,214,152,0.9760299,-1,-1,-1
00161,1,1402,132,155,152,0.9702096,-1,-1,-1
00161,1,1112,84,158,106,0.8908041,-1,-1,-1
00161,1,443,70,142,124,0.8481434,-1,-1,-1
00162,1,710,157,173,132,0.9892988,-1,-1,-1
00162,1,1404,136,153,148,0.9872351,-1,-1,-1
00162,1,1044,184,213,150,0.97413784,-1,-1,-1
00162,1,1110,82,160,108,0.86139727,-1,-1,-1
00162,1,446,76,135,118,0.84713316,-1,-1,-1
00163,1,1403,141,155,141,0.9897399,-1,-1,-1
00163,1,706,155,170,131,0.9826251,-1,-1,-1
00163,1,1045,183,214,150,0.98130655,-1,-1,-1
00163,1,1117,87,156,102,0.86297464,-1,-1,-1
00164,1,1403,142,155,138,0.98408854,-1,-1,-1
00164,1,1047,185,212,148,0.979587,-1,-1,-1
00164,1,693,152,179,131,0.9744546,-1,-1,-1
00164,1,1123,72,145,119,0.95936906,-1,-1,-1
00165,1,1405,139,155,143,0.99009585,-1,-1,-1
00165,1,1055,178,198,152,0.9769727,-1,-1,-1
00165,1,689,150,176,132,0.95516235,-1,-1,-1
00165,1,1112,65,155,131,0.8769365,-1,-1,-1
00166,1,1404,139,157,143,0.9890648,-1,-1,-1
00166,1,1044,185,215,150,0.9768935,-1,-1,-1
00166,1,691,138,158,139,0.95863706,-1,-1,-1
00166,1,1117,78,148,114,0.87529224,-1,-1,-1
00167,1,1403,140,157,141,0.9894382,-1,-1,-1
00167,1,1043,186,217,150,0.97703564,-1,-1,-1
00167,1,685,146,164,134,0.9619756,-1,-1,-1
00167,1,1117,85,154,105,0.8788624,-1,-1,-1
00167,1,955,145,216,158,0.7814876,-1,-1,-1
00168,1,1402,140,158,141,0.98952615,-1,-1,-1
00168,1,674,140,177,139,0.9766657,-1,-1,-1
00168,1,1041,186,219,150,0.96958166,-1,-1,-1
00168,1,1120,87,151,104,0.8429476,-1,-1,-1
00168,1,435,74,121,110,0.8103274,-1,-1,-1
00168,1,273,73,130,105,0.7927957,-1,-1,-1
00168,1,955,146,219,157,0.78380996,-1,-1,-1
00169,1,1400,135,153,147,0.9827087,-1,-1,-1
00169,1,1040,186,218,150,0.9648646,-1,-1,-1
00169,1,671,148,166,127,0.95859855,-1,-1,-1
00169,1,1111,84,161,108,0.85279334,-1,-1,-1
00169,1,276,71,130,110,0.81659836,-1,-1,-1
00169,1,954,146,218,157,0.7670329,-1,-1,-1
00170,1,1400,133,153,148,0.9816626,-1,-1,-1
00170,1,1041,185,217,150,0.9699055,-1,-1,-1
00170,1,670,131,173,138,0.9624175,-1,-1,-1
00170,1,1115,85,156,105,0.87339264,-1,-1,-1
00170,1,276,71,133,111,0.842931,-1,-1,-1
00170,1,955,145,217,158,0.7913454,-1,-1,-1
00170,1,419,67,144,117,0.7084954,-1,-1,-1
00171,1,1405,133,158,151,0.9836288,-1,-1,-1
00171,1,1044,185,213,150,0.97390604,-1,-1,-1
00171,1,657,143,169,125,0.9428999,-1,-1,-1
00171,1,1690,38,206,158,0.9181025,-1,-1,-1
00171,1,1116,85,154,105,0.81758106,-1,-1,-1
00171,1,954,145,217,157,0.7610447,-1,-1,-1
00171,1,281,66,138,116,0.701205,-1,-1,-1
00172,1,1404,138,156,142,0.9905005,-1,-1,-1
00172,1,649,136,178,133,0.9899871,-1,-1,-1
00172,1,1043,185,213,149,0.97462726,-1,-1,-1
00172,1,282,71,138,111,0.8806541,-1,-1,-1
00172,1,1119,86,152,104,0.84441054,-1,-1,-1
00172,1,1722,45,185,144,0.7682873,-1,-1,-1
00173,1,1404,138,157,142,0.9910266,-1,-1,-1
00173,1,641,134,181,132,0.98336005,-1,-1,-1
00173,1,1044,184,213,149,0.975998,-1,-1,-1
00173,1,1104,63,164,136,0.8592083,-1,-1,-1
00173,1,293,70,136,113,0.80195117,-1,-1,-1
00173,1,1541,116,244,151,0.80086267,-1,-1,-1
00174,1,1404,138,157,142,0.99142706,-1,-1,-1
00174,1,635,133,182,132,0.9837458,-1,-1,-1
00174,1,1044,184,213,149,0.9759419,-1,-1,-1
00174,1,1102,63,166,136,0.86507446,-1,-1,-1
00174,1,296,77,131,109,0.83622503,-1,-1,-1
00175,1,1404,138,156,141,0.99077296,-1,-1,-1
00175,1,1056,179,198,148,0.9807879,-1,-1,-1
00175,1,625,137,175,124,0.95373785,-1,-1,-1
00175,1,294,73,141,113,0.90947235,-1,-1,-1
00175,1,1116,86,156,104,0.8655436,-1,-1,-1
00175,1,1539,109,238,158,0.72605777,-1,-1,-1
00176,1,1404,138,156,143,0.99027455,-1,-1,-1
00176,1,1055,178,198,151,0.9787198,-1,-1,-1
00176,1,1121,68,145,124,0.95929796,-1,-1,-1
00176,1,293,74,148,116,0.9529922,-1,-1,-1
00176,1,622,132,173,128,0.92011213,-1,-1,-1
00177,1,1403,141,157,140,0.99061334,-1,-1,-1
00177,1,628,121,163,137,0.9806384,-1,-1,-1
00177,1,1043,186,215,150,0.97181356,-1,-1,-1
00177,1,303,81,138,111,0.9482389,-1,-1,-1
00177,1,1116,84,155,106,0.88560987,-1,-1,-1
00178,1,1404,141,156,140,0.98948073,-1,-1,-1
00178,1,311,74,138,126,0.9820192,-1,-1,-1
00178,1,1042,186,216,150,0.97369474,-1,-1,-1
00178,1,623,130,158,125,0.9253775,-1,-1,-1
00178,1,1113,84,158,106,0.852506,-1,-1,-1
00178,1,1534,116,248,149,0.7641828,-1,-1,-1
00179,1,1402,140,158,141,0.98981386,-1,-1,-1
00179,1,1042,187,218,149,0.9699026,-1,-1,-1
00179,1,614,122,162,127,0.95471555,-1,-1,-1
00179,1,315,77,137,121,0.9489513,-1,-1,-1
00179,1,1119,79,148,115,0.8735384,-1,-1,-1
00179,1,1530,115,254,149,0.73073643,-1,-1,-1
00180,1,1402,140,157,141,0.9859255,-1,-1,-1
00180,1,1043,187,217,149,0.9751163,-1,-1,-1
00180,1,611,121,160,127,0.9545251,-1,-1,-1
00180,1,1120,72,148,119,0.85395366,-1,-1,-1
00180,1,1528,101,239,167,0.76813716,-1,-1,-1
00180,1,320,80,141,121,0.76506394,-1,-1,-1
00181,1,1402,140,156,140,0.9866519,-1,-1,-1
00181,1,1043,187,217,150,0.9748942,-1,-1,-1
00181,1,606,123,155,123,0.9229441,-1,-1,-1
00181,1,319,84,146,120,0.81833696,-1,-1,-1
00181,1,1117,82,154,109,0.8117807,-1,-1,-1
00181,1,1526,113,251,159,0.70456517,-1,-1,-1
00182,1,1403,139,156,141,0.9883996,-1,-1,-1
00182,1,1046,186,213,150,0.97504073,-1,-1,-1
00182,1,1120,85,151,104,0.8976249,-1,-1,-1
00182,1,603,110,150,134,0.8724183,-1,-1,-1
00183,1,1404,138,155,143,0.98908067,-1,-1,-1
00183,1,1056,178,197,152,0.98044384,-1,-1,-1
00183,1,1119,80,152,112,0.9282776,-1,-1,-1
00183,1,598,114,154,127,0.899208,-1,-1,-1
00184,1,1403,137,156,144,0.9904619,-1,-1,-1
00184,1,1048,185,209,149,0.979106,-1,-1,-1
00184,1,594,93,169,143,0.93060166,-1,-1,-1
00184,1,1110,86,163,104,0.8799017,-1,-1,-1
00184,1,333,76,151,133,0.80104876,-1,-1,-1
00184,1,1533,113,252,153,0.7864487,-1,-1,-1
00185,1,1403,137,157,144,0.9901355,-1,-1,-1
00185,1,1048,185,210,149,0.9791166,-1,-1,-1
00185,1,587,119,157,123,0.9494233,-1,-1,-1
00185,1,1110,86,163,104,0.8781043,-1,-1,-1
00185,1,1531,113,254,152,0.7648997,-1,-1,-1
00186,1,1403,138,157,142,0.98997855,-1,-1,-1
00186,1,1048,185,210,149,0.9758001,-1,-1,-1
00186,1,590,106,150,132,0.95249605,-1,-1,-1
00186,1,1114,85,157,105,0.88527757,-1,-1,-1
00186,1,350,68,139,144,0.7877019,-1,-1,-1
00187,1,1404,137,155,144,0.9899725,-1,-1,-1
00187,1,1047,185,210,149,0.97684,-1,-1,-1
00187,1,579,115,157,123,0.9590832,-1,-1,-1
00187,1,1114,85,157,104,0.8981312,-1,-1,-1
00187,1,352,78,140,133,0.71491444,-1,-1,-1
00188,1,572,115,159,123,0.9756032,-1,-1,-1
00188,1,1046,185,212,151,0.97422487,-1,-1,-1
00188,1,1398,131,155,150,0.9682317,-1,-1,-1
00188,1,1110,82,160,107,0.86474067,-1,-1,-1
00188,1,361,74,136,139,0.8340498,-1,-1,-1
00189,1,1403,140,156,141,0.9865985,-1,-1,-1
00189,1,1060,180,191,152,0.9790658,-1,-1,-1
00189,1,568,112,168,128,0.9667281,-1,-1,-1
00189,1,1107,66,159,130,0.8342494,-1,-1,-1
00189,1,1530,114,254,149,0.7677219,-1,-1,-1
00190,1,1403,139,156,142,0.9853555,-1,-1,-1
00190,1,1061,180,190,152,0.98007214,-1,-1,-1
00190,1,564,114,164,122,0.96845365,-1,-1,-1
00190,1,1107,66,159,130,0.8411508,-1,-1,-1
00190,1,1529,115,255,148,0.76682204,-1,-1,-1
00190,1,373,81,140,139,0.7213065,-1,-1,-1
00191,1,1403,139,157,142,0.98684305,-1,-1,-1
00191,1,555,113,181,124,0.975827,-1,-1,-1
00191,1,1045,187,214,149,0.97440886,-1,-1,-1
00191,1,1108,67,158,129,0.8390576,-1,-1,-1
00191,1,374,79,149,143,0.8185163,-1,-1,-1
00191,1,1531,115,252,148,0.7360126,-1,-1,-1
00192,1,1403,139,157,142,0.9864153,-1,-1,-1
00192,1,1045,186,214,150,0.97302365,-1,-1,-1
00192,1,547,111,192,125,0.95482993,-1,-1,-1
00192,1,1107,66,160,130,0.84216344,-1,-1,-1
00192,1,1531,115,253,148,0.7018429,-1,-1,-1
00193,1,1404,132,157,151,0.98442656,-1,-1,-1
00193,1,1045,184,213,152,0.9697193,-1,-1,-1
00193,1,548,122,146,111,0.9466035,-1,-1,-1
00193,1,1108,83,162,107,0.8417695,-1,-1,-1
00193,1,1528,116,255,147,0.7085254,-1,-1,-1
00194,1,1403,138,156,142,0.9847044,-1,-1,-1
00194,1,1045,183,212,152,0.9754402,-1,-1,-1
00194,1,545,125,139,105,0.9744874,-1,-1,-1
00194,1,1119,69,147,121,0.9118834,-1,-1,-1
00195,1,1403,138,156,142,0.9852807,-1,-1,-1
00195,1,1045,183,211,151,0.9761573,-1,-1,-1
00195,1,545,120,133,111,0.9758386,-1,-1,-1
00195,1,383,98,166,131,0.9573285,-1,-1,-1
00195,1,1120,69,146,122,0.9218662,-1,-1,-1
00196,1,1404,137,155,144,0.98905367,-1,-1,-1
00196,1,1057,180,192,146,0.9830335,-1,-1,-1
00196,1,541,117,153,113,0.9583662,-1,-1,-1
00196,1,391,101,159,130,0.93922645,-1,-1,-1
00196,1,1107,83,164,107,0.86518705,-1,-1,-1
00196,1,1529,101,241,164,0.70935667,-1,-1,-1
00197,1,1404,137,155,143,0.9895863,-1,-1,-1
00197,1,1047,183,210,151,0.9799111,-1,-1,-1
00197,1,388,99,168,130,0.9725398,-1,-1,-1
00197,1,533,113,155,113,0.9267676,-1,-1,-1
00197,1,1099,62,167,134,0.87482876,-1,-1,-1
00198,1,1402,139,157,141,0.986858,-1,-1,-1
00198,1,406,99,163,133,0.9672084,-1,-1,-1
00198,1,1045,185,211,150,0.9634314,-1,-1,-1
00198,1,541,115,132,108,0.86375463,-1,-1,-1
00198,1,1109,80,160,110,0.8557626,-1,-1,-1
00199,1,1405,133,156,151,0.9833266,-1,-1,-1
00199,1,410,103,165,136,0.9744168,-1,-1,-1
00199,1,1045,186,212,150,0.9709627,-1,-1,-1
00199,1,1109,64,159,133,0.8419002,-1,-1,-1
00199,1,1530,112,246,161,0.74713147,-1,-1,-1
00200,1,418,104,160,141,0.9884665,-1,-1,-1
00200,1,1405,134,156,150,0.9850551,-1,-1,-1
00200,1,1058,180,194,151,0.97647685,-1,-1,-1
00200,1,1107,78,163,112,0.8437772,-1,-1,-1
00200,1,1530,115,253,148,0.7491633,-1,-1,-1
00201,1,420,112,174,136,0.99346596,-1,-1,-1
00201,1,1403,139,156,143,0.986464,-1,-1,-1
00201,1,1057,179,194,152,0.97463214,-1,-1,-1
00201,1,1106,76,164,115,0.782833,-1,-1,-1
00201,1,1527,99,240,170,0.7562281,-1,-1,-1
00202,1,429,113,177,137,0.9890843,-1,-1,-1
00202,1,1404,139,155,142,0.98752636,-1,-1,-1
00202,1,1058,179,193,153,0.97828865,-1,-1,-1
00202,1,1111,77,157,114,0.7937645,-1,-1,-1
00202,1,1527,101,241,167,0.7277725,-1,-1,-1
00203,1,1406,134,151,150,0.98688614,-1,-1,-1
00203,1,1059,181,193,150,0.97939944,-1,-1,-1
00203,1,439,113,169,139,0.97516817,-1,-1,-1
00203,1,1093,73,180,126,0.8357565,-1,-1,-1
00203,1,1531,116,252,146,0.7517311,-1,-1,-1
00204,1,1405,134,151,149,0.98682016,-1,-1,-1
00204,1,440,107,181,149,0.98403925,-1,-1,-1
00204,1,1045,185,212,149,0.9743853,-1,-1,-1
00204,1,1109,80,160,110,0.831157,-1,-1,-1
00204,1,1531,117,250,146,0.7295646,-1,-1,-1
00205,1,448,113,177,146,0.9848798,-1,-1,-1
00205,1,1405,138,154,143,0.98304474,-1,-1,-1
00205,1,1046,184,211,150,0.97939134,-1,-1,-1
00205,1,1115,83,156,108,0.8403687,-1,-1,-1
00206,1,452,121,178,137,0.99273807,-1,-1,-1
00206,1,1405,137,155,145,0.9862343,-1,-1,-1
00206,1,1047,184,211,150,0.98149496,-1,-1,-1
00206,1,1115,83,158,109,0.8661312,-1,-1,-1
00207,1,465,120,175,147,0.9919172,-1,-1,-1
00207,1,1403,137,156,144,0.987189,-1,-1,-1
00207,1,1047,184,210,151,0.9806215,-1,-1,-1
00207,1,1114,86,159,103,0.8776515,-1,-1,-1
00208,1,470,121,176,147,0.9935968,-1,-1,-1
00208,1,1403,137,156,143,0.9878735,-1,-1,-1
00208,1,1047,184,211,151,0.9809287,-1,-1,-1
00208,1,1114,86,158,103,0.8778004,-1,-1,-1
00208,1,1522,114,263,152,0.7298888,-1,-1,-1
00209,1,479,116,176,153,0.98867583,-1,-1,-1
00209,1,1404,132,158,152,0.9807459,-1,-1,-1
00209,1,1047,185,211,150,0.9783902,-1,-1,-1
00209,1,1114,85,157,104,0.87685364,-1,-1,-1
00210,1,482,124,187,154,0.9928504,-1,-1,-1
00210,1,1403,139,156,143,0.98286414,-1,-1,-1
00210,1,1044,185,214,152,0.9754233,-1,-1,-1
00210,1,1123,69,144,122,0.90599084,-1,-1,-1
00211,1,491,126,181,153,0.98739105,-1,-1,-1
00211,1,1405,135,151,149,0.9861416,-1,-1,-1
00211,1,1043,185,215,152,0.96946007,-1,-1,-1
00211,1,1123,70,144,121,0.8946137,-1,-1,-1
00211,1,1529,110,249,162,0.7151158,-1,-1,-1
00212,1,1405,135,157,150,0.9794286,-1,-1,-1
00212,1,1043,185,215,152,0.9669384,-1,-1,-1
00212,1,500,133,187,152,0.94200706,-1,-1,-1
00212,1,1121,69,145,122,0.9074855,-1,-1,-1
00212,1,1525,114,261,148,0.71110237,-1,-1,-1
00213,1,1403,139,156,143,0.9841664,-1,-1,-1
00213,1,1045,186,214,152,0.9654877,-1,-1,-1
00213,1,507,130,199,163,0.96108824,-1,-1,-1
00213,1,1110,78,157,114,0.7634905,-1,-1,-1
00213,1,1524,113,261,150,0.7276631,-1,-1,-1
00214,1,1404,139,155,143,0.9853114,-1,-1,-1
00214,1,517,133,199,162,0.96878326,-1,-1,-1
00214,1,1045,186,213,152,0.9650097,-1,-1,-1
00214,1,1123,69,144,122,0.91136163,-1,-1,-1
00214,1,484,108,121,105,0.7452324,-1,-1,-1
00214,1,1525,115,260,147,0.7011213,-1,-1,-1
00215,1,1405,134,150,149,0.986459,-1,-1,-1
00215,1,530,137,200,157,0.97695816,-1,-1,-1
00215,1,1046,184,212,153,0.97432196,-1,-1,-1
00215,1,476,97,129,116,0.8884348,-1,-1,-1
00215,1,1111,85,159,105,0.8713809,-1,-1,-1
00216,1,1405,133,150,150,0.98528093,-1,-1,-1
00216,1,541,145,190,153,0.98386616,-1,-1,-1
00216,1,1045,184,213,152,0.9721129,-1,-1,-1
00216,1,1117,84,153,106,0.83324003,-1,-1,-1
00216,1,474,103,123,105,0.7605484,-1,-1,-1
00217,1,550,138,191,165,0.9894595,-1,-1,-1
00217,1,1404,133,157,150,0.9819841,-1,-1,-1
00217,1,1045,184,213,152,0.97148144,-1,-1,-1
00217,1,466,95,129,110,0.88537765,-1,-1,-1
00217,1,1115,85,157,106,0.85602313,-1,-1,-1
00217,1,1522,114,263,152,0.70797163,-1,-1,-1
00218,1,559,139,194,168,0.9902104,-1,-1,-1
00218,1,1404,132,157,151,0.98164225,-1,-1,-1
00218,1,1046,184,212,152,0.97287387,-1,-1,-1
00218,1,1115,85,156,106,0.83707947,-1,-1,-1
00218,1,464,96,122,105,0.78879786,-1,-1,-1
00219,1,1404,133,158,151,0.97929734,-1,-1,-1
00219,1,566,141,198,168,0.9774794,-1,-1,-1
00219,1,1044,184,214,153,0.9674193,-1,-1,-1
00219,1,459,93,125,106,0.8822693,-1,-1,-1
00219,1,1117,84,154,106,0.8042233,-1,-1,-1
00220,1,570,144,208,172,0.98438346,-1,-1,-1
00220,1,1400,131,152,152,0.9777675,-1,-1,-1
00220,1,1044,184,214,152,0.970931,-1,-1,-1
00220,1,450,76,136,122,0.93373054,-1,-1,-1
00220,1,1113,83,157,108,0.78445244,-1,-1,-1
00221,1,587,142,203,182,0.9811654,-1,-1,-1
00221,1,1404,134,158,150,0.9769866,-1,-1,-1
00221,1,1045,185,213,152,0.97182953,-1,-1,-1
00221,1,449,79,134,114,0.8264355,-1,-1,-1
00221,1,1106,82,164,109,0.78965884,-1,-1,-1
00221,1,1524,116,260,149,0.75738317,-1,-1,-1
00222,1,598,145,207,188,0.98561144,-1,-1,-1
00222,1,1404,134,158,150,0.9781286,-1,-1,-1
00222,1,1041,185,219,152,0.9697496,-1,-1,-1
00222,1,443,79,134,117,0.93007326,-1,-1,-1
00223,1,602,147,218,192,0.9886817,-1,-1,-1
00223,1,1404,134,157,150,0.9798018,-1,-1,-1
00223,1,1042,185,218,152,0.96829075,-1,-1,-1
00223,1,443,79,130,114,0.88519657,-1,-1,-1
00223,1,1108,78,160,113,0.7081333,-1,-1,-1
00224,1,1405,133,157,150,0.9824126,-1,-1,-1
00224,1,1043,185,216,152,0.97472215,-1,-1,-1
00224,1,615,154,218,186,0.967993,-1,-1,-1
00224,1,443,80,125,112,0.844947,-1,-1,-1
00224,1,1114,84,157,107,0.8007916,-1,-1,-1
00224,1,1525,115,258,151,0.76081973,-1,-1,-1
00225,1,1405,133,157,151,0.98023325,-1,-1,-1
00225,1,1044,185,215,152,0.97461873,-1,-1,-1
00225,1,628,160,223,188,0.96881735,-1,-1,-1
00225,1,1115,84,156,107,0.78919107,-1,-1,-1
00225,1,432,68,146,123,0.7074123,-1,-1,-1
00226,1,1404,133,157,151,0.9813974,-1,-1,-1
00226,1,1045,185,214,152,0.9719597,-1,-1,-1
00226,1,637,167,227,183,0.9631239,-1,-1,-1
00226,1,1109,85,163,105,0.8201863,-1,-1,-1
00227,1,1403,139,155,141,0.9860253,-1,-1,-1
00227,1,648,174,229,179,0.98455274,-1,-1,-1
00227,1,1058,179,194,150,0.9827132,-1,-1,-1
00227,1,1120,86,152,104,0.823964,-1,-1,-1
00228,1,1404,133,157,151,0.9823959,-1,-1,-1
00228,1,1058,178,194,152,0.98132026,-1,-1,-1
00228,1,660,181,242,182,0.97819954,-1,-1,-1
00228,1,1119,86,154,104,0.8274942,-1,-1,-1
00228,1,1530,117,255,151,0.8066026,-1,-1,-1
00228,1,428,71,139,121,0.7540813,-1,-1,-1
00229,1,1405,134,155,149,0.98704576,-1,-1,-1
00229,1,669,177,251,191,0.9869955,-1,-1,-1
00229,1,1058,177,195,153,0.98230606,-1,-1,-1
00229,1,1120,86,153,105,0.85434026,-1,-1,-1
00229,1,421,68,145,123,0.83020246,-1,-1,-1
00230,1,1405,134,155,149,0.9874643,-1,-1,-1
00230,1,679,181,250,189,0.98350173,-1,-1,-1
00230,1,1059,177,193,153,0.9825858,-1,-1,-1
00230,1,1120,85,152,106,0.84697074,-1,-1,-1
00230,1,419,67,144,122,0.84457505,-1,-1,-1
00230,1,1528,117,256,148,0.7859587,-1,-1,-1
00231,1,1405,134,155,150,0.98728496,-1,-1,-1
00231,1,695,188,256,200,0.98428476,-1,-1,-1
00231,1,1044,185,214,151,0.96734995,-1,-1,-1
00231,1,417,66,142,123,0.886803,-1,-1,-1
00231,1,1109,83,161,109,0.85223776,-1,-1,-1
00231,1,1527,119,251,150,0.8016296,-1,-1,-1
00232,1,707,183,261,211,0.99016505,-1,-1,-1
00232,1,1402,135,151,146,0.98428345,-1,-1,-1
00232,1,416,65,138,123,0.9322801,-1,-1,-1
00232,1,1051,176,213,166,0.8991477,-1,-1,-1
00232,1,961,148,210,155,0.8332307,-1,-1,-1
00232,1,1109,64,157,133,0.8003292,-1,-1,-1
00232,1,1529,116,256,148,0.75564355,-1,-1,-1
00233,1,715,187,269,211,0.991413,-1,-1,-1
00233,1,1402,134,151,147,0.98429686,-1,-1,-1
00233,1,1044,185,214,151,0.9623115,-1,-1,-1
00233,1,1630,324,291,259,0.96027786,-1,-1,-1
00233,1,1119,83,151,109,0.8054254,-1,-1,-1
00233,1,410,58,138,127,0.780021,-1,-1,-1
00234,1,743,198,266,210,0.99126315,-1,-1,-1
00234,1,1404,138,155,143,0.98786616,-1,-1,-1
00234,1,1046,185,213,150,0.96447664,-1,-1,-1
00234,1,1597,303,324,278,0.90478253,-1,-1,-1
00234,1,1118,83,153,109,0.79941326,-1,-1,-1
00235,1,1404,138,156,143,0.989244,-1,-1,-1
00235,1,756,205,277,215,0.9865693,-1,-1,-1
00235,1,1058,178,195,154,0.9791763,-1,-1,-1
00235,1,1572,297,349,276,0.9606493,-1,-1,-1
00235,1,1113,72,157,121,0.9035758,-1,-1,-1
00236,1,1404,139,156,142,0.988634,-1,-1,-1
00236,1,777,202,279,226,0.9794288,-1,-1,-1
00236,1,1541,290,380,275,0.9708062,-1,-1,-1
00236,1,1054,179,205,160,0.9383749,-1,-1,-1
00236,1,1119,84,152,108,0.82334715,-1,-1,-1
00237,1,1503,287,398,279,0.9890752,-1,-1,-1
00237,1,1404,134,158,151,0.98310685,-1,-1,-1
00237,1,1059,174,196,156,0.9765113,-1,-1,-1
00237,1,794,205,288,228,0.9709971,-1,-1,-1
00237,1,1113,84,158,108,0.8431365,-1,-1,-1
00238,1,1404,138,155,143,0.9885988,-1,-1,-1
00238,1,1477,281,376,272,0.9862714,-1,-1,-1
00238,1,808,214,301,235,0.9628928,-1,-1,-1
00238,1,1059,175,194,154,0.9606316,-1,-1,-1
00238,1,1114,84,157,108,0.83816016,-1,-1,-1
00239,1,1439,272,379,276,0.99273527,-1,-1,-1
00239,1,1406,134,155,151,0.9807364,-1,-1,-1
00239,1,820,218,315,240,0.9665941,-1,-1,-1
00239,1,1061,176,194,154,0.9482415,-1,-1,-1
00239,1,1113,86,159,106,0.84090495,-1,-1,-1
00239,1,851,128,160,135,0.74815476,-1,-1,-1
00240,1,1425,276,360,261,0.9930143,-1,-1,-1
00240,1,1406,133,154,152,0.9766148,-1,-1,-1
00240,1,838,218,314,249,0.9693406,-1,-1,-1
00240,1,1110,85,161,107,0.84103835,-1,-1,-1
00240,1,847,123,174,148,0.8078844,-1,-1,-1
00241,1,1392,263,357,264,0.9893829,-1,-1,-1
00241,1,1406,135,153,150,0.9697817,-1,-1,-1
00241,1,861,223,308,254,0.96732616,-1,-1,-1
00241,1,1110,65,158,133,0.80716103,-1,-1,-1
00242,1,1358,262,359,254,0.9927314,-1,-1,-1
00242,1,882,228,321,260,0.99105704,-1,-1,-1
00242,1,1406,134,152,152,0.969964,-1,-1,-1
00242,1,1112,85,160,105,0.78891283,-1,-1,-1
00242,1,1531,122,260,145,0.727384,-1,-1,-1
00243,1,1334,256,355,251,0.99279445,-1,-1,-1
00243,1,896,239,325,255,0.98480725,-1,-1,-1
00243,1,1407,134,152,153,0.9684372,-1,-1,-1
00243,1,1538,125,252,140,0.7704172,-1,-1,-1
00243,1,1112,84,160,106,0.76828873,-1,-1,-1
00244,1,1311,251,357,247,0.99147594,-1,-1,-1
00244,1,1407,137,146,150,0.9771541,-1,-1,-1
00244,1,915,236,326,267,0.97375613,-1,-1,-1
00244,1,1111,84,160,108,0.76875526,-1,-1,-1
00245,1,1283,246,357,244,0.9944218,-1,-1,-1
00245,1,929,234,336,280,0.97722965,-1,-1,-1
00245,1,1407,138,147,151,0.95997024,-1,-1,-1
00245,1,1110,85,162,106,0.77842504,-1,-1,-1
00245,1,1533,121,253,140,0.72239745,-1,-1,-1
00246,1,1257,246,343,237,0.991704,-1,-1,-1
00246,1,953,246,341,272,0.97222215,-1,-1,-1
00246,1,1407,138,146,151,0.96809375,-1,-1,-1
00246,1,1114,85,158,105,0.7766536,-1,-1,-1
00246,1,1533,115,246,149,0.7429704,-1,-1,-1
00247,1,971,246,359,276,0.9863193,-1,-1,-1
00247,1,1242,244,323,227,0.9828538,-1,-1,-1
00247,1,1407,138,152,148,0.968895,-1,-1,-1
00247,1,377,61,131,123,0.80066323,-1,-1,-1
00247,1,1103,62,167,137,0.7381481,-1,-1,-1
00248,1,994,253,367,285,0.9910649,-1,-1,-1
00248,1,1408,138,151,148,0.95618534,-1,-1,-1
00248,1,1532,117,251,146,0.8299925,-1,-1,-1
00248,1,1228,232,295,237,0.81185067,-1,-1,-1
00248,1,1105,83,167,107,0.71298397,-1,-1,-1
00249,1,1003,267,388,280,0.99366957,-1,-1,-1
00249,1,1408,135,150,147,0.95731604,-1,-1,-1
00249,1,1111,70,158,122,0.7455051,-1,-1,-1
00250,1,1027,278,386,295,0.97361666,-1,-1,-1
00250,1,1405,135,155,148,0.96469957,-1,-1,-1
00250,1,367,61,133,121,0.77801317,-1,-1,-1
00251,1,1405,134,155,150,0.9655046,-1,-1,-1
00251,1,1063,277,370,294,0.95329475,-1,-1,-1
00251,1,1533,116,249,149,0.8344921,-1,-1,-1
00251,1,1112,71,158,121,0.71346885,-1,-1,-1
00252,1,1405,133,156,151,0.9738227,-1,-1,-1
00252,1,1089,281,367,294,0.9242547,-1,-1,-1
00252,1,1531,117,252,147,0.7781826,-1,-1,-1
00253,1,1106,296,401,311,0.9937291,-1,-1,-1
00253,1,1405,134,154,151,0.98290205,-1,-1,-1
00253,1,1530,116,253,145,0.7906017,-1,-1,-1
00253,1,366,64,128,117,0.78082156,-1,-1,-1
00253,1,1115,73,153,120,0.7733284,-1,-1,-1
00254,1,1152,320,381,304,0.99481213,-1,-1,-1
00254,1,1406,133,154,151,0.98201203,-1,-1,-1
00254,1,363,63,140,115,0.7506469,-1,-1,-1
00255,1,1149,313,429,317,0.99726886,-1,-1,-1
00255,1,1405,137,153,144,0.9881296,-1,-1,-1
00255,1,1116,79,145,113,0.7950066,-1,-1,-1
00255,1,361,63,142,112,0.75649285,-1,-1,-1
00256,1,1181,318,418,326,0.9969433,-1,-1,-1
00256,1,1405,135,155,150,0.98283607,-1,-1,-1
00256,1,1030,183,315,234,0.94895977,-1,-1,-1
00256,1,1114,77,147,113,0.7586508,-1,-1,-1
00256,1,1529,110,254,157,0.7304768,-1,-1,-1
00257,1,1203,310,429,351,0.99767786,-1,-1,-1
00257,1,1401,133,151,150,0.9868618,-1,-1,-1
00257,1,996,177,305,224,0.9486051,-1,-1,-1
00257,1,363,65,108,109,0.8814689,-1,-1,-1
00257,1,961,151,208,152,0.85964257,-1,-1,-1
00258,1,1243,321,425,344,0.9973273,-1,-1,-1
00258,1,998,183,299,231,0.9852646,-1,-1,-1
00258,1,1404,133,156,151,0.9828242,-1,-1,-1
00258,1,359,65,111,106,0.82574534,-1,-1,-1
00258,1,1111,81,157,110,0.7122368,-1,-1,-1
00259,1,1269,331,433,353,0.9963398,-1,-1,-1
00259,1,1404,134,157,151,0.9811334,-1,-1,-1
00259,1,992,179,293,232,0.94948703,-1,-1,-1
00259,1,356,64,120,109,0.79338986,-1,-1,-1
00259,1,1101,78,166,114,0.75466543,-1,-1,-1
00260,1,1292,342,441,358,0.99426633,-1,-1,-1
00260,1,1402,139,157,143,0.9876538,-1,-1,-1
00260,1,978,180,289,230,0.95058525,-1,-1,-1
00260,1,352,64,123,107,0.8569879,-1,-1,-1
00260,1,1108,75,158,116,0.736541,-1,-1,-1
00261,1,1319,354,438,354,0.9907258,-1,-1,-1
00261,1,1405,133,156,151,0.9837458,-1,-1,-1
00261,1,971,181,276,219,0.93535864,-1,-1,-1
00261,1,1109,82,161,110,0.7512028,-1,-1,-1
00261,1,1527,118,257,143,0.7387675,-1,-1,-1
00262,1,1350,352,453,380,0.9893209,-1,-1,-1
00262,1,1402,139,157,142,0.98735577,-1,-1,-1
00262,1,957,168,284,224,0.98440915,-1,-1,-1
00262,1,1107,76,158,117,0.7465224,-1,-1,-1
00263,1,1377,356,424,388,0.98940265,-1,-1,-1
00263,1,1403,139,156,142,0.98855174,-1,-1,-1
00263,1,938,167,283,209,0.9853762,-1,-1,-1
00263,1,1110,70,159,122,0.8073568,-1,-1,-1
00263,1,1535,109,235,158,0.7340804,-1,-1,-1
00264,1,929,159,315,210,0.9911186,-1,-1,-1
00264,1,1401,134,151,146,0.9814983,-1,-1,-1
00264,1,1389,377,439,383,0.9748718,-1,-1,-1
00264,1,1107,77,158,115,0.77624714,-1,-1,-1
00264,1,1527,117,254,145,0.7417992,-1,-1,-1
00265,1,1403,139,156,143,0.98980135,-1,-1,-1
00265,1,918,158,294,198,0.98231894,-1,-1,-1
00265,1,1407,397,485,380,0.9812277,-1,-1,-1
00265,1,1113,71,154,123,0.84307396,-1,-1,-1
00265,1,850,137,160,128,0.75094604,-1,-1,-1
00265,1,1523,115,254,156,0.7369362,-1,-1,-1
00266,1,905,165,288,190,0.99251795,-1,-1,-1
00266,1,1403,139,156,143,0.9908723,-1,-1,-1
00266,1,1432,375,481,420,0.9675138,-1,-1,-1
00266,1,1528,114,255,152,0.8693528,-1,-1,-1
00266,1,1106,75,160,119,0.8120441,-1,-1,-1
00267,1,888,169,283,180,0.9883178,-1,-1,-1
00267,1,1403,139,156,141,0.9877495,-1,-1,-1
00267,1,1501,413,420,391,0.9776368,-1,-1,-1
00267,1,1065,184,181,145,0.9405423,-1,-1,-1
00267,1,1108,84,162,108,0.86440206,-1,-1,-1
00267,1,328,65,130,97,0.76244605,-1,-1,-1
00268,1,1403,139,157,142,0.9869148,-1,-1,-1
00268,1,1517,407,402,421,0.9866802,-1,-1,-1
00268,1,878,165,281,181,0.98200476,-1,-1,-1
00268,1,1055,178,195,158,0.9627036,-1,-1,-1
00268,1,1110,72,158,122,0.8598251,-1,-1,-1
00268,1,1540,112,230,157,0.73649555,-1,-1,-1
00269,1,1069,190,193,150,0.9892725,-1,-1,-1
00269,1,1402,138,157,142,0.9858284,-1,-1,-1
00269,1,872,165,249,173,0.94466114,-1,-1,-1
00269,1,1526,427,395,428,0.88629305,-1,-1,-1
00269,1,1102,79,166,113,0.8443797,-1,-1,-1
00269,1,1533,105,235,163,0.76229846,-1,-1,-1
00269,1,329,62,108,102,0.7577624,-1,-1,-1
00270,1,1403,139,156,141,0.9882593,-1,-1,-1
00270,1,1061,182,193,153,0.97868335,-1,-1,-1
00270,1,867,156,240,183,0.9645782,-1,-1,-1
00270,1,1117,87,154,105,0.8925328,-1,-1,-1
00270,1,1560,412,354,459,0.757097,-1,-1,-1
00271,1,848,143,258,193,0.9895169,-1,-1,-1
00271,1,1401,139,157,141,0.98599666,-1,-1,-1
00271,1,1036,182,220,153,0.97809803,-1,-1,-1
00271,1,1108,71,160,122,0.8455617,-1,-1,-1
00272,1,845,150,230,183,0.9963374,-1,-1,-1
00272,1,1400,135,153,148,0.9840868,-1,-1,-1
00272,1,1060,174,193,163,0.9779286,-1,-1,-1
00272,1,1112,82,156,112,0.90128475,-1,-1,-1
00273,1,842,152,222,174,0.99493647,-1,-1,-1
00273,1,1402,139,157,142,0.9871029,-1,-1,-1
00273,1,1042,186,215,149,0.9643516,-1,-1,-1
00273,1,1104,81,166,111,0.87354326,-1,-1,-1
00273,1,1533,117,248,147,0.7327073,-1,-1,-1
00274,1,834,148,211,175,0.98899734,-1,-1,-1
00274,1,1402,139,156,142,0.9843626,-1,-1,-1
00274,1,1040,186,215,149,0.9510057,-1,-1,-1
00274,1,1101,80,168,113,0.8858702,-1,-1,-1
00275,1,824,145,215,174,0.9911259,-1,-1,-1
00275,1,1401,139,158,141,0.9851392,-1,-1,-1
00275,1,1040,185,216,150,0.9358471,-1,-1,-1
00275,1,1105,79,162,115,0.87657464,-1,-1,-1
00275,1,1530,115,249,154,0.8057476,-1,-1,-1
00276,1,808,151,219,168,0.99653673,-1,-1,-1
00276,1,1400,139,158,140,0.9852225,-1,-1,-1
00276,1,1044,186,212,148,0.9572685,-1,-1,-1
00276,1,1107,71,162,123,0.8778062,-1,-1,-1
00276,1,1530,105,239,160,0.70608884,-1,-1,-1
00277,1,801,143,213,170,0.9921697,-1,-1,-1
00277,1,1400,133,153,148,0.98370355,-1,-1,-1
00277,1,1039,184,219,152,0.97367114,-1,-1,-1
00277,1,1110,83,161,108,0.8570237,-1,-1,-1
00278,1,791,143,207,164,0.9917476,-1,-1,-1
00278,1,1401,135,152,146,0.9861866,-1,-1,-1
00278,1,1038,186,221,149,0.97754955,-1,-1,-1
00278,1,1115,82,155,110,0.7928898,-1,-1,-1
00279,1,772,145,215,168,0.994858,-1,-1,-1
00279,1,1405,134,155,151,0.98514426,-1,-1,-1
00279,1,1039,183,219,153,0.97722,-1,-1,-1
00279,1,1109,83,161,106,0.82235885,-1,-1,-1
00279,1,1528,117,254,147,0.76266617,-1,-1,-1
00280,1,767,149,207,158,0.9920536,-1,-1,-1
00280,1,1406,136,155,150,0.9855173,-1,-1,-1
00280,1,1037,186,224,151,0.9721842,-1,-1,-1
00280,1,1109,78,159,114,0.7631233,-1,-1,-1
00280,1,1538,109,234,162,0.7000314,-1,-1,-1
00281,1,755,146,212,160,0.995262,-1,-1,-1
00281,1,1400,134,152,152,0.9728084,-1,-1,-1
00281,1,1057,178,191,153,0.9717217,-1,-1,-1
00281,1,1524,119,249,150,0.76957047,-1,-1,-1
00281,1,1103,70,166,123,0.7433227,-1,-1,-1
00282,1,746,147,208,162,0.99590045,-1,-1,-1
00282,1,1405,136,157,149,0.9863215,-1,-1,-1
00282,1,1038,186,223,150,0.9762157,-1,-1,-1
00282,1,1108,80,160,111,0.8242682,-1,-1,-1
00282,1,1529,116,250,154,0.7162489,-1,-1,-1
00283,1,733,143,220,163,0.9941533,-1,-1,-1
00283,1,1401,137,152,145,0.9835607,-1,-1,-1
00283,1,1056,178,193,153,0.96476007,-1,-1,-1
00283,1,1110,81,159,111,0.84841263,-1,-1,-1
00283,1,955,145,218,161,0.8296797,-1,-1,-1
00283,1,1538,110,232,160,0.70706415,-1,-1,-1
00284,1,715,147,220,154,0.98998547,-1,-1,-1
00284,1,1405,136,155,150,0.98299015,-1,-1,-1
00284,1,1040,187,224,151,0.9798697,-1,-1,-1
00284,1,1110,84,159,109,0.8021748,-1,-1,-1
00284,1,1525,117,250,151,0.77511096,-1,-1,-1
00284,1,956,147,216,161,0.7724838,-1,-1,-1
00285,1,709,139,216,158,0.99392694,-1,-1,-1
00285,1,1403,139,156,143,0.9847158,-1,-1,-1
00285,1,1054,177,193,153,0.97023624,-1,-1,-1
00285,1,1106,81,164,110,0.83452785,-1,-1,-1
00286,1,704,134,211,164,0.9856775,-1,-1,-1
00286,1,1403,139,156,144,0.9848326,-1,-1,-1
00286,1,1039,183,222,153,0.9701292,-1,-1,-1
00286,1,1097,64,170,133,0.83546764,-1,-1,-1
00287,1,692,136,204,151,0.98919386,-1,-1,-1
00287,1,1401,137,154,145,0.98512995,-1,-1,-1
00287,1,1039,184,221,153,0.9722624,-1,-1,-1
00287,1,1110,71,159,122,0.8662173,-1,-1,-1
00287,1,953,144,218,160,0.7930533,-1,-1,-1
00287,1,1534,104,236,166,0.7073846,-1,-1,-1
00288,1,682,127,217,171,0.98854524,-1,-1,-1
00288,1,1401,134,152,146,0.98435193,-1,-1,-1
00288,1,1040,184,217,153,0.97038996,-1,-1,-1
00288,1,1102,81,168,110,0.7892971,-1,-1,-1
00288,1,1529,112,251,160,0.7098997,-1,-1,-1
00289,1,1405,135,156,148,0.9878797,-1,-1,-1
00289,1,1043,185,214,151,0.97905135,-1,-1,-1
00289,1,674,120,203,169,0.9753783,-1,-1,-1
00289,1,1105,82,165,109,0.8547767,-1,-1,-1
00290,1,1401,138,153,143,0.9838508,-1,-1,-1
00290,1,664,130,207,155,0.9770229,-1,-1,-1
00290,1,1058,179,191,151,0.97427434,-1,-1,-1
00290,1,1103,80,166,113,0.80110174,-1,-1,-1
00291,1,1403,140,157,141,0.98801255,-1,-1,-1
00291,1,649,126,222,164,0.987955,-1,-1,-1
00291,1,1041,184,218,153,0.97704816,-1,-1,-1
00291,1,1109,82,162,111,0.80201674,-1,-1,-1
00291,1,1533,101,237,168,0.70260745,-1,-1,-1
00292,1,1402,140,157,141,0.98684186,-1,-1,-1
00292,1,627,118,234,175,0.9846919,-1,-1,-1
00292,1,1039,184,222,153,0.97581315,-1,-1,-1
00292,1,1118,68,149,123,0.86160934,-1,-1,-1
00292,1,953,144,218,161,0.7988867,-1,-1,-1
00293,1,622,125,231,159,0.9913809,-1,-1,-1
00293,1,1405,137,155,147,0.98715913,-1,-1,-1
00293,1,1058,176,193,157,0.97598696,-1,-1,-1
00293,1,955,146,215,161,0.8278773,-1,-1,-1
00293,1,1104,79,165,113,0.7953766,-1,-1,-1
00293,1,1527,110,243,157,0.7853746,-1,-1,-1
00294,1,1405,137,156,147,0.98737967,-1,-1,-1
00294,1,609,119,225,161,0.98207897,-1,-1,-1
00294,1,1040,186,222,151,0.98125964,-1,-1,-1
00294,1,1104,82,166,110,0.7881144,-1,-1,-1
00295,1,592,119,235,160,0.9916892,-1,-1,-1
00295,1,1404,136,157,148,0.98697567,-1,-1,-1
00295,1,1040,185,222,152,0.9801297,-1,-1,-1
00295,1,1530,116,253,150,0.8558152,-1,-1,-1
00295,1,1103,82,167,110,0.7927606,-1,-1,-1
00296,1,577,113,235,167,0.9916276,-1,-1,-1
00296,1,1404,138,156,146,0.98707724,-1,-1,-1
00296,1,1060,177,192,156,0.98247355,-1,-1,-1
00296,1,953,145,215,160,0.82187074,-1,-1,-1
00296,1,1103,82,166,110,0.8019237,-1,-1,-1
00296,1,1521,121,259,150,0.756574,-1,-1,-1
00297,1,558,117,253,157,0.9931437,-1,-1,-1
00297,1,1404,134,157,150,0.98565775,-1,-1,-1
00297,1,1041,184,218,152,0.9758099,-1,-1,-1
00297,1,1114,84,159,108,0.83130884,-1,-1,-1
00297,1,954,143,217,161,0.7664237,-1,-1,-1
00297,1,1534,108,236,160,0.71560353,-1,-1,-1
00298,1,550,122,230,152,0.9945962,-1,-1,-1
00298,1,1405,134,156,150,0.9864829,-1,-1,-1
00298,1,1040,184,220,152,0.9747501,-1,-1,-1
00298,1,1114,84,159,108,0.8454459,-1,-1,-1
00298,1,954,143,218,160,0.76254016,-1,-1,-1
00298,1,1521,114,259,152,0.7289811,-1,-1,-1
00299,1,532,110,239,159,0.99768925,-1,-1,-1
00299,1,1401,135,153,146,0.98386705,-1,-1,-1
00299,1,1040,185,220,152,0.977495,-1,-1,-1
00299,1,1107,81,163,109,0.8538571,-1,-1,-1
00299,1,955,143,217,161,0.76676816,-1,-1,-1
00299,1,1537,109,233,159,0.7076995,-1,-1,-1
00300,1,518,117,233,157,0.99174994,-1,-1,-1
00300,1,1400,132,153,146,0.9826187,-1,-1,-1
00300,1,1044,185,214,151,0.97682995,-1,-1,-1
00300,1,1106,82,165,108,0.85415095,-1,-1,-1
00300,1,955,144,215,159,0.7667646,-1,-1,-1
00300,1,1532,114,245,158,0.7445517,-1,-1,-1
00301,1,508,113,234,155,0.99460137,-1,-1,-1
00301,1,1400,133,153,147,0.98467296,-1,-1,-1
00301,1,1042,186,217,150,0.9775703,-1,-1,-1
00301,1,1115,82,156,109,0.8509448,-1,-1,-1
00301,1,1534,118,249,145,0.7805519,-1,-1,-1
00301,1,955,144,213,159,0.7424376,-1,-1,-1
00302,1,476,118,252,150,0.99728227,-1,-1,-1
00302,1,1403,139,156,142,0.9863625,-1,-1,-1
00302,1,1040,186,220,150,0.97245556,-1,-1,-1
00302,1,1107,80,163,112,0.8463807,-1,-1,-1
00302,1,1539,116,242,148,0.83272296,-1,-1,-1
00302,1,955,144,215,160,0.74586964,-1,-1,-1
00303,1,463,118,256,151,0.9972383,-1,-1,-1
00303,1,1401,134,153,147,0.9865189,-1,-1,-1
00303,1,1039,184,220,152,0.9713903,-1,-1,-1
00303,1,1113,82,158,110,0.85047543,-1,-1,-1
00303,1,1536,117,247,147,0.77439106,-1,-1,-1
00303,1,955,144,215,159,0.7453648,-1,-1,-1
00304,1,439,119,253,145,0.9983084,-1,-1,-1
00304,1,1400,136,153,145,0.98605204,-1,-1,-1
00304,1,1039,185,220,151,0.9725131,-1,-1,-1
00304,1,1110,82,160,109,0.8549025,-1,-1,-1
00304,1,1534,114,249,152,0.8046545,-1,-1,-1
00304,1,955,144,214,159,0.7588001,-1,-1,-1
00305,1,421,123,259,136,0.9976373,-1,-1,-1
00305,1,1405,137,156,149,0.9810204,-1,-1,-1
00305,1,1058,177,193,155,0.9803695,-1,-1,-1
00305,1,1109,82,160,110,0.82876855,-1,-1,-1
00305,1,956,146,211,158,0.79583776,-1,-1,-1
00305,1,1537,118,232,151,0.70626014,-1,-1,-1
00306,1,398,117,255,146,0.9967816,-1,-1,-1
00306,1,1404,139,156,142,0.9865509,-1,-1,-1
00306,1,1039,185,222,152,0.96741164,-1,-1,-1
00306,1,1107,82,165,108,0.8446179,-1,-1,-1
00306,1,1522,115,255,153,0.7888998,-1,-1,-1
00306,1,957,144,215,159,0.77220756,-1,-1,-1
00307,1,374,120,263,142,0.99529284,-1,-1,-1
00307,1,1403,140,156,140,0.983463,-1,-1,-1
00307,1,1041,185,219,153,0.97614145,-1,-1,-1
00307,1,1529,116,253,146,0.80386925,-1,-1,-1
00307,1,1114,85,158,107,0.79510003,-1,-1,-1
00308,1,359,117,252,146,0.9928046,-1,-1,-1
00308,1,1403,140,156,141,0.98440623,-1,-1,-1
00308,1,1046,183,216,157,0.9133635,-1,-1,-1
00308,1,1117,77,148,116,0.84728444,-1,-1,-1
00308,1,1529,117,255,145,0.77999824,-1,-1,-1
00309,1,1402,140,157,141,0.9850567,-1,-1,-1
00309,1,316,122,257,139,0.9839733,-1,-1,-1
00309,1,1045,184,211,151,0.9704705,-1,-1,-1
00309,1,1108,84,164,106,0.85054266,-1,-1,-1
00310,1,297,120,272,143,0.99488986,-1,-1,-1
00310,1,1403,134,158,149,0.9825691,-1,-1,-1
00310,1,1045,184,211,151,0.972726,-1,-1,-1
00310,1,1100,65,167,131,0.7518152,-1,-1,-1
00311,1,266,126,264,141,0.9923698,-1,-1,-1
00311,1,1405,135,155,148,0.986133,-1,-1,-1
00311,1,1054,175,206,168,0.91715735,-1,-1,-1
00311,1,1530,116,251,149,0.81319827,-1,-1,-1
00311,1,1117,84,155,107,0.76524353,-1,-1,-1
00312,1,241,128,276,140,0.9947541,-1,-1,-1
00312,1,1404,134,156,148,0.98548746,-1,-1,-1
00312,1,1043,183,213,152,0.9655237,-1,-1,-1
00312,1,1121,87,151,103,0.7963579,-1,-1,-1
00313,1,212,134,268,134,0.99016446,-1,-1,-1
00313,1,1401,133,152,146,0.9807735,-1,-1,-1
00313,1,1044,183,212,153,0.9706335,-1,-1,-1
00313,1,1110,65,158,131,0.7717698,-1,-1,-1
00313,1,1529,114,255,148,0.7277554,-1,-1,-1
00314,1,193,134,271,134,0.99192446,-1,-1,-1
00314,1,1403,140,155,141,0.9837292,-1,-1,-1
00314,1,1041,185,217,153,0.9684378,-1,-1,-1
00314,1,1119,73,150,120,0.8650559,-1,-1,-1
00314,1,1530,103,241,165,0.7233933,-1,-1,-1
00315,1,1402,135,152,146,0.9833908,-1,-1,-1
00315,1,1041,185,217,152,0.966652,-1,-1,-1
00315,1,163,124,271,137,0.9511355,-1,-1,-1
00315,1,1113,72,157,120,0.828734,-1,-1,-1
00315,1,1532,116,250,147,0.7798097,-1,-1,-1
00316,1,1402,135,151,145,0.9820592,-1,-1,-1
00316,1,145,124,278,138,0.97727454,-1,-1,-1
00316,1,1040,185,218,153,0.96876335,-1,-1,-1
00316,1,1111,71,159,122,0.864791,-1,-1,-1
00316,1,1531,115,253,149,0.8004259,-1,-1,-1
00317,1,1404,137,156,146,0.9831904,-1,-1,-1
00317,1,1045,187,216,151,0.9785315,-1,-1,-1
00317,1,112,136,255,130,0.9560204,-1,-1,-1
00317,1,1525,122,251,148,0.83978254,-1,-1,-1
00317,1,955,145,214,159,0.8228998,-1,-1,-1
00317,1,1099,78,169,114,0.77746564,-1,-1,-1
00317,1,296,148,105,106,0.7376651,-1,-1,-1
00318,1,1404,139,156,142,0.9841411,-1,-1,-1
00318,1,1045,187,213,150,0.97420835,-1,-1,-1
00318,1,86,139,268,131,0.9476533,-1,-1,-1
00318,1,1122,85,147,105,0.85433954,-1,-1,-1
00319,1,1407,135,154,149,0.98338807,-1,-1,-1
00319,1,1047,186,210,150,0.9807129,-1,-1,-1
00319,1,46,133,266,135,0.89868355,-1,-1,-1
00319,1,1098,78,172,113,0.83002996,-1,-1,-1
00320,1,1404,140,156,142,0.98630106,-1,-1,-1
00320,1,1045,187,213,149,0.9745161,-1,-1,-1
00320,1,22,144,271,130,0.8904189,-1,-1,-1
00320,1,231,159,101,96,0.82783383,-1,-1,-1
00320,1,1530,112,254,153,0.82220644,-1,-1,-1
00320,1,1806,135,115,114,0.80128133,-1,-1,-1
00320,1,1101,79,168,112,0.79501605,-1,-1,-1
00321,1,1406,135,156,149,0.9818526,-1,-1,-1
00321,1,1047,185,211,151,0.97856355,-1,-1,-1
00321,1,0,139,268,135,0.9655466,-1,-1,-1
00321,1,1100,74,167,119,0.799503,-1,-1,-1
00321,1,1530,113,248,159,0.7884439,-1,-1,-1
00322,1,1779,114,142,127,0.9879336,-1,-1,-1
00322,1,1405,134,156,150,0.9780659,-1,-1,-1
00322,1,1049,185,208,151,0.976549,-1,-1,-1
00322,1,0,139,256,135,0.9282367,-1,-1,-1
00322,1,1103,79,168,112,0.83606356,-1,-1,-1
00323,1,1406,135,156,150,0.9827612,-1,-1,-1
00323,1,1048,185,210,152,0.97937596,-1,-1,-1
00323,1,1751,103,170,148,0.9263763,-1,-1,-1
00323,1,1092,73,178,120,0.77866393,-1,-1,-1
00323,1,0,152,226,125,0.73030555,-1,-1,-1
00324,1,1406,134,156,151,0.9786294,-1,-1,-1
00324,1,1046,186,212,151,0.9754612,-1,-1,-1
00324,1,1735,105,185,143,0.9011695,-1,-1,-1
00324,1,1092,61,173,137,0.8061261,-1,-1,-1
00325,1,1406,135,155,150,0.9805101,-1,-1,-1
00325,1,1045,185,213,151,0.97054803,-1,-1,-1
00325,1,1121,67,147,126,0.9194551,-1,-1,-1
00325,1,954,144,215,160,0.77456665,-1,-1,-1
00325,1,1728,105,193,147,0.76981753,-1,-1,-1
00326,1,1405,139,156,143,0.9843843,-1,-1,-1
00326,1,1042,187,218,151,0.96637505,-1,-1,-1
00326,1,1742,106,172,136,0.8092249,-1,-1,-1
00326,1,1541,116,241,152,0.7759585,-1,-1,-1
00327,1,1404,139,156,143,0.9833788,-1,-1,-1
00327,1,1043,186,217,151,0.96918505,-1,-1,-1
00327,1,1717,102,204,149,0.84934217,-1,-1,-1
00327,1,1102,75,165,119,0.7405266,-1,-1,-1
00327,1,1543,116,234,146,0.70807624,-1,-1,-1
00328,1,1404,140,156,142,0.9844034,-1,-1,-1
00328,1,1043,186,216,152,0.96883553,-1,-1,-1
00328,1,1117,67,151,126,0.87598705,-1,-1,-1
00328,1,1725,115,178,135,0.7794541,-1,-1,-1
00328,1,1542,124,233,140,0.718776,-1,-1,-1
00329,1,1403,137,151,147,0.9825765,-1,-1,-1
00329,1,1041,186,220,152,0.9730618,-1,-1,-1
00329,1,1536,131,246,134,0.84556615,-1,-1,-1
00329,1,1096,78,172,114,0.7188289,-1,-1,-1
00330,1,1406,137,156,148,0.98418576,-1,-1,-1
00330,1,1043,186,216,151,0.97035044,-1,-1,-1
00330,1,1542,130,243,134,0.87965,-1,-1,-1
00330,1,1097,78,172,115,0.79211926,-1,-1,-1
00330,1,269,81,107,95,0.770368,-1,-1,-1
00331,1,1404,140,156,140,0.9886947,-1,-1,-1
00331,1,1043,186,217,152,0.9732732,-1,-1,-1
00331,1,264,80,119,93,0.81464475,-1,-1,-1
00331,1,1113,80,157,112,0.78128326,-1,-1,-1
00331,1,1534,124,248,140,0.76069754,-1,-1,-1
00332,1,1404,140,156,140,0.9874992,-1,-1,-1
00332,1,1043,186,219,152,0.975083,-1,-1,-1
00332,1,266,73,117,103,0.952283,-1,-1,-1
00332,1,1123,69,145,123,0.93817025,-1,-1,-1
00332,1,1520,115,288,146,0.7713022,-1,-1,-1
00333,1,1405,135,156,149,0.9860742,-1,-1,-1
00333,1,1045,186,214,152,0.9741116,-1,-1,-1
00333,1,1120,67,147,125,0.92690396,-1,-1,-1
00333,1,265,73,125,105,0.8946895,-1,-1,-1
00333,1,1516,114,280,147,0.7346758,-1,-1,-1
00334,1,1405,134,156,150,0.9852047,-1,-1,-1
00334,1,1060,178,191,152,0.98099786,-1,-1,-1
00334,1,264,74,126,104,0.9488163,-1,-1,-1
00334,1,1107,83,164,108,0.80925566,-1,-1,-1
00334,1,1526,119,262,146,0.7512387,-1,-1,-1
00335,1,1403,140,156,140,0.98876804,-1,-1,-1
00335,1,1044,186,215,152,0.97392726,-1,-1,-1
00335,1,265,76,126,102,0.9621245,-1,-1,-1
00335,1,1531,115,248,149,0.81690764,-1,-1,-1
00336,1,1402,140,156,139,0.9882918,-1,-1,-1
00336,1,1044,186,216,152,0.97534615,-1,-1,-1
00336,1,268,77,129,101,0.9624137,-1,-1,-1
00336,1,1530,114,251,150,0.7987217,-1,-1,-1
00336,1,1112,81,157,110,0.74729764,-1,-1,-1
00337,1,1403,140,156,140,0.9901272,-1,-1,-1
00337,1,1061,179,192,153,0.9795278,-1,-1,-1
00337,1,277,82,118,95,0.9680911,-1,-1,-1
00337,1,1119,66,148,126,0.9052567,-1,-1,-1
00337,1,954,143,214,161,0.8020514,-1,-1,-1
00337,1,1530,103,238,164,0.7349151,-1,-1,-1
00338,1,1401,136,151,146,0.98432344,-1,-1,-1
00338,1,274,79,131,101,0.97291476,-1,-1,-1
00338,1,1046,184,218,155,0.91750693,-1,-1,-1
00338,1,1110,71,158,123,0.8628246,-1,-1,-1
00338,1,1534,109,233,159,0.783576,-1,-1,-1
00339,1,1403,140,156,141,0.9876716,-1,-1,-1
00339,1,278,81,127,100,0.98249346,-1,-1,-1
00339,1,1054,177,207,166,0.92339575,-1,-1,-1
00339,1,1106,79,162,112,0.80786896,-1,-1,-1
00339,1,1533,106,235,162,0.76477826,-1,-1,-1
00340,1,1399,140,159,140,0.9848466,-1,-1,-1
00340,1,279,81,126,101,0.97878236,-1,-1,-1
00340,1,1047,183,217,157,0.9141003,-1,-1,-1
00340,1,1115,81,154,111,0.7751891,-1,-1,-1
00340,1,1532,105,236,163,0.7363241,-1,-1,-1
00341,1,1391,132,157,148,0.9922551,-1,-1,-1
00341,1,284,84,122,100,0.9860595,-1,-1,-1
00341,1,1061,178,191,155,0.9785204,-1,-1,-1
00341,1,1536,111,233,156,0.79291743,-1,-1,-1
00341,1,1115,81,155,111,0.7509044,-1,-1,-1
00342,1,1379,135,170,140,0.9940094,-1,-1,-1
00342,1,288,85,118,100,0.9745796,-1,-1,-1
00342,1,1044,186,216,152,0.9677307,-1,-1,-1
00342,1,1120,70,148,122,0.92362696,-1,-1,-1
00342,1,957,143,212,161,0.7954303,-1,-1,-1
00342,1,1533,109,238,156,0.71959084,-1,-1,-1
00343,1,1059,177,193,153,0.9787148,-1,-1,-1
00343,1,1372,135,174,135,0.945785,-1,-1,-1
00343,1,292,89,113,95,0.8629149,-1,-1,-1
00343,1,1526,118,256,148,0.82520044,-1,-1,-1
00343,1,1117,85,154,105,0.7762071,-1,-1,-1
00344,1,1044,185,215,151,0.9721328,-1,-1,-1
00344,1,1344,131,207,136,0.9292707,-1,-1,-1
00344,1,293,88,115,98,0.9140066,-1,-1,-1
00344,1,1107,64,162,134,0.817281,-1,-1,-1
00344,1,1509,112,270,155,0.76577026,-1,-1,-1
00345,1,1046,185,213,152,0.9751145,-1,-1,-1
00345,1,295,89,116,97,0.9486566,-1,-1,-1
00345,1,1338,138,170,111,0.9206002,-1,-1,-1
00345,1,1115,84,157,108,0.8372247,-1,-1,-1
00345,1,1506,110,273,158,0.7244377,-1,-1,-1
00346,1,1047,185,210,151,0.9719943,-1,-1,-1
00346,1,1326,129,214,132,0.9628897,-1,-1,-1
00346,1,298,90,112,93,0.89879966,-1,-1,-1
00346,1,1111,81,159,111,0.8184354,-1,-1,-1
00347,1,1314,126,189,122,0.9832339,-1,-1,-1
00347,1,1046,186,211,151,0.9719297,-1,-1,-1
00347,1,300,88,119,96,0.848181,-1,-1,-1
00347,1,952,143,217,162,0.77883,-1,-1,-1
00347,1,1111,80,157,113,0.70828307,-1,-1,-1
00347,1,1535,108,237,159,0.7078127,-1,-1,-1
00348,1,1311,121,174,128,0.9803498,-1,-1,-1
00348,1,304,92,113,99,0.9789924,-1,-1,-1
00348,1,1046,187,212,150,0.9722757,-1,-1,-1
00348,1,1401,141,149,134,0.9233688,-1,-1,-1
00348,1,953,143,216,161,0.7840963,-1,-1,-1
00348,1,1106,80,161,112,0.7833971,-1,-1,-1
00349,1,1301,121,200,128,0.99123794,-1,-1,-1
00349,1,306,92,115,101,0.9798742,-1,-1,-1
00349,1,1048,187,210,150,0.9751662,-1,-1,-1
00349,1,1105,78,162,114,0.79814166,-1,-1,-1
00349,1,1516,114,265,151,0.70835286,-1,-1,-1
00350,1,1298,121,196,127,0.99281645,-1,-1,-1
00350,1,308,92,118,103,0.9784929,-1,-1,-1
00350,1,1047,187,211,150,0.9707289,-1,-1,-1
00350,1,1102,77,165,117,0.8025171,-1,-1,-1
00350,1,948,143,218,160,0.7251073,-1,-1,-1
00351,1,1304,121,181,128,0.993313,-1,-1,-1
00351,1,1396,133,153,149,0.9745184,-1,-1,-1
00351,1,313,86,122,109,0.97017705,-1,-1,-1
00351,1,1046,187,211,149,0.965129,-1,-1,-1
00351,1,1098,75,169,119,0.79226273,-1,-1,-1
00351,1,952,143,217,160,0.7600273,-1,-1,-1
00351,1,1514,113,266,153,0.73841536,-1,-1,-1
00352,1,1298,118,184,131,0.99658257,-1,-1,-1
00352,1,1050,186,208,150,0.9759758,-1,-1,-1
00352,1,1397,135,152,147,0.96854144,-1,-1,-1
00352,1,315,91,127,107,0.932713,-1,-1,-1
00352,1,1107,78,161,115,0.80245155,-1,-1,-1
00352,1,1533,105,238,161,0.7221168,-1,-1,-1
00353,1,1295,119,177,130,0.996582,-1,-1,-1
00353,1,1049,186,209,150,0.97721475,-1,-1,-1
00353,1,1400,135,161,148,0.97022635,-1,-1,-1
00353,1,317,96,128,106,0.9313705,-1,-1,-1
00353,1,1108,78,160,115,0.7808351,-1,-1,-1
00353,1,1514,109,264,160,0.7074765,-1,-1,-1
00354,1,1291,120,180,128,0.9964516,-1,-1,-1
00354,1,1399,133,155,150,0.98982316,-1,-1,-1
00354,1,1050,185,207,150,0.9751857,-1,-1,-1
00354,1,324,93,124,109,0.95502204,-1,-1,-1
00354,1,954,142,213,161,0.78652275,-1,-1,-1
00354,1,1099,76,169,116,0.7438403,-1,-1,-1
00354,1,1534,106,238,160,0.718275,-1,-1,-1
00355,1,1287,116,178,129,0.99711204,-1,-1,-1
00355,1,1399,132,156,151,0.99061525,-1,-1,-1
00355,1,1051,185,206,150,0.9761025,-1,-1,-1
00355,1,329,92,124,112,0.9088475,-1,-1,-1
00355,1,1120,75,144,116,0.8202569,-1,-1,-1
00355,1,1526,117,256,146,0.81380486,-1,-1,-1
00356,1,1288,118,174,125,0.9958188,-1,-1,-1
00356,1,1400,133,152,150,0.9902138,-1,-1,-1
00356,1,1048,184,208,152,0.96985626,-1,-1,-1
00356,1,331,98,124,106,0.924418,-1,-1,-1
00356,1,1530,117,254,150,0.8352555,-1,-1,-1
00356,1,1103,78,165,114,0.77493596,-1,-1,-1
00357,1,1284,118,174,125,0.9971003,-1,-1,-1
00357,1,1402,133,154,152,0.9901928,-1,-1,-1
00357,1,1047,186,210,150,0.9756327,-1,-1,-1
00357,1,337,96,122,117,0.90578383,-1,-1,-1
00357,1,1530,112,252,155,0.8014559,-1,-1,-1
00357,1,1099,75,168,117,0.71934104,-1,-1,-1
00358,1,1278,117,177,124,0.9970778,-1,-1,-1
00358,1,1401,133,150,150,0.9887617,-1,-1,-1
00358,1,1048,186,208,150,0.9752353,-1,-1,-1
00358,1,332,100,129,109,0.9114765,-1,-1,-1
00358,1,1530,111,249,158,0.7728103,-1,-1,-1
00359,1,1273,118,178,121,0.99664634,-1,-1,-1
00359,1,1404,135,151,149,0.99109966,-1,-1,-1
00359,1,1046,185,211,151,0.9738047,-1,-1,-1
00359,1,336,103,129,106,0.89077103,-1,-1,-1
00359,1,1524,120,252,148,0.722628,-1,-1,-1
00360,1,1272,118,174,121,0.9968669,-1,-1,-1
00360,1,1404,136,151,148,0.9894756,-1,-1,-1
00360,1,1046,186,210,150,0.9718555,-1,-1,-1
00360,1,340,93,133,121,0.91627383,-1,-1,-1
00360,1,953,144,215,158,0.77724785,-1,-1,-1
00360,1,1539,113,230,154,0.7190244,-1,-1,-1
00361,1,1273,118,172,125,0.9975393,-1,-1,-1
00361,1,1404,135,150,148,0.989684,-1,-1,-1
00361,1,1048,186,208,150,0.9634787,-1,-1,-1
00361,1,347,79,133,130,0.8886989,-1,-1,-1
00361,1,954,144,215,159,0.8083611,-1,-1,-1
00361,1,1527,117,254,148,0.7777169,-1,-1,-1
00362,1,1267,117,173,126,0.996271,-1,-1,-1
00362,1,1403,135,151,148,0.9907039,-1,-1,-1
00362,1,1061,179,191,151,0.9812583,-1,-1,-1
00362,1,347,88,134,129,0.92471766,-1,-1,-1
00362,1,954,144,213,159,0.7938115,-1,-1,-1
00363,1,1256,117,186,121,0.9971451,-1,-1,-1
00363,1,1383,130,167,148,0.9910856,-1,-1,-1
00363,1,1061,179,190,151,0.97917944,-1,-1,-1
00363,1,358,88,130,125,0.8796611,-1,-1,-1
00364,1,1249,115,190,121,0.9982566,-1,-1,-1
00364,1,1384,130,167,147,0.99234277,-1,-1,-1
00364,1,1062,178,189,152,0.9775777,-1,-1,-1
00364,1,358,82,129,128,0.88116854,-1,-1,-1
00365,1,1242,115,191,122,0.99789596,-1,-1,-1
00365,1,1384,130,165,147,0.9889725,-1,-1,-1
00365,1,1062,179,191,152,0.98105067,-1,-1,-1
00365,1,362,109,126,105,0.8203831,-1,-1,-1
00365,1,1526,116,256,149,0.77955204,-1,-1,-1
