00001,1,1869,393,231,118,0.85658807,-1,-1,-1
00002,1,1868,392,233,120,0.86446816,-1,-1,-1
00003,1,1868,392,233,120,0.861242,-1,-1,-1
00004,1,1868,392,233,120,0.8648477,-1,-1,-1
00005,1,1868,392,233,120,0.86304015,-1,-1,-1
00006,1,1868,392,233,120,0.8652008,-1,-1,-1
00007,1,1868,392,233,120,0.86270237,-1,-1,-1
00008,1,1868,392,233,120,0.86279154,-1,-1,-1
00009,1,1868,392,233,120,0.8631273,-1,-1,-1
00010,1,1868,392,233,120,0.86230063,-1,-1,-1
00011,1,1868,392,233,120,0.8617181,-1,-1,-1
00012,1,1868,392,233,120,0.85864633,-1,-1,-1
00013,1,1867,392,235,120,0.8579229,-1,-1,-1
00014,1,1867,392,235,120,0.8568868,-1,-1,-1
00015,1,1867,392,235,119,0.85643405,-1,-1,-1
00016,1,1867,392,235,120,0.85837,-1,-1,-1
00017,1,1867,392,235,119,0.8574581,-1,-1,-1
00018,1,1867,392,235,120,0.85792726,-1,-1,-1
00019,1,1867,392,234,120,0.85850096,-1,-1,-1
00020,1,1867,392,234,120,0.8576614,-1,-1,-1
00021,1,1867,392,235,120,0.8566233,-1,-1,-1
00022,1,1867,392,235,120,0.8558035,-1,-1,-1
00023,1,1867,392,234,120,0.85646564,-1,-1,-1
00024,1,1867,392,235,120,0.8568026,-1,-1,-1
00025,1,1867,392,235,120,0.86197376,-1,-1,-1
00026,1,1867,392,235,120,0.86313564,-1,-1,-1
00027,1,1867,392,235,120,0.8650699,-1,-1,-1
00028,1,1867,392,235,120,0.8654079,-1,-1,-1
00029,1,1867,392,235,120,0.86590815,-1,-1,-1
00030,1,1867,392,235,120,0.86750233,-1,-1,-1
00031,1,1867,392,234,120,0.86760354,-1,-1,-1
00032,1,1867,392,234,120,0.8672332,-1,-1,-1
00033,1,1868,392,234,120,0.8644654,-1,-1,-1
00034,1,1868,391,234,121,0.864531,-1,-1,-1
00035,1,1868,392,234,120,0.86373866,-1,-1,-1
00036,1,1867,392,235,120,0.8642811,-1,-1,-1
00037,1,1867,392,235,120,0.8704884,-1,-1,-1
00038,1,1867,392,235,120,0.87248653,-1,-1,-1
00039,1,1867,392,235,120,0.87194765,-1,-1,-1
00040,1,1867,392,235,120,0.8716477,-1,-1,-1
00041,1,1867,392,235,120,0.86950576,-1,-1,-1
00042,1,1867,392,235,120,0.8706285,-1,-1,-1
00043,1,1867,392,235,120,0.87345314,-1,-1,-1
00044,1,1867,392,235,120,0.87290585,-1,-1,-1
00045,1,1867,392,235,120,0.87066525,-1,-1,-1
00046,1,2254,404,306,169,0.8741439,-1,-1,-1
00046,1,1867,392,235,119,0.87391794,-1,-1,-1
00047,1,1868,392,233,119,0.860508,-1,-1,-1
00047,1,2243,401,287,162,0.7108046,-1,-1,-1
00048,1,2228,396,294,172,0.9316324,-1,-1,-1
00048,1,1868,392,234,119,0.8384673,-1,-1,-1
00049,1,1869,392,232,120,0.81400245,-1,-1,-1
00050,1,1869,392,232,120,0.8220711,-1,-1,-1
00051,1,1874,386,226,122,0.84556895,-1,-1,-1
00051,1,2138,391,343,169,0.7906528,-1,-1,-1
00052,1,2117,391,282,165,0.95626664,-1,-1,-1
00052,1,1874,387,225,121,0.8902851,-1,-1,-1
00053,1,2096,384,303,165,0.9882831,-1,-1,-1
00053,1,1874,386,231,122,0.880747,-1,-1,-1
00054,1,2071,388,309,158,0.9875924,-1,-1,-1
00054,1,1872,386,236,127,0.9016104,-1,-1,-1
00055,1,2056,387,290,158,0.9789001,-1,-1,-1
00055,1,1876,384,231,124,0.8691634,-1,-1,-1
00056,1,2034,396,274,142,0.9588746,-1,-1,-1
00056,1,1873,383,222,129,0.7814691,-1,-1,-1
00057,1,2014,389,286,149,0.9812201,-1,-1,-1
00058,1,1994,389,277,149,0.98664516,-1,-1,-1
00059,1,1957,380,304,154,0.97117954,-1,-1,-1
00060,1,1916,379,328,155,0.96539724,-1,-1,-1
00061,1,1884,376,340,156,0.9684645,-1,-1,-1
00062,1,1877,372,326,159,0.974147,-1,-1,-1
00063,1,1864,373,313,157,0.97035587,-1,-1,-1
00064,1,1852,372,308,155,0.97699726,-1,-1,-1
00065,1,1813,367,318,161,0.9952192,-1,-1,-1
00066,1,1775,366,343,158,0.9924102,-1,-1,-1
00067,1,1761,367,334,157,0.99370897,-1,-1,-1
00068,1,1762,367,312,157,0.9959228,-1,-1,-1
00069,1,1764,367,316,153,0.9942753,-1,-1,-1
00070,1,1750,368,329,155,0.99669635,-1,-1,-1
00071,1,1733,356,338,162,0.99225265,-1,-1,-1
00072,1,1712,356,326,171,0.99617034,-1,-1,-1
00073,1,1700,360,331,158,0.99659145,-1,-1,-1
00074,1,1682,351,293,160,0.9913428,-1,-1,-1
00075,1,1660,346,250,157,0.9851577,-1,-1,-1
00076,1,1663,344,290,167,0.99084103,-1,-1,-1
00076,1,1840,373,249,143,0.7792881,-1,-1,-1
00077,1,1627,335,305,174,0.99558544,-1,-1,-1
00077,1,1890,391,212,119,0.8235341,-1,-1,-1
00078,1,1621,339,278,163,0.99321556,-1,-1,-1
00078,1,1879,390,219,120,0.91193455,-1,-1,-1
00079,1,1601,343,287,158,0.997623,-1,-1,-1
00079,1,1873,391,226,118,0.937368,-1,-1,-1
00080,1,1590,346,293,150,0.99777776,-1,-1,-1
00080,1,1872,391,228,119,0.94138306,-1,-1,-1
00081,1,1583,343,293,157,0.99646395,-1,-1,-1
00081,1,1867,391,233,119,0.93106323,-1,-1,-1
00082,1,1564,340,313,158,0.9947131,-1,-1,-1
00082,1,1866,390,233,121,0.9444411,-1,-1,-1
00083,1,1565,336,293,160,0.99140185,-1,-1,-1
00083,1,1867,391,232,120,0.9316897,-1,-1,-1
00084,1,1558,338,309,162,0.9862831,-1,-1,-1
00084,1,1866,392,235,119,0.92111903,-1,-1,-1
00085,1,1545,338,307,157,0.98870695,-1,-1,-1
00085,1,1873,383,230,126,0.9232629,-1,-1,-1
00086,1,1536,338,311,159,0.9876802,-1,-1,-1
00086,1,1874,383,230,126,0.9128221,-1,-1,-1
00087,1,1524,335,315,162,0.9867857,-1,-1,-1
00087,1,1874,384,228,125,0.91657,-1,-1,-1
00088,1,1524,334,300,162,0.99343914,-1,-1,-1
00088,1,1874,385,227,123,0.93231744,-1,-1,-1
00089,1,1502,331,327,163,0.9874443,-1,-1,-1
00089,1,1873,385,228,123,0.94013685,-1,-1,-1
00090,1,1505,329,292,165,0.9913488,-1,-1,-1
00090,1,1873,385,229,123,0.9314018,-1,-1,-1
00091,1,1510,330,265,162,0.9874275,-1,-1,-1
00091,1,1872,385,230,122,0.906639,-1,-1,-1
00091,1,1760,391,93,107,0.8266994,-1,-1,-1
00092,1,1498,332,290,162,0.98432595,-1,-1,-1
00092,1,1872,385,231,122,0.89245725,-1,-1,-1
00092,1,1758,399,101,95,0.8489706,-1,-1,-1
00093,1,1483,331,307,164,0.9859372,-1,-1,-1
00093,1,1757,397,103,100,0.949992,-1,-1,-1
00093,1,1871,385,232,122,0.89353293,-1,-1,-1
00094,1,1477,332,310,163,0.99006057,-1,-1,-1
00094,1,1758,397,102,100,0.9574666,-1,-1,-1
00094,1,1871,385,232,122,0.90335125,-1,-1,-1
00095,1,1466,332,314,163,0.9909009,-1,-1,-1
00095,1,1756,397,107,96,0.93380547,-1,-1,-1
00095,1,1870,385,233,122,0.88740075,-1,-1,-1
00096,1,1452,333,317,164,0.98974425,-1,-1,-1
00096,1,1761,396,105,95,0.9219232,-1,-1,-1
00096,1,1870,384,233,123,0.8794992,-1,-1,-1
00097,1,1444,334,317,164,0.9877965,-1,-1,-1
00097,1,1760,395,103,96,0.9307322,-1,-1,-1
00097,1,1868,392,232,119,0.8655701,-1,-1,-1
00098,1,1438,333,312,164,0.99039966,-1,-1,-1
00098,1,1760,392,100,104,0.8888011,-1,-1,-1
00098,1,1868,392,232,119,0.8687374,-1,-1,-1
00099,1,1429,334,314,161,0.9914922,-1,-1,-1
00099,1,1756,396,107,95,0.8995244,-1,-1,-1
00099,1,1868,392,232,119,0.8612135,-1,-1,-1
00100,1,1422,335,312,160,0.9908076,-1,-1,-1
00100,1,1757,397,106,96,0.8873508,-1,-1,-1
00100,1,1868,392,232,119,0.8612062,-1,-1,-1
00101,1,1409,335,308,161,0.9937589,-1,-1,-1
00101,1,1870,384,234,123,0.8647664,-1,-1,-1
00101,1,1761,397,100,97,0.8575548,-1,-1,-1
00102,1,1405,336,305,160,0.9906386,-1,-1,-1
00102,1,1762,398,94,92,0.8680391,-1,-1,-1
00102,1,1870,384,234,123,0.8603807,-1,-1,-1
00103,1,1398,335,303,161,0.992636,-1,-1,-1
00103,1,1746,390,117,101,0.880115,-1,-1,-1
00103,1,1870,384,235,123,0.854167,-1,-1,-1
00104,1,1390,334,302,160,0.99369687,-1,-1,-1
00104,1,1868,392,232,119,0.8396633,-1,-1,-1
00105,1,1379,338,301,157,0.99379927,-1,-1,-1
00105,1,1868,392,233,119,0.84208405,-1,-1,-1
00106,1,1376,340,294,157,0.99153227,-1,-1,-1
00106,1,1870,384,235,123,0.84077793,-1,-1,-1
00107,1,1368,341,292,158,0.99377775,-1,-1,-1
00107,1,1866,392,235,120,0.8338568,-1,-1,-1
00108,1,1365,339,285,163,0.9871471,-1,-1,-1
00108,1,1865,392,236,119,0.8373275,-1,-1,-1
00109,1,1356,341,283,161,0.9881274,-1,-1,-1
00109,1,1865,392,236,120,0.8703351,-1,-1,-1
00110,1,1360,341,271,166,0.97013825,-1,-1,-1
00110,1,1865,392,236,120,0.86869156,-1,-1,-1
00111,1,1353,343,277,163,0.9633146,-1,-1,-1
00111,1,1865,392,236,120,0.8686016,-1,-1,-1
00112,1,1343,343,273,162,0.9569591,-1,-1,-1
00112,1,1865,392,236,120,0.8708039,-1,-1,-1
00113,1,1342,351,262,154,0.9445813,-1,-1,-1
00113,1,1865,392,236,120,0.86932904,-1,-1,-1
00114,1,1338,350,260,158,0.9412932,-1,-1,-1
00114,1,1865,392,236,120,0.8679205,-1,-1,-1
00115,1,1341,348,237,160,0.9150287,-1,-1,-1
00115,1,1865,392,236,120,0.864966,-1,-1,-1
00116,1,1332,352,256,157,0.9188802,-1,-1,-1
00116,1,1865,391,236,121,0.8622588,-1,-1,-1
00117,1,1331,347,243,166,0.901199,-1,-1,-1
00117,1,1865,391,236,121,0.86165106,-1,-1,-1
00118,1,1339,358,230,157,0.8678347,-1,-1,-1
00118,1,1865,391,236,121,0.8601436,-1,-1,-1
00119,1,1333,357,229,162,0.86450756,-1,-1,-1
00119,1,1865,391,237,121,0.85802126,-1,-1,-1
00120,1,1334,361,225,157,0.86095876,-1,-1,-1
00120,1,1865,392,237,120,0.85807747,-1,-1,-1
00121,1,1337,360,208,161,0.91401696,-1,-1,-1
00121,1,1865,392,236,120,0.8591066,-1,-1,-1
00122,1,1339,363,197,160,0.8994442,-1,-1,-1
00122,1,1865,392,236,119,0.8562306,-1,-1,-1
00123,1,1337,364,195,164,0.90375346,-1,-1,-1
00123,1,1865,392,236,119,0.8551308,-1,-1,-1
00124,1,1336,366,192,164,0.8959304,-1,-1,-1
00124,1,1865,392,236,119,0.85589576,-1,-1,-1
00125,1,1338,367,189,164,0.90046823,-1,-1,-1
00125,1,1865,392,236,119,0.8531568,-1,-1,-1
00126,1,1339,368,185,167,0.88938576,-1,-1,-1
00126,1,1865,392,237,119,0.8521726,-1,-1,-1
00127,1,1341,369,182,169,0.90800816,-1,-1,-1
00127,1,1865,392,237,119,0.85112095,-1,-1,-1
00128,1,1343,370,180,173,0.9008053,-1,-1,-1
00128,1,1865,392,237,119,0.8474622,-1,-1,-1
00129,1,1348,371,176,177,0.92259455,-1,-1,-1
00129,1,1865,392,237,119,0.8477956,-1,-1,-1
00130,1,1350,374,176,178,0.92987275,-1,-1,-1
00130,1,1865,392,237,119,0.8485979,-1,-1,-1
00131,1,0,1050,834,826,0.97494024,-1,-1,-1
00131,1,1353,376,177,177,0.95423293,-1,-1,-1
00131,1,1866,392,236,119,0.8702076,-1,-1,-1
00132,1,1355,379,180,176,0.9543369,-1,-1,-1
00132,1,1866,392,235,119,0.87439835,-1,-1,-1
00132,1,0,1101,1235,812,0.7295084,-1,-1,-1
00133,1,1357,380,183,177,0.91745603,-1,-1,-1
00133,1,1867,393,234,118,0.8615341,-1,-1,-1
00133,1,97,986,1668,935,0.8064743,-1,-1,-1
00134,1,1361,385,183,179,0.91803217,-1,-1,-1
00134,1,347,969,1970,952,0.8946837,-1,-1,-1
00134,1,1867,393,234,118,0.85905933,-1,-1,-1
00135,1,775,1012,1786,883,0.93797725,-1,-1,-1
00135,1,1360,389,189,180,0.9236925,-1,-1,-1
00135,1,1867,393,234,118,0.8581927,-1,-1,-1
00136,1,1186,1186,1375,735,0.9925418,-1,-1,-1
00136,1,1360,393,192,179,0.9180124,-1,-1,-1
00136,1,1867,393,234,118,0.8554134,-1,-1,-1
00137,1,1607,1275,954,646,0.9908993,-1,-1,-1
00137,1,1361,395,198,183,0.94255894,-1,-1,-1
00137,1,1867,393,234,118,0.85284716,-1,-1,-1
00138,1,1360,398,205,182,0.9573712,-1,-1,-1
00138,1,1868,392,234,119,0.85440326,-1,-1,-1
00139,1,1361,400,206,184,0.9576783,-1,-1,-1
00139,1,1868,393,234,118,0.8555815,-1,-1,-1
00140,1,1363,402,207,184,0.94784284,-1,-1,-1
00140,1,1868,393,234,118,0.8577288,-1,-1,-1
00141,1,1868,392,231,118,0.8542924,-1,-1,-1
00141,1,1366,402,201,199,0.82709616,-1,-1,-1
00142,1,1364,402,206,203,0.85283357,-1,-1,-1
00142,1,1868,392,231,118,0.8496968,-1,-1,-1
00143,1,1363,402,216,207,0.89968586,-1,-1,-1
00143,1,1868,392,231,118,0.84799653,-1,-1,-1
00144,1,1365,404,218,208,0.9422788,-1,-1,-1
00144,1,1868,392,231,118,0.8491783,-1,-1,-1
00145,1,1366,405,221,210,0.935486,-1,-1,-1
00145,1,1868,392,230,118,0.8416793,-1,-1,-1
00146,1,1366,409,223,213,0.8956139,-1,-1,-1
00146,1,1868,392,230,118,0.8395289,-1,-1,-1
00147,1,1366,410,228,219,0.92189234,-1,-1,-1
00147,1,1868,392,230,119,0.8421213,-1,-1,-1
00148,1,1368,412,228,224,0.88423765,-1,-1,-1
00148,1,1868,392,230,118,0.83825266,-1,-1,-1
00149,1,1370,412,231,231,0.9243076,-1,-1,-1
00149,1,1868,392,230,118,0.8397714,-1,-1,-1
00150,1,1369,422,232,224,0.9107365,-1,-1,-1
00150,1,1868,392,230,118,0.8386339,-1,-1,-1
00151,1,1371,421,233,232,0.95483726,-1,-1,-1
00151,1,1869,393,230,117,0.812783,-1,-1,-1
00152,1,1371,424,236,236,0.9609311,-1,-1,-1
00152,1,1869,393,230,117,0.81669617,-1,-1,-1
00153,1,1373,425,238,242,0.9602387,-1,-1,-1
00153,1,1869,393,230,117,0.81229675,-1,-1,-1
00154,1,1374,426,247,243,0.9631701,-1,-1,-1
00154,1,1869,393,230,117,0.8092772,-1,-1,-1
00155,1,1378,437,241,231,0.96674633,-1,-1,-1
00155,1,1869,393,231,117,0.80737495,-1,-1,-1
00156,1,1381,438,242,251,0.9437833,-1,-1,-1
00156,1,1868,393,231,117,0.8062716,-1,-1,-1
00157,1,1380,438,249,255,0.96160895,-1,-1,-1
00157,1,1868,394,231,116,0.793383,-1,-1,-1
00158,1,1383,441,254,254,0.98094857,-1,-1,-1
00158,1,1868,394,231,116,0.7895822,-1,-1,-1
00159,1,1383,449,258,244,0.9536125,-1,-1,-1
00159,1,2160,982,401,582,0.84582627,-1,-1,-1
00159,1,1868,394,232,116,0.7879929,-1,-1,-1
00160,1,1879,863,682,682,0.9877868,-1,-1,-1
00160,1,1386,454,266,241,0.97469306,-1,-1,-1
00160,1,1868,394,232,116,0.7850533,-1,-1,-1
00161,1,1561,831,1000,729,0.9935324,-1,-1,-1
00161,1,1388,452,263,264,0.9626208,-1,-1,-1
00161,1,1868,394,233,117,0.83711475,-1,-1,-1
00162,1,1240,834,1321,751,0.99873084,-1,-1,-1
00162,1,1390,458,276,261,0.9768891,-1,-1,-1
00162,1,1868,394,233,117,0.8384714,-1,-1,-1
00163,1,995,763,1566,789,0.99165946,-1,-1,-1
00163,1,1387,455,281,272,0.97501975,-1,-1,-1
00163,1,1867,394,234,117,0.85346156,-1,-1,-1
00164,1,659,715,1745,835,0.9830036,-1,-1,-1
00164,1,1388,462,284,272,0.9547614,-1,-1,-1
00164,1,1867,394,233,117,0.851525,-1,-1,-1
00165,1,0,656,1942,914,0.9797102,-1,-1,-1
00165,1,1394,472,290,260,0.94111586,-1,-1,-1
00165,1,1868,394,233,117,0.85309094,-1,-1,-1
00166,1,41,701,1448,781,0.96933764,-1,-1,-1
00166,1,1387,462,300,281,0.964994,-1,-1,-1
00166,1,1868,394,233,117,0.84037995,-1,-1,-1
00167,1,1386,463,306,285,0.9654363,-1,-1,-1
00167,1,0,673,1184,741,0.9220228,-1,-1,-1
00167,1,1867,394,234,117,0.84534025,-1,-1,-1
00168,1,1394,471,297,277,0.9580944,-1,-1,-1
00168,1,0,651,805,710,0.9549392,-1,-1,-1
00168,1,1867,393,234,118,0.84782916,-1,-1,-1
00169,1,1399,487,310,275,0.9624897,-1,-1,-1
00169,1,1868,393,232,118,0.8631346,-1,-1,-1
00170,1,1402,490,315,279,0.9665308,-1,-1,-1
00170,1,1868,393,232,118,0.8613163,-1,-1,-1
00171,1,1411,489,317,284,0.96564484,-1,-1,-1
00171,1,1868,392,233,120,0.82127064,-1,-1,-1
00172,1,1400,485,328,299,0.9793915,-1,-1,-1
00172,1,1869,392,232,120,0.8197843,-1,-1,-1
00173,1,1402,488,333,301,0.98201215,-1,-1,-1
00173,1,1869,393,232,119,0.82486784,-1,-1,-1
00174,1,1399,490,341,305,0.9825714,-1,-1,-1
00174,1,1869,393,232,119,0.8248983,-1,-1,-1
00175,1,1393,488,346,311,0.98469627,-1,-1,-1
00175,1,1869,392,233,120,0.8199952,-1,-1,-1
00176,1,1402,500,350,308,0.96295124,-1,-1,-1
00176,1,1869,393,232,119,0.8170823,-1,-1,-1
00177,1,1404,506,358,307,0.9483903,-1,-1,-1
00177,1,1869,393,232,119,0.81733555,-1,-1,-1
00178,1,1415,504,343,320,0.95900065,-1,-1,-1
00178,1,1869,393,233,119,0.8120194,-1,-1,-1
00179,1,1418,507,356,317,0.97450066,-1,-1,-1
00179,1,1869,393,232,119,0.80731344,-1,-1,-1
00180,1,1421,511,358,321,0.9633425,-1,-1,-1
00180,1,1869,393,232,119,0.8235049,-1,-1,-1
00181,1,1419,510,371,327,0.95832896,-1,-1,-1
00181,1,1868,392,234,119,0.79080725,-1,-1,-1
00182,1,1420,512,374,331,0.9359455,-1,-1,-1
00182,1,1868,392,234,119,0.79837596,-1,-1,-1
00183,1,1421,513,381,340,0.95657086,-1,-1,-1
00183,1,1926,1442,635,479,0.8905087,-1,-1,-1
00183,1,1868,392,233,119,0.795215,-1,-1,-1
00184,1,1422,521,388,341,0.96330065,-1,-1,-1
00184,1,1747,1346,814,575,0.9609212,-1,-1,-1
00184,1,1868,392,233,119,0.80062103,-1,-1,-1
00185,1,1692,1284,869,583,0.98097116,-1,-1,-1
00185,1,1422,527,398,338,0.9599766,-1,-1,-1
00185,1,1868,392,233,119,0.8169812,-1,-1,-1
00186,1,1498,1244,1063,677,0.98385644,-1,-1,-1
00186,1,1431,529,397,343,0.9673527,-1,-1,-1
00186,1,1868,392,234,119,0.8338152,-1,-1,-1
00187,1,1308,1221,1253,700,0.9674956,-1,-1,-1
00187,1,1433,531,397,336,0.9600317,-1,-1,-1
00187,1,1868,392,234,118,0.8250573,-1,-1,-1
00188,1,1439,539,406,336,0.9807192,-1,-1,-1
00188,1,1233,1198,1328,723,0.97070575,-1,-1,-1
00188,1,1868,393,233,118,0.814698,-1,-1,-1
00189,1,1434,534,421,356,0.97103846,-1,-1,-1
00189,1,1045,1141,1516,780,0.893854,-1,-1,-1
00189,1,1868,393,233,118,0.8422209,-1,-1,-1
00190,1,1443,534,418,361,0.974102,-1,-1,-1
00190,1,864,1122,1697,799,0.8903381,-1,-1,-1
00190,1,1868,393,234,118,0.8318734,-1,-1,-1
00191,1,1449,540,412,361,0.96938556,-1,-1,-1
00191,1,647,1031,1828,890,0.91130924,-1,-1,-1
00191,1,1868,392,235,119,0.8252761,-1,-1,-1
00192,1,515,996,1705,925,0.977131,-1,-1,-1
00192,1,1457,542,411,367,0.9542828,-1,-1,-1
00192,1,1868,392,235,119,0.83840245,-1,-1,-1
00193,1,446,1018,1435,834,0.9780994,-1,-1,-1
00193,1,1460,547,425,365,0.9566709,-1,-1,-1
00193,1,1868,392,233,119,0.86407554,-1,-1,-1
00194,1,313,977,1507,787,0.98200065,-1,-1,-1
00194,1,1464,537,413,382,0.96006715,-1,-1,-1
00194,1,1868,392,233,119,0.85481673,-1,-1,-1
00195,1,51,946,1589,809,0.97164714,-1,-1,-1
00195,1,1464,547,432,376,0.9659015,-1,-1,-1
00195,1,1868,392,234,119,0.8507664,-1,-1,-1
00196,1,1464,553,433,377,0.9723812,-1,-1,-1
00196,1,0,926,1447,770,0.93044806,-1,-1,-1
00196,1,1869,393,233,118,0.85333973,-1,-1,-1
00197,1,1466,554,436,386,0.9811364,-1,-1,-1
00197,1,0,868,1236,739,0.9014045,-1,-1,-1
00197,1,1869,393,232,118,0.8462057,-1,-1,-1
00198,1,1468,559,438,383,0.97798914,-1,-1,-1
00198,1,0,912,1072,602,0.9766466,-1,-1,-1
00198,1,1869,393,233,118,0.8406496,-1,-1,-1
00199,1,1469,550,448,399,0.97975504,-1,-1,-1
00199,1,0,864,909,624,0.95283955,-1,-1,-1
00199,1,1869,393,233,118,0.84188855,-1,-1,-1
00200,1,1463,558,453,389,0.9834969,-1,-1,-1
00200,1,0,857,726,588,0.9514053,-1,-1,-1
00200,1,1869,393,232,118,0.8366442,-1,-1,-1
00201,1,1470,559,453,391,0.99090916,-1,-1,-1
00201,1,0,807,553,587,0.98293304,-1,-1,-1
00201,1,1870,393,230,117,0.8194883,-1,-1,-1
00202,1,1474,562,453,391,0.9902318,-1,-1,-1
00202,1,0,814,409,519,0.8985026,-1,-1,-1
00202,1,1870,393,230,117,0.8150502,-1,-1,-1
00203,1,1474,563,455,390,0.99172443,-1,-1,-1
00203,1,1870,393,230,117,0.8171297,-1,-1,-1
00204,1,1475,565,457,390,0.9918709,-1,-1,-1
00204,1,1870,393,229,117,0.8259072,-1,-1,-1
00205,1,1477,567,456,390,0.992254,-1,-1,-1
00205,1,1870,393,229,117,0.8411502,-1,-1,-1
00206,1,1477,567,459,394,0.99186474,-1,-1,-1
00206,1,1870,393,229,117,0.8376785,-1,-1,-1
00207,1,1477,565,457,395,0.99205726,-1,-1,-1
00207,1,1870,393,229,117,0.8471916,-1,-1,-1
00208,1,1476,568,461,392,0.99133974,-1,-1,-1
00208,1,1870,393,229,117,0.84763,-1,-1,-1
00209,1,1478,568,461,392,0.9917176,-1,-1,-1
00209,1,1870,393,229,117,0.8439411,-1,-1,-1
00210,1,1478,570,461,391,0.9920631,-1,-1,-1
00210,1,1869,393,230,117,0.84082985,-1,-1,-1
00211,1,1476,570,462,390,0.99039054,-1,-1,-1
00211,1,1870,394,229,115,0.84086674,-1,-1,-1
00212,1,1480,570,458,391,0.99200106,-1,-1,-1
00212,1,1870,394,229,115,0.834597,-1,-1,-1
00213,1,1480,568,458,394,0.99103,-1,-1,-1
00213,1,1870,394,229,115,0.8288662,-1,-1,-1
00214,1,1480,570,459,391,0.99014634,-1,-1,-1
00214,1,1870,394,229,115,0.8311235,-1,-1,-1
00215,1,1480,569,458,392,0.990651,-1,-1,-1
00215,1,1870,394,230,115,0.8279485,-1,-1,-1
00216,1,1480,569,458,393,0.99083483,-1,-1,-1
00216,1,1870,394,230,116,0.8274991,-1,-1,-1
00217,1,1480,568,460,394,0.99135524,-1,-1,-1
00217,1,1870,394,230,116,0.82354,-1,-1,-1
00218,1,1480,568,460,394,0.9912997,-1,-1,-1
00218,1,1870,394,230,116,0.8231686,-1,-1,-1
00219,1,1480,569,460,393,0.9913442,-1,-1,-1
00219,1,1870,394,230,116,0.8243123,-1,-1,-1
00220,1,1480,569,460,394,0.9912368,-1,-1,-1
00220,1,1870,394,230,116,0.8221973,-1,-1,-1
00221,1,1479,571,461,389,0.98881614,-1,-1,-1
00221,1,1869,393,232,118,0.819349,-1,-1,-1
00222,1,1479,572,461,388,0.98886466,-1,-1,-1
00222,1,1869,393,232,118,0.8191939,-1,-1,-1
00223,1,1479,571,461,389,0.988996,-1,-1,-1
00223,1,1869,393,232,118,0.8153691,-1,-1,-1
00224,1,1479,571,462,389,0.9893712,-1,-1,-1
00224,1,1869,393,232,118,0.81861156,-1,-1,-1
00225,1,1479,571,461,389,0.9893483,-1,-1,-1
00225,1,1869,393,232,118,0.82361794,-1,-1,-1
00226,1,1477,569,462,391,0.9892485,-1,-1,-1
00226,1,1869,393,232,118,0.8263745,-1,-1,-1
00227,1,1480,572,460,388,0.98900676,-1,-1,-1
00227,1,1869,393,232,118,0.8223928,-1,-1,-1
00228,1,1478,570,462,389,0.98944086,-1,-1,-1
00228,1,1869,393,231,118,0.8209761,-1,-1,-1
00229,1,1481,572,462,389,0.989407,-1,-1,-1
00229,1,1870,393,230,118,0.80731004,-1,-1,-1
00230,1,1481,572,461,388,0.9893657,-1,-1,-1
00230,1,1870,393,230,118,0.81207925,-1,-1,-1
00231,1,1478,568,462,393,0.990431,-1,-1,-1
00231,1,1869,392,232,119,0.83823156,-1,-1,-1
00232,1,1479,568,461,393,0.99067444,-1,-1,-1
00232,1,1869,392,232,119,0.83818907,-1,-1,-1
00233,1,1479,568,461,393,0.9904297,-1,-1,-1
00233,1,1869,392,232,119,0.83093137,-1,-1,-1
00234,1,1479,569,461,392,0.99050575,-1,-1,-1
00234,1,1869,392,232,119,0.83484143,-1,-1,-1
00235,1,1479,569,461,392,0.9904235,-1,-1,-1
00235,1,1869,392,232,119,0.8405169,-1,-1,-1
00236,1,1479,569,461,392,0.9906561,-1,-1,-1
00236,1,1869,392,232,119,0.8408107,-1,-1,-1
00237,1,1479,569,461,392,0.9905911,-1,-1,-1
00237,1,1869,392,232,119,0.84303576,-1,-1,-1
00238,1,1479,569,462,392,0.9908708,-1,-1,-1
00238,1,1869,392,232,119,0.8450176,-1,-1,-1
00239,1,1480,569,461,392,0.99086297,-1,-1,-1
00239,1,1869,392,232,119,0.84576267,-1,-1,-1
00240,1,1479,569,462,393,0.99092495,-1,-1,-1
00240,1,1869,392,232,119,0.84720397,-1,-1,-1
00241,1,1478,570,465,390,0.98845696,-1,-1,-1
00241,1,1868,393,232,118,0.8060838,-1,-1,-1
00242,1,1479,570,463,390,0.98854625,-1,-1,-1
00242,1,1868,393,232,118,0.8076667,-1,-1,-1
00243,1,1479,570,464,390,0.9880873,-1,-1,-1
00243,1,1868,393,232,118,0.8063542,-1,-1,-1
00244,1,1479,570,464,390,0.98776054,-1,-1,-1
00244,1,1868,393,232,118,0.8046007,-1,-1,-1
00245,1,1479,570,463,390,0.987671,-1,-1,-1
00245,1,1868,393,232,118,0.80053663,-1,-1,-1
00246,1,1478,570,465,390,0.98779184,-1,-1,-1
00246,1,1868,393,232,118,0.7987891,-1,-1,-1
00247,1,1478,570,465,390,0.9879582,-1,-1,-1
00247,1,1868,393,232,118,0.79872656,-1,-1,-1
00248,1,1478,570,465,390,0.98771125,-1,-1,-1
00248,1,1868,393,232,118,0.798853,-1,-1,-1
00249,1,1478,570,465,390,0.98765635,-1,-1,-1
00249,1,1868,393,232,118,0.79698163,-1,-1,-1
00250,1,1478,570,465,390,0.98764557,-1,-1,-1
00250,1,1868,393,232,118,0.7968718,-1,-1,-1
00251,1,1478,570,464,390,0.98741895,-1,-1,-1
00251,1,1868,393,231,117,0.8174692,-1,-1,-1
00252,1,1479,571,462,389,0.98744583,-1,-1,-1
00252,1,1868,393,231,117,0.8116381,-1,-1,-1
00253,1,1479,571,463,389,0.98864836,-1,-1,-1
00253,1,1868,393,230,118,0.8153501,-1,-1,-1
00254,1,1479,572,463,388,0.988063,-1,-1,-1
00254,1,1868,393,230,118,0.8096082,-1,-1,-1
00255,1,1479,571,463,389,0.9878319,-1,-1,-1
00255,1,1868,393,230,118,0.81542546,-1,-1,-1
00256,1,1479,571,464,389,0.9877214,-1,-1,-1
00256,1,1868,393,230,118,0.81520456,-1,-1,-1
00257,1,1479,571,464,389,0.9877264,-1,-1,-1
00257,1,1868,393,230,118,0.8169643,-1,-1,-1
00258,1,1479,571,464,389,0.98750776,-1,-1,-1
00258,1,1868,393,230,118,0.81678313,-1,-1,-1
00259,1,1479,572,464,387,0.987538,-1,-1,-1
00259,1,1868,393,230,118,0.8178623,-1,-1,-1
00260,1,1479,572,463,388,0.9877586,-1,-1,-1
00260,1,1868,393,230,118,0.81693286,-1,-1,-1
00261,1,1479,572,464,388,0.98858505,-1,-1,-1
00261,1,1868,393,230,118,0.8171445,-1,-1,-1
00262,1,1479,572,464,389,0.9896672,-1,-1,-1
00262,1,1868,393,230,118,0.81828934,-1,-1,-1
00263,1,1478,571,464,390,0.99157155,-1,-1,-1
00263,1,1956,890,605,570,0.9803182,-1,-1,-1
00263,1,1868,393,233,118,0.8364811,-1,-1,-1
00264,1,1696,859,865,598,0.9981597,-1,-1,-1
00264,1,1483,567,465,400,0.98461574,-1,-1,-1
00264,1,1869,393,231,118,0.83714354,-1,-1,-1
00265,1,1474,803,1087,633,0.9942772,-1,-1,-1
00265,1,1488,564,461,403,0.97932124,-1,-1,-1
00265,1,1869,393,231,118,0.81697166,-1,-1,-1
00266,1,1133,774,1404,677,0.99491537,-1,-1,-1
00266,1,1481,567,450,350,0.93241733,-1,-1,-1
00266,1,1869,393,231,118,0.8207822,-1,-1,-1
00267,1,760,734,1495,685,0.99134564,-1,-1,-1
00267,1,1502,576,430,327,0.9015409,-1,-1,-1
00267,1,1869,393,231,118,0.82059664,-1,-1,-1
00268,1,518,755,1349,635,0.9892398,-1,-1,-1
00268,1,1491,575,452,394,0.9215795,-1,-1,-1
00268,1,1869,393,231,117,0.8266318,-1,-1,-1
00269,1,1483,572,457,384,0.9908105,-1,-1,-1
00269,1,146,713,1362,621,0.974552,-1,-1,-1
00269,1,1869,393,231,118,0.819464,-1,-1,-1
00270,1,1477,572,464,389,0.99017066,-1,-1,-1
00270,1,35,738,1101,558,0.83631074,-1,-1,-1
00270,1,1869,393,231,118,0.81932217,-1,-1,-1
00271,1,1478,572,463,389,0.9903261,-1,-1,-1
00271,1,0,751,859,522,0.9459837,-1,-1,-1
00271,1,1869,393,231,118,0.8167417,-1,-1,-1
00272,1,1478,572,463,389,0.9906262,-1,-1,-1
00272,1,0,710,558,547,0.9628646,-1,-1,-1
00272,1,1869,393,231,118,0.82305706,-1,-1,-1
00273,1,1479,570,460,391,0.9918737,-1,-1,-1
00273,1,1867,393,234,117,0.80443287,-1,-1,-1
00274,1,1479,570,460,391,0.9919349,-1,-1,-1
00274,1,1868,393,233,117,0.79766613,-1,-1,-1
00275,1,1479,570,460,391,0.99148643,-1,-1,-1
00275,1,1868,393,234,117,0.79630905,-1,-1,-1
00276,1,1479,571,460,390,0.9914214,-1,-1,-1
00276,1,1868,393,233,117,0.8004379,-1,-1,-1
00277,1,1477,571,465,390,0.99103665,-1,-1,-1
00277,1,1868,393,232,117,0.8182593,-1,-1,-1
00278,1,1477,571,464,390,0.991098,-1,-1,-1
00278,1,1868,393,232,117,0.81910145,-1,-1,-1
00279,1,1477,572,464,389,0.991297,-1,-1,-1
00279,1,1868,393,232,117,0.8187799,-1,-1,-1
00280,1,1478,571,463,390,0.99109113,-1,-1,-1
00280,1,1868,393,232,117,0.81843585,-1,-1,-1
00281,1,1477,571,465,390,0.9911307,-1,-1,-1
00281,1,1868,393,232,117,0.82231164,-1,-1,-1
00282,1,1477,571,465,390,0.99118644,-1,-1,-1
00282,1,1868,393,232,117,0.82889575,-1,-1,-1
00283,1,1477,570,465,391,0.98875695,-1,-1,-1
00283,1,1869,393,231,117,0.8099426,-1,-1,-1
00284,1,1477,571,465,390,0.98893434,-1,-1,-1
00284,1,1869,393,231,118,0.81378514,-1,-1,-1
00285,1,1477,571,465,390,0.98887247,-1,-1,-1
00285,1,1869,393,231,117,0.8112253,-1,-1,-1
00286,1,1478,571,464,390,0.98858684,-1,-1,-1
00286,1,1869,393,231,118,0.80302507,-1,-1,-1
00287,1,1478,571,464,389,0.98877317,-1,-1,-1
00287,1,1869,393,231,118,0.8000271,-1,-1,-1
00288,1,1478,571,464,389,0.98883635,-1,-1,-1
00288,1,1869,393,231,118,0.7965766,-1,-1,-1
00289,1,1479,572,464,389,0.98836106,-1,-1,-1
00289,1,1870,393,230,118,0.7821547,-1,-1,-1
00290,1,1479,572,464,389,0.9884652,-1,-1,-1
00290,1,1870,393,230,118,0.7814791,-1,-1,-1
00291,1,1479,572,464,389,0.98874587,-1,-1,-1
00291,1,1870,393,230,118,0.78357464,-1,-1,-1
00292,1,1479,572,464,389,0.9885095,-1,-1,-1
00292,1,1870,393,230,118,0.7845101,-1,-1,-1
00293,1,1479,572,463,389,0.9881742,-1,-1,-1
00293,1,1870,393,230,118,0.78332174,-1,-1,-1
00294,1,1479,572,463,389,0.98818564,-1,-1,-1
00294,1,1870,393,230,118,0.7849507,-1,-1,-1
00295,1,1479,572,463,389,0.9879709,-1,-1,-1
00295,1,1870,393,230,118,0.7827336,-1,-1,-1
00296,1,1479,572,463,389,0.9873842,-1,-1,-1
00296,1,1870,393,230,118,0.787026,-1,-1,-1
00297,1,1479,572,463,389,0.9871826,-1,-1,-1
00297,1,1870,393,230,118,0.78508675,-1,-1,-1
00298,1,1479,572,463,389,0.9872047,-1,-1,-1
00298,1,1870,393,230,118,0.78335404,-1,-1,-1
00299,1,1479,572,463,389,0.9873102,-1,-1,-1
00299,1,1870,393,230,118,0.7830954,-1,-1,-1
00300,1,1479,572,464,389,0.9875788,-1,-1,-1
00300,1,1870,393,230,118,0.7831067,-1,-1,-1
00301,1,1479,571,464,390,0.9879369,-1,-1,-1
00301,1,1870,393,230,118,0.7955255,-1,-1,-1
00302,1,1479,571,464,391,0.9879401,-1,-1,-1
00302,1,1870,393,230,118,0.7954189,-1,-1,-1
00303,1,1479,571,464,391,0.9878622,-1,-1,-1
00303,1,1870,393,230,118,0.7947421,-1,-1,-1
00304,1,1479,571,464,390,0.9875959,-1,-1,-1
00304,1,1870,393,230,118,0.79465306,-1,-1,-1
00305,1,1479,571,464,391,0.98764473,-1,-1,-1
00305,1,1870,393,230,118,0.79743963,-1,-1,-1
00306,1,1479,570,464,392,0.98779607,-1,-1,-1
00306,1,1870,393,230,118,0.79730225,-1,-1,-1
00307,1,1479,570,464,392,0.9879027,-1,-1,-1
00307,1,1870,393,230,118,0.7978464,-1,-1,-1
00308,1,1479,570,464,391,0.98772603,-1,-1,-1
00308,1,1870,393,230,118,0.79793733,-1,-1,-1
00309,1,1479,571,464,390,0.98763907,-1,-1,-1
00309,1,1870,393,230,118,0.7979027,-1,-1,-1
00310,1,1479,570,464,391,0.98816395,-1,-1,-1
00310,1,1870,393,230,118,0.7975948,-1,-1,-1
00311,1,1479,571,464,390,0.9879048,-1,-1,-1
00311,1,1870,393,230,118,0.79610074,-1,-1,-1
00312,1,1479,571,463,390,0.9878419,-1,-1,-1
00312,1,1870,393,230,118,0.79507816,-1,-1,-1
00313,1,1479,571,463,390,0.98749465,-1,-1,-1
00313,1,1870,393,230,118,0.79034156,-1,-1,-1
00314,1,1479,571,463,390,0.9877099,-1,-1,-1
00314,1,1870,393,230,118,0.78989804,-1,-1,-1
00315,1,1478,571,465,390,0.98704255,-1,-1,-1
00315,1,1870,393,230,118,0.7883866,-1,-1,-1
00316,1,1479,571,464,390,0.9873886,-1,-1,-1
00316,1,1870,393,230,118,0.7883236,-1,-1,-1
00317,1,1478,570,464,391,0.9868874,-1,-1,-1
00317,1,0,1142,766,779,0.9857757,-1,-1,-1
00317,1,1870,393,228,117,0.7412316,-1,-1,-1
00318,1,1475,569,466,392,0.986968,-1,-1,-1
00318,1,0,1044,1335,877,0.9193648,-1,-1,-1
00318,1,1871,393,228,117,0.7494838,-1,-1,-1
00319,1,1476,569,466,391,0.98657227,-1,-1,-1
00319,1,0,925,1857,996,0.9046436,-1,-1,-1
00319,1,1870,393,229,117,0.7457563,-1,-1,-1
00320,1,1479,570,467,390,0.9877636,-1,-1,-1
00320,1,88,892,2106,1029,0.9568167,-1,-1,-1
00320,1,1871,393,228,117,0.7473142,-1,-1,-1
00321,1,1476,568,471,393,0.9915292,-1,-1,-1
00321,1,600,900,1961,1021,0.9797807,-1,-1,-1
00321,1,1871,393,227,117,0.74439114,-1,-1,-1
00322,1,1479,568,467,389,0.9919933,-1,-1,-1
00322,1,969,1057,1592,848,0.98754543,-1,-1,-1
00322,1,1870,393,228,117,0.7890985,-1,-1,-1
00323,1,1335,1257,1226,664,0.99282575,-1,-1,-1
00323,1,1479,570,466,390,0.9910336,-1,-1,-1
00323,1,1870,393,228,116,0.7842007,-1,-1,-1
00324,1,1772,1246,789,675,0.9927787,-1,-1,-1
00324,1,1477,568,463,393,0.9922833,-1,-1,-1
00324,1,1870,392,229,118,0.7867929,-1,-1,-1
00325,1,1478,569,462,391,0.98940676,-1,-1,-1
00325,1,1870,392,229,118,0.8019181,-1,-1,-1
00326,1,1479,570,461,389,0.98687184,-1,-1,-1
00326,1,1870,392,230,118,0.8071108,-1,-1,-1
00327,1,1475,572,466,387,0.9844162,-1,-1,-1
00327,1,1868,393,231,116,0.8505423,-1,-1,-1
00328,1,1476,572,465,388,0.98468035,-1,-1,-1
00328,1,1869,393,230,116,0.84669733,-1,-1,-1
00329,1,1476,572,464,387,0.9832634,-1,-1,-1
00329,1,1868,393,231,116,0.836972,-1,-1,-1
00330,1,1475,572,464,387,0.9830468,-1,-1,-1
00330,1,1868,393,231,116,0.8334453,-1,-1,-1
00331,1,1475,572,465,388,0.98300856,-1,-1,-1
00331,1,1868,393,231,116,0.8340972,-1,-1,-1
00332,1,1474,571,465,388,0.98266834,-1,-1,-1
00332,1,1868,393,231,116,0.8339854,-1,-1,-1
00333,1,1475,572,465,387,0.9831388,-1,-1,-1
00333,1,1868,393,231,116,0.8240521,-1,-1,-1
00334,1,1480,567,470,393,0.9809122,-1,-1,-1
00334,1,1868,394,230,115,0.83358485,-1,-1,-1
00335,1,1478,570,465,390,0.98658097,-1,-1,-1
00335,1,1868,393,230,116,0.79859346,-1,-1,-1
00336,1,1479,571,463,387,0.9842174,-1,-1,-1
00336,1,1867,393,232,116,0.8456839,-1,-1,-1
00337,1,1480,569,461,392,0.9898454,-1,-1,-1
00337,1,1869,393,231,117,0.81161064,-1,-1,-1
00338,1,1480,569,461,392,0.9895517,-1,-1,-1
00338,1,1869,393,231,117,0.81095964,-1,-1,-1
00339,1,1479,569,462,392,0.989976,-1,-1,-1
00339,1,1869,393,231,117,0.8122532,-1,-1,-1
00340,1,1479,569,462,392,0.9898301,-1,-1,-1
00340,1,1869,393,231,117,0.80629283,-1,-1,-1
00341,1,1479,570,462,391,0.98962665,-1,-1,-1
00341,1,1869,393,231,117,0.79975027,-1,-1,-1
00342,1,1479,570,462,391,0.98963135,-1,-1,-1
00342,1,1869,393,231,117,0.801175,-1,-1,-1
00343,1,1479,570,462,391,0.98954445,-1,-1,-1
00343,1,1869,393,231,117,0.79948413,-1,-1,-1
00344,1,1479,570,462,391,0.9897001,-1,-1,-1
00344,1,1869,393,231,117,0.8003788,-1,-1,-1
00345,1,1479,570,462,391,0.98955554,-1,-1,-1
00345,1,1869,393,231,117,0.8040396,-1,-1,-1
00346,1,1479,569,461,392,0.9896791,-1,-1,-1
00346,1,1869,393,230,117,0.8065399,-1,-1,-1
00347,1,1481,569,459,391,0.9889169,-1,-1,-1
00347,1,1869,392,231,117,0.816075,-1,-1,-1
00348,1,1481,569,459,391,0.9891178,-1,-1,-1
00348,1,1869,393,231,116,0.81468165,-1,-1,-1
00349,1,1479,569,461,391,0.9874434,-1,-1,-1
00349,1,1869,392,231,118,0.83942497,-1,-1,-1
00350,1,1480,569,461,391,0.9875337,-1,-1,-1
00350,1,1869,392,231,118,0.83676785,-1,-1,-1
00351,1,1480,569,461,391,0.98760927,-1,-1,-1
00351,1,1869,392,231,118,0.8354654,-1,-1,-1
00352,1,1480,569,461,391,0.98878956,-1,-1,-1
00352,1,1869,392,231,118,0.8345617,-1,-1,-1
00353,1,1480,568,461,392,0.9892231,-1,-1,-1
00353,1,1869,392,231,118,0.83472973,-1,-1,-1
00354,1,1480,568,462,393,0.9899574,-1,-1,-1
00354,1,1953,969,608,482,0.9841484,-1,-1,-1
00354,1,1869,392,231,118,0.8341394,-1,-1,-1
00355,1,1696,931,865,498,0.991492,-1,-1,-1
00355,1,1482,564,468,402,0.9819972,-1,-1,-1
00355,1,1869,392,231,118,0.83683825,-1,-1,-1
00356,1,1482,560,469,409,0.98057795,-1,-1,-1
00356,1,1472,877,1089,547,0.9779092,-1,-1,-1
00356,1,1869,393,231,117,0.83730793,-1,-1,-1
00357,1,1187,865,1212,544,0.9856221,-1,-1,-1
00357,1,1486,564,469,402,0.9759787,-1,-1,-1
00357,1,1868,393,232,117,0.8092122,-1,-1,-1
00358,1,865,880,1352,512,0.98457134,-1,-1,-1
00358,1,1479,565,472,403,0.9683327,-1,-1,-1
00358,1,1868,393,232,117,0.81062275,-1,-1,-1
00359,1,1479,566,472,403,0.9678647,-1,-1,-1
00359,1,515,850,1458,531,0.9652937,-1,-1,-1
00359,1,1868,393,232,117,0.80339026,-1,-1,-1
00360,1,1480,563,471,404,0.98397195,-1,-1,-1
00360,1,172,804,1459,552,0.91900736,-1,-1,-1
00360,1,1868,393,232,117,0.8030077,-1,-1,-1
00361,1,1474,565,469,400,0.98807937,-1,-1,-1
00361,1,0,796,1287,536,0.89821744,-1,-1,-1
00361,1,1867,393,233,117,0.80088115,-1,-1,-1
00362,1,1479,568,463,395,0.9859789,-1,-1,-1
00362,1,0,758,1008,571,0.8827554,-1,-1,-1
00362,1,1867,393,233,117,0.7977018,-1,-1,-1
00363,1,1475,565,466,400,0.98653656,-1,-1,-1
00363,1,0,750,741,511,0.963919,-1,-1,-1
00363,1,1867,393,233,117,0.79264605,-1,-1,-1
00364,1,1475,565,466,400,0.9867884,-1,-1,-1
00364,1,0,761,443,438,0.91018146,-1,-1,-1
00364,1,1867,393,233,117,0.79357684,-1,-1,-1
00365,1,1475,565,466,401,0.98695844,-1,-1,-1
00365,1,1867,393,233,117,0.79703313,-1,-1,-1
00366,1,1475,565,466,400,0.9870984,-1,-1,-1
00366,1,1867,393,233,117,0.7977402,-1,-1,-1
00367,1,1480,567,461,394,0.9899732,-1,-1,-1
00367,1,1870,392,230,118,0.74018085,-1,-1,-1
00368,1,1480,567,460,394,0.98992866,-1,-1,-1
00368,1,1870,393,230,116,0.7301637,-1,-1,-1
00369,1,1480,567,459,394,0.99002355,-1,-1,-1
00369,1,1870,393,230,116,0.73409796,-1,-1,-1
00370,1,1480,567,459,394,0.98979366,-1,-1,-1
00370,1,1870,393,230,116,0.7344069,-1,-1,-1
00371,1,1480,567,459,394,0.9895699,-1,-1,-1
00371,1,1870,393,230,116,0.7287859,-1,-1,-1
00372,1,1481,568,459,393,0.98928624,-1,-1,-1
00372,1,1870,393,229,116,0.73521227,-1,-1,-1
00373,1,1479,568,461,394,0.9896053,-1,-1,-1
00373,1,1870,393,229,117,0.7516732,-1,-1,-1
00374,1,1480,568,460,393,0.9896444,-1,-1,-1
00374,1,1870,393,229,116,0.7499288,-1,-1,-1
00375,1,1479,568,461,393,0.989842,-1,-1,-1
00375,1,1870,393,229,116,0.7506992,-1,-1,-1
00376,1,1479,568,461,393,0.98956686,-1,-1,-1
00376,1,1870,393,229,116,0.7517952,-1,-1,-1
00377,1,1478,570,462,391,0.9884207,-1,-1,-1
00377,1,1869,392,232,119,0.7726247,-1,-1,-1
00378,1,1478,570,462,391,0.9879609,-1,-1,-1
00378,1,1869,392,232,119,0.77542937,-1,-1,-1
00379,1,1478,570,462,391,0.9883228,-1,-1,-1
00379,1,1868,392,233,119,0.7743123,-1,-1,-1
00380,1,1478,570,462,391,0.9889643,-1,-1,-1
00380,1,1868,392,233,119,0.7702531,-1,-1,-1
00381,1,1478,569,463,392,0.9912548,-1,-1,-1
00381,1,1868,392,233,119,0.7699523,-1,-1,-1
00382,1,1478,571,464,390,0.9903544,-1,-1,-1
00382,1,1840,958,721,535,0.9871197,-1,-1,-1
00382,1,1868,392,233,119,0.77056146,-1,-1,-1
00383,1,1541,923,1020,529,0.98966837,-1,-1,-1
00383,1,1484,569,465,398,0.98005474,-1,-1,-1
00383,1,1868,392,233,119,0.77534294,-1,-1,-1
00384,1,1167,842,1307,587,0.99475527,-1,-1,-1
00384,1,1480,566,475,407,0.9577879,-1,-1,-1
00384,1,1868,392,233,119,0.77902186,-1,-1,-1
00385,1,849,882,1228,524,0.9771649,-1,-1,-1
00385,1,1469,571,494,403,0.95304394,-1,-1,-1
00385,1,1869,393,231,118,0.77735966,-1,-1,-1
00386,1,492,829,1252,585,0.98443097,-1,-1,-1
00386,1,1483,572,467,409,0.9338926,-1,-1,-1
00386,1,1868,393,232,117,0.77463543,-1,-1,-1
00387,1,1481,574,479,394,0.9881406,-1,-1,-1
00387,1,92,803,1277,563,0.9316583,-1,-1,-1
00387,1,1867,393,234,117,0.7815117,-1,-1,-1
00388,1,1482,574,485,402,0.98971516,-1,-1,-1
00388,1,0,803,1031,536,0.7873239,-1,-1,-1
00388,1,1867,393,234,117,0.78132266,-1,-1,-1
00389,1,1479,573,495,405,0.99220455,-1,-1,-1
00389,1,0,783,677,523,0.975419,-1,-1,-1
00389,1,1867,393,234,117,0.77612644,-1,-1,-1
00390,1,1485,573,496,409,0.99099076,-1,-1,-1
00390,1,1867,393,235,117,0.7846804,-1,-1,-1
00391,1,1487,574,504,411,0.99084806,-1,-1,-1
00391,1,1867,394,234,116,0.78246963,-1,-1,-1
00392,1,1488,571,520,427,0.99567103,-1,-1,-1
00392,1,1868,394,233,116,0.7677517,-1,-1,-1
00393,1,1495,577,523,424,0.9900553,-1,-1,-1
00393,1,1868,394,232,116,0.7700507,-1,-1,-1
00394,1,1502,586,536,420,0.991687,-1,-1,-1
00394,1,1868,394,232,116,0.7740382,-1,-1,-1
00395,1,1516,580,557,455,0.99376535,-1,-1,-1
00395,1,1868,394,232,116,0.7804268,-1,-1,-1
00396,1,1517,581,581,462,0.9920929,-1,-1,-1
00396,1,1868,394,232,116,0.7765448,-1,-1,-1
00397,1,1532,589,598,470,0.99276054,-1,-1,-1
00397,1,1868,394,232,115,0.7233698,-1,-1,-1
00398,1,1550,603,616,474,0.99372756,-1,-1,-1
00398,1,1868,393,232,117,0.74331516,-1,-1,-1
00399,1,1542,601,657,484,0.9931473,-1,-1,-1
00399,1,1869,394,230,116,0.757948,-1,-1,-1
00400,1,1548,616,711,488,0.9875565,-1,-1,-1
00400,1,1869,393,230,117,0.7567769,-1,-1,-1
00401,1,1617,628,683,491,0.9930219,-1,-1,-1
00401,1,1869,393,231,116,0.762212,-1,-1,-1
00402,1,1600,635,753,508,0.9900349,-1,-1,-1
00402,1,1868,393,232,117,0.78655547,-1,-1,-1
00403,1,1653,639,742,518,0.98039067,-1,-1,-1
00403,1,1868,393,231,117,0.77168614,-1,-1,-1
00404,1,1646,628,897,543,0.9843658,-1,-1,-1
00404,1,1868,393,231,117,0.7828584,-1,-1,-1
00405,1,1661,654,900,554,0.99433184,-1,-1,-1
00405,1,1868,393,231,117,0.77130383,-1,-1,-1
00406,1,1709,682,852,564,0.9932302,-1,-1,-1
00406,1,1867,392,233,118,0.77601767,-1,-1,-1
00407,1,1781,670,780,616,0.9906238,-1,-1,-1
00407,1,1870,392,230,118,0.7864965,-1,-1,-1
00408,1,1833,693,728,560,0.9847169,-1,-1,-1
00408,1,1870,392,230,118,0.7584719,-1,-1,-1
00409,1,1849,722,712,531,0.86268187,-1,-1,-1
00409,1,1869,392,231,118,0.7646834,-1,-1,-1
00410,1,1869,392,231,118,0.7757053,-1,-1,-1
00411,1,1869,393,230,117,0.79469347,-1,-1,-1
00412,1,2036,753,520,429,0.9378668,-1,-1,-1
00412,1,1868,392,232,117,0.84066564,-1,-1,-1
00413,1,2097,790,464,421,0.9265313,-1,-1,-1
00413,1,1868,393,231,116,0.86133176,-1,-1,-1
00414,1,1868,392,231,117,0.8560322,-1,-1,-1
00415,1,1868,392,231,117,0.8587617,-1,-1,-1
00416,1,1868,392,231,117,0.8551446,-1,-1,-1
00417,1,1869,392,232,119,0.8036438,-1,-1,-1
00418,1,1869,392,232,119,0.81212395,-1,-1,-1
00419,1,1869,392,231,119,0.81393945,-1,-1,-1
00420,1,1869,392,231,118,0.8112856,-1,-1,-1
00421,1,1870,393,230,117,0.79556245,-1,-1,-1
00422,1,1869,392,231,119,0.8139388,-1,-1,-1
00423,1,1869,392,231,119,0.81245977,-1,-1,-1
00424,1,1869,392,230,118,0.8240971,-1,-1,-1
00425,1,1869,391,230,120,0.8447255,-1,-1,-1
00426,1,1869,391,232,121,0.8353184,-1,-1,-1
00427,1,1867,392,234,118,0.78435224,-1,-1,-1
00428,1,1867,392,234,118,0.78710014,-1,-1,-1
00429,1,1867,391,234,119,0.78779715,-1,-1,-1
00430,1,1867,392,235,118,0.77641535,-1,-1,-1
00431,1,1867,391,235,119,0.7888283,-1,-1,-1
00432,1,1867,391,235,119,0.78911006,-1,-1,-1
00433,1,1867,391,235,119,0.7769383,-1,-1,-1
00434,1,1868,391,234,119,0.77326477,-1,-1,-1
00435,1,1868,392,233,118,0.7705493,-1,-1,-1
00436,1,1868,392,234,118,0.7673745,-1,-1,-1
00437,1,1868,392,232,118,0.7420502,-1,-1,-1
00438,1,1868,392,232,118,0.74336565,-1,-1,-1
00439,1,1868,392,231,118,0.73846674,-1,-1,-1
00440,1,1868,392,232,118,0.7321853,-1,-1,-1
00441,1,1868,392,232,118,0.7256407,-1,-1,-1
00442,1,1868,392,231,118,0.7242325,-1,-1,-1
00443,1,1868,392,231,118,0.72721237,-1,-1,-1
00444,1,1868,392,232,118,0.7171437,-1,-1,-1
00445,1,1869,392,231,118,0.7801084,-1,-1,-1
00446,1,1869,392,231,118,0.7811678,-1,-1,-1
00447,1,1868,392,232,118,0.7841383,-1,-1,-1
00448,1,1868,392,232,118,0.7796843,-1,-1,-1
00449,1,1868,392,232,118,0.7794296,-1,-1,-1
00450,1,1868,392,232,118,0.7792557,-1,-1,-1
00451,1,1868,392,232,118,0.7807042,-1,-1,-1
00452,1,1868,392,232,118,0.7790338,-1,-1,-1
00453,1,1868,392,232,118,0.7796426,-1,-1,-1
00454,1,1868,392,232,118,0.7781297,-1,-1,-1
00455,1,1868,392,232,118,0.77452445,-1,-1,-1
00456,1,1868,392,232,118,0.77550024,-1,-1,-1
00457,1,1868,392,232,118,0.7739785,-1,-1,-1
00458,1,1868,392,232,118,0.7768401,-1,-1,-1
00459,1,1868,392,232,118,0.7761789,-1,-1,-1
00460,1,1868,392,232,118,0.7770618,-1,-1,-1
