00241,2,749.474365234375,818.0426025390625,115.66021728515625,71.19049072265625,0.8962294459342957,-1,-1,-1
00242,2,758.3789672851562,815.170166015625,120.76483154296875,78.5736083984375,0.9181212782859802,-1,-1,-1
00243,2,771.90380859375,815.2064819335938,117.00640869140625,77.97564697265625,0.8639379143714905,-1,-1,-1
00244,2,784.9309692382812,814.3894653320312,130.6917724609375,83.8291015625,0.8534082770347595,-1,-1,-1
00245,2,796.9863891601562,818.548095703125,127.8603515625,87.3201904296875,0.8658628463745117,-1,-1,-1
00246,2,814.6347045898438,820.8084716796875,130.84332275390625,92.37213134765625,0.9147509932518005,-1,-1,-1
00247,2,827.9537963867188,817.9872436523438,134.01348876953125,103.5281982421875,0.9657627940177917,-1,-1,-1
00248,2,831.4623413085938,818.0955200195312,157.23919677734375,108.34320068359375,0.9782558083534241,-1,-1,-1
00249,2,857.0557861328125,816.263427734375,155.616455078125,113.81298828125,0.9699816703796387,-1,-1,-1
00250,2,876.01123046875,821.7783813476562,146.21954345703125,114.8857421875,0.978742241859436,-1,-1,-1
00251,2,886.7691040039062,820.7066650390625,172.58782958984375,121.95440673828125,0.9932200908660889,-1,-1,-1
00252,2,898.2645263671875,821.021484375,178.158935546875,126.30535888671875,0.992609441280365,-1,-1,-1
00253,2,920.5221557617188,827.2413940429688,193.64276123046875,127.8690185546875,0.9968980550765991,-1,-1,-1
00254,2,940.3400268554688,828.74853515625,192.04693603515625,135.566162109375,0.9956012964248657,-1,-1,-1
00255,2,969.5276489257812,832.9117431640625,214.11407470703125,147.0946044921875,0.9943645000457764,-1,-1,-1
00256,2,988.5777587890625,833.198974609375,232.95703125,158.10784912109375,0.9942708015441895,-1,-1,-1
00257,2,1016.6539306640625,839.09130859375,240.4649658203125,166.60345458984375,0.994407057762146,-1,-1,-1
00258,2,1048.7647705078125,842.122802734375,265.611572265625,177.0789794921875,0.9876453280448914,-1,-1,-1
00259,2,1080.0423583984375,848.9566040039062,296.9881591796875,188.54107666015625,0.9943569302558899,-1,-1,-1
00260,2,1109.947265625,851.796142578125,345.325439453125,212.9837646484375,0.9718812108039856,-1,-1,-1
00261,2,1157.5963134765625,846.3898315429688,378.694091796875,232.95123291015625,0.9965258240699768,-1,-1,-1
00262,2,1200.9205322265625,839.6259765625,428.9971923828125,261.6190185546875,0.9986332058906555,-1,-1,-1
00263,2,1249.71142578125,865.1768188476562,477.6925048828125,270.26654052734375,0.999695897102356,-1,-1,-1
00264,2,1345.8172607421875,858.4637451171875,534.416748046875,346.4849853515625,0.999835729598999,-1,-1,-1
00265,2,1457.7972412109375,873.8048095703125,582.19384765625,373.87841796875,0.9996402263641357,-1,-1,-1
00266,2,1555.1549072265625,886.0670776367188,702.7633056640625,432.60845947265625,0.999894380569458,-1,-1,-1
00267,2,1738.3399658203125,912.7861938476562,811.5701904296875,496.45513916015625,0.9997705817222595,-1,-1,-1
00268,2,1823.71435546875,952.336669921875,708.607421875,596.482177734375,0.999752938747406,-1,-1,-1
00269,2,2056.82373046875,981.6548461914062,498.66796875,558.3583374023438,0.9914786219596863,-1,-1,-1
00270,2,2348.00244140625,980.8196411132812,205.091796875,634.0643920898438,0.9749850034713745,-1,-1,-1
00728,2,2433.156494140625,716.8218383789062,135.57763671875,274.336669921875,0.9484976530075073,-1,-1,-1
00729,2,2276.066650390625,676.2644653320312,277.614990234375,289.68096923828125,0.9948441982269287,-1,-1,-1
00730,2,2118.47216796875,658.9120483398438,440.34765625,298.48370361328125,0.9968089461326599,-1,-1,-1
00731,2,2003.60107421875,656.0578002929688,546.331787109375,303.29718017578125,0.9995405673980713,-1,-1,-1
00732,2,1882.4912109375,664.8012084960938,566.940673828125,261.28277587890625,0.9997264742851257,-1,-1,-1
00733,2,1828.7742919921875,677.75146484375,463.9532470703125,233.6854248046875,0.9993791580200195,-1,-1,-1
00734,2,1722.005859375,678.2685546875,426.21142578125,225.0443115234375,0.9991146922111511,-1,-1,-1
00735,2,1649.297119140625,681.7318115234375,389.32080078125,210.38873291015625,0.9987381100654602,-1,-1,-1
00736,2,1591.9739990234375,702.0092163085938,351.8021240234375,179.48095703125,0.9989145994186401,-1,-1,-1
00737,2,1514.74951171875,694.6372680664062,338.2342529296875,187.44720458984375,0.995701014995575,-1,-1,-1
00738,2,1477.1502685546875,699.7454833984375,303.940673828125,169.15802001953125,0.9954589605331421,-1,-1,-1
00739,2,1432.312744140625,702.224609375,283.4139404296875,159.26739501953125,0.9937623143196106,-1,-1,-1
00740,2,1392.12353515625,701.3633422851562,264.8267822265625,155.19622802734375,0.9925886392593384,-1,-1,-1
00741,2,1350.0404052734375,699.9921875,253.0845947265625,154.992919921875,0.9903546571731567,-1,-1,-1
00742,2,1314.0369873046875,698.75927734375,246.0621337890625,151.4691162109375,0.9094133377075195,-1,-1,-1
00743,2,1283.57470703125,709.5437622070312,221.927734375,139.5704345703125,0.9864012598991394,-1,-1,-1
00744,2,1253.18212890625,709.9615478515625,204.9053955078125,134.338623046875,0.9728500843048096,-1,-1,-1
00745,2,1229.6446533203125,714.4139404296875,197.04443359375,127.48663330078125,0.9872140884399414,-1,-1,-1
00746,2,1195.65966796875,718.2431030273438,195.4219970703125,120.82818603515625,0.9911045432090759,-1,-1,-1
00747,2,1175.3907470703125,718.7493286132812,176.4224853515625,116.3096923828125,0.9916734099388123,-1,-1,-1
00748,2,1151.2159423828125,723.7003173828125,161.546875,111.3162841796875,0.9792634844779968,-1,-1,-1
00749,2,1126.384765625,723.4646606445312,162.8233642578125,106.43243408203125,0.9847639203071594,-1,-1,-1
00750,2,1106.414306640625,721.3004760742188,151.669921875,113.7327880859375,0.9824414849281311,-1,-1,-1
00751,2,1080.8662109375,725.5543823242188,154.757080078125,106.034423828125,0.983705997467041,-1,-1,-1
00752,2,1059.2186279296875,723.281982421875,146.3167724609375,105.6258544921875,0.9811608195304871,-1,-1,-1
00753,2,1042.606689453125,729.2645263671875,148.412841796875,99.20513916015625,0.9777867794036865,-1,-1,-1
00754,2,1024.4974365234375,729.005615234375,138.53271484375,102.39404296875,0.9777406454086304,-1,-1,-1
00755,2,1003.4349975585938,727.5810546875,143.39044189453125,98.97119140625,0.9663636684417725,-1,-1,-1
00756,2,987.4730834960938,733.3021240234375,134.39251708984375,90.1746826171875,0.9618382453918457,-1,-1,-1
00757,2,978.3025512695312,732.4315185546875,128.75360107421875,94.5662841796875,0.9524064064025879,-1,-1,-1
00758,2,955.7903442382812,735.0223999023438,134.03253173828125,90.84222412109375,0.9450889825820923,-1,-1,-1
00759,2,947.991943359375,746.665771484375,115.93896484375,70.99176025390625,0.9799129962921143,-1,-1,-1
00759,2,710.4654541015625,786.4761962890625,92.32861328125,69.23992919921875,0.8266651630401611,-1,-1,-1
00760,2,927.1320190429688,740.2582397460938,130.46795654296875,85.82513427734375,0.9604097008705139,-1,-1,-1
00761,2,917.23876953125,744.19775390625,112.912109375,80.14959716796875,0.9837109446525574,-1,-1,-1
00762,2,906.439697265625,752.25341796875,109.30322265625,66.91351318359375,0.9838638305664062,-1,-1,-1
00763,2,888.1351318359375,751.8634643554688,120.218505859375,67.511962890625,0.989132821559906,-1,-1,-1
00764,2,883.6980590820312,755.0037841796875,105.5289306640625,63.8499755859375,0.9548318982124329,-1,-1,-1
00765,2,869.9820556640625,760.028564453125,92.3790283203125,63.26934814453125,0.989894449710846,-1,-1,-1
00765,2,2434.819580078125,720.443115234375,137.83447265625,243.257568359375,0.9757705926895142,-1,-1,-1
00766,2,865.8016357421875,756.90087890625,81.4552001953125,62.00909423828125,0.9736042022705078,-1,-1,-1
00766,2,2283.788818359375,665.3740844726562,269.586669921875,279.13482666015625,0.9904928803443909,-1,-1,-1
00767,2,2154.70361328125,648.817626953125,406.406005859375,283.6121826171875,0.9981650710105896,-1,-1,-1
00767,2,858.653564453125,764.9891967773438,82.19927978515625,54.97406005859375,0.9313512444496155,-1,-1,-1
00768,2,2004.145263671875,692.1675415039062,533.424560546875,216.27984619140625,0.9992165565490723,-1,-1,-1
00768,2,772.3382568359375,773.92138671875,140.4139404296875,100.7642822265625,0.8165861964225769,-1,-1,-1
00769,2,1944.8265380859375,655.4598388671875,604.6307373046875,271.89373779296875,0.999853253364563,-1,-1,-1
00769,2,777.9296875,769.5131225585938,131.80078125,105.84539794921875,0.8259685635566711,-1,-1,-1
00770,2,1823.990966796875,650.1404418945312,572.36767578125,234.7037353515625,0.9997192025184631,-1,-1,-1
00770,2,783.0068359375,768.4739990234375,132.46124267578125,110.67596435546875,0.9509362578392029,-1,-1,-1
00771,2,1753.244384765625,657.039306640625,502.991943359375,220.52740478515625,0.9995977282524109,-1,-1,-1
00771,2,790.445556640625,771.9542236328125,135.27178955078125,111.861572265625,0.9804178476333618,-1,-1,-1
00772,2,1677.3411865234375,663.0034790039062,457.7989501953125,208.09710693359375,0.999221682548523,-1,-1,-1
00772,2,789.7567138671875,768.639404296875,152.24456787109375,116.146484375,0.9903343319892883,-1,-1,-1
00773,2,1628.3726806640625,673.5810546875,401.853271484375,187.2098388671875,0.9988059997558594,-1,-1,-1
00773,2,808.8723754882812,774.40673828125,151.46075439453125,112.9364013671875,0.9681306481361389,-1,-1,-1
00774,2,1566.7694091796875,683.805908203125,388.1171875,173.66217041015625,0.9986274242401123,-1,-1,-1
00774,2,820.8720703125,783.1365356445312,150.597900390625,105.75225830078125,0.9468140602111816,-1,-1,-1
00774,2,768.3078002929688,768.9549560546875,77.17352294921875,48.988525390625,0.8827107548713684,-1,-1,-1
00775,2,1503.0443115234375,687.46337890625,345.9014892578125,170.19610595703125,0.9948262572288513,-1,-1,-1
00775,2,826.8240356445312,787.0908813476562,159.54656982421875,102.94024658203125,0.9509000182151794,-1,-1,-1
00775,2,751.5353393554688,772.1849365234375,89.68243408203125,46.41278076171875,0.851571798324585,-1,-1,-1
00776,2,1458.835205078125,691.49853515625,327.6614990234375,161.11993408203125,0.992756187915802,-1,-1,-1
00776,2,834.1205444335938,786.0894775390625,169.099609375,105.3470458984375,0.9726622700691223,-1,-1,-1
00776,2,729.2944946289062,771.2582397460938,88.5185546875,51.19305419921875,0.8313103318214417,-1,-1,-1
00777,2,1426.62841796875,695.5606689453125,287.340576171875,140.6571044921875,0.9960026144981384,-1,-1,-1
00777,2,847.7127685546875,782.0631713867188,173.537109375,112.50750732421875,0.961206316947937,-1,-1,-1
00777,2,729.6929321289062,771.095458984375,76.35382080078125,47.43524169921875,0.8597270846366882,-1,-1,-1
00778,2,1385.2928466796875,696.4667358398438,273.163330078125,139.154541015625,0.9916478395462036,-1,-1,-1
00778,2,848.1822509765625,779.8258056640625,174.94384765625,125.480224609375,0.9725140929222107,-1,-1,-1
00779,2,1352.4407958984375,692.7027587890625,248.147216796875,143.67535400390625,0.9950389266014099,-1,-1,-1
00779,2,863.2910766601562,791.568603515625,171.55279541015625,112.51739501953125,0.9442699551582336,-1,-1,-1
00780,2,1317.1455078125,701.55517578125,232.25439453125,132.41094970703125,0.9968898892402649,-1,-1,-1
00780,2,872.1204833984375,783.2528076171875,177.30224609375,124.4246826171875,0.9572510123252869,-1,-1,-1
00781,2,1276.9193115234375,699.8695068359375,231.6214599609375,130.53546142578125,0.9913150668144226,-1,-1,-1
00781,2,878.8475341796875,781.6558837890625,182.7615966796875,134.92828369140625,0.9550710916519165,-1,-1,-1
00782,2,1248.276123046875,704.4500732421875,217.2869873046875,123.07354736328125,0.994902491569519,-1,-1,-1
00782,2,887.02880859375,786.6359252929688,181.6912841796875,126.31719970703125,0.9652553796768188,-1,-1,-1
00783,2,1224.45849609375,699.8236694335938,205.29638671875,129.74884033203125,0.9970402121543884,-1,-1,-1
00783,2,890.8369140625,779.990478515625,198.355712890625,147.43023681640625,0.9528062343597412,-1,-1,-1
00784,2,1189.507080078125,706.8239135742188,191.425048828125,120.2779541015625,0.9972520470619202,-1,-1,-1
00784,2,892.6795043945312,781.35986328125,216.31622314453125,158.98028564453125,0.9771486520767212,-1,-1,-1
00785,2,1167.650390625,707.7175903320312,188.2371826171875,114.72296142578125,0.9973022937774658,-1,-1,-1
00785,2,904.3018188476562,782.7694702148438,214.89691162109375,156.65264892578125,0.9818770885467529,-1,-1,-1
00786,2,1145.8834228515625,705.7127075195312,171.0615234375,120.894287109375,0.9937735199928284,-1,-1,-1
00786,2,919.7771606445312,785.236328125,214.82806396484375,158.858154296875,0.9903919696807861,-1,-1,-1
00787,2,1119.571044921875,721.3660888671875,167.6483154296875,104.652099609375,0.9928077459335327,-1,-1,-1
00787,2,922.8355712890625,791.424072265625,216.9686279296875,150.14703369140625,0.9851942658424377,-1,-1,-1
00788,2,1098.6094970703125,720.9755859375,162.829833984375,103.15936279296875,0.9921323657035828,-1,-1,-1
00788,2,926.464111328125,791.91357421875,227.81201171875,165.82696533203125,0.9945038557052612,-1,-1,-1
00788,2,643.9745483398438,783.5087280273438,57.47784423828125,42.47021484375,0.8177738189697266,-1,-1,-1
00789,2,1075.1268310546875,724.3245239257812,155.8026123046875,96.55389404296875,0.980374276638031,-1,-1,-1
00789,2,631.870361328125,784.0162963867188,68.0601806640625,42.52850341796875,0.9027544856071472,-1,-1,-1
00789,2,944.7539672851562,796.2073364257812,236.53485107421875,168.31298828125,0.9418146014213562,-1,-1,-1
00790,2,1041.8687744140625,721.6873168945312,162.4840087890625,96.62548828125,0.9019797444343567,-1,-1,-1
00790,2,624.8759765625,787.1891479492188,74.299560546875,39.44793701171875,0.8524869680404663,-1,-1,-1
00790,2,949.2237548828125,794.7935180664062,265.05029296875,178.97235107421875,0.8990532159805298,-1,-1,-1
00790,7,945.882568359375,771.5660400390625,259.707763671875,220.65997314453125,0.8306969404220581,-1,-1,-1
00791,2,1024.1002197265625,727.0659790039062,159.672119140625,89.04071044921875,0.8666850328445435,-1,-1,-1
00791,2,624.3582763671875,788.61083984375,66.182861328125,36.04925537109375,0.8350173234939575,-1,-1,-1
00791,7,966.675537109375,772.9047241210938,264.0587158203125,227.69586181640625,0.8778656721115112,-1,-1,-1
00791,2,966.8568115234375,805.74951171875,265.3089599609375,179.45782470703125,0.9511282444000244,-1,-1,-1
00792,2,1002.8240356445312,730.4376220703125,150.18927001953125,85.46868896484375,0.8934829831123352,-1,-1,-1
00792,2,976.6985473632812,797.5457153320312,280.16680908203125,203.93499755859375,0.9703763723373413,-1,-1,-1
00793,2,981.6116333007812,732.3314819335938,154.62786865234375,94.001220703125,0.9834686517715454,-1,-1,-1
00793,7,991.6309204101562,796.5484619140625,300.06915283203125,223.46722412109375,0.9845724105834961,-1,-1,-1
00793,2,1017.7890014648438,806.5930786132812,261.43121337890625,189.11322021484375,0.8903321623802185,-1,-1,-1
00794,2,976.7977905273438,735.958251953125,133.40582275390625,86.56964111328125,0.9806439876556396,-1,-1,-1
00794,7,1013.1890258789062,803.301513671875,310.45037841796875,234.701171875,0.9061332941055298,-1,-1,-1
00795,2,951.5902099609375,733.4892578125,138.413818359375,95.0106201171875,0.9817885160446167,-1,-1,-1
00795,7,1021.8568115234375,800.71875,326.5430908203125,231.9453125,0.9651546478271484,-1,-1,-1
00796,2,933.1430053710938,737.0953369140625,136.93194580078125,91.91064453125,0.975421130657196,-1,-1,-1
00796,7,1033.3375244140625,795.87353515625,351.497314453125,248.80322265625,0.988166093826294,-1,-1,-1
00797,2,920.17041015625,739.7352294921875,141.1925048828125,85.8919677734375,0.933327317237854,-1,-1,-1
00797,7,1046.790283203125,785.3948364257812,379.5087890625,275.35821533203125,0.9869469404220581,-1,-1,-1
00798,2,903.1646118164062,748.981201171875,126.80828857421875,72.3489990234375,0.9850172400474548,-1,-1,-1
00798,7,1072.54052734375,790.244140625,423.0511474609375,284.1070556640625,0.9907100796699524,-1,-1,-1
00799,2,885.7459106445312,753.836181640625,136.4400634765625,68.65325927734375,0.9899975061416626,-1,-1,-1
00799,7,1106.834228515625,788.6646728515625,414.1513671875,289.548095703125,0.9958412051200867,-1,-1,-1
00800,2,886.077392578125,746.115234375,122.11444091796875,73.0782470703125,0.9231579303741455,-1,-1,-1
00800,7,1133.3740234375,798.43798828125,460.1639404296875,303.182373046875,0.9977501034736633,-1,-1,-1
00801,2,862.8369750976562,753.4861450195312,103.634521484375,70.748291015625,0.9736021757125854,-1,-1,-1
00801,7,1139.065673828125,791.5657958984375,486.9185791015625,335.375244140625,0.998767614364624,-1,-1,-1
00801,2,1150.9178466796875,772.9739990234375,498.9869384765625,416.5372314453125,0.9480026364326477,-1,-1,-1
00802,2,854.744140625,759.1835327148438,99.9586181640625,66.29144287109375,0.9827961921691895,-1,-1,-1
00802,2,1175.2030029296875,791.9173583984375,514.18701171875,366.2586669921875,0.9888437986373901,-1,-1,-1
00803,2,1208.4788818359375,797.5575561523438,554.2943115234375,382.25213623046875,0.998761773109436,-1,-1,-1
00803,2,845.22412109375,760.731689453125,85.119873046875,62.4984130859375,0.9544121623039246,-1,-1,-1
00804,2,1272.5194091796875,774.5399169921875,578.8819580078125,434.728271484375,0.9995090961456299,-1,-1,-1
00804,2,832.5599365234375,766.240966796875,72.22247314453125,56.274169921875,0.9672620296478271,-1,-1,-1
00805,2,1265.6370849609375,809.48291015625,656.450439453125,438.21142578125,0.999963641166687,-1,-1,-1
00805,2,2352.81201171875,728.0821533203125,206.611572265625,239.1051025390625,0.9941879510879517,-1,-1,-1
00805,2,814.4385375976562,768.1406860351562,93.50836181640625,55.57366943359375,0.9848284125328064,-1,-1,-1
00806,2,1310.7630615234375,807.5975341796875,756.9254150390625,469.383056640625,0.9997681975364685,-1,-1,-1
00806,2,2187.055908203125,646.3807983398438,359.80810546875,305.2037353515625,0.9986963868141174,-1,-1,-1
00806,2,807.1261596679688,766.0923461914062,90.09088134765625,59.7315673828125,0.9757473468780518,-1,-1,-1
00807,2,2045.0428466796875,686.457275390625,472.7840576171875,245.5155029296875,0.9984174966812134,-1,-1,-1
00807,2,1379.4306640625,802.2367553710938,788.717529296875,499.43670654296875,0.9996079802513123,-1,-1,-1
00807,2,799.2160034179688,769.1065673828125,73.1527099609375,54.0670166015625,0.8888896703720093,-1,-1,-1
00808,2,1987.7960205078125,665.9197387695312,575.2322998046875,293.42181396484375,0.9994369149208069,-1,-1,-1
00808,2,776.2810668945312,772.0999145507812,89.194091796875,53.40570068359375,0.9792872667312622,-1,-1,-1
00808,2,1419.1328125,788.3099365234375,874.9873046875,540.555419921875,0.9996103644371033,-1,-1,-1
00809,2,1884.3861083984375,661.4417114257812,582.4129638671875,256.873291015625,0.9996504783630371,-1,-1,-1
00809,2,1477.94287109375,769.9400634765625,999.900146484375,599.897216796875,0.9998527765274048,-1,-1,-1
00809,2,770.3162841796875,769.944580078125,81.97039794921875,54.489501953125,0.9662519097328186,-1,-1,-1
00810,2,1773.1170654296875,661.5584716796875,570.9942626953125,223.17633056640625,0.9905163645744324,-1,-1,-1
00810,2,1558.034912109375,784.2159423828125,998.627685546875,668.423095703125,0.9872559309005737,-1,-1,-1
00810,2,762.6437377929688,772.3804931640625,78.05645751953125,49.65252685546875,0.8621858358383179,-1,-1,-1
00811,2,1725.200927734375,670.5414428710938,468.128173828125,210.6021728515625,0.9989420771598816,-1,-1,-1
00811,2,1632.5672607421875,807.5362548828125,935.7835693359375,698.8121337890625,0.9991111159324646,-1,-1,-1
00811,2,730.2798461914062,773.1569213867188,90.5672607421875,51.73388671875,0.906791627407074,-1,-1,-1
00812,2,1637.23876953125,682.3787231445312,459.495849609375,214.41107177734375,0.9992800354957581,-1,-1,-1
00812,2,723.5492553710938,774.1114501953125,95.07470703125,52.1600341796875,0.883490800857544,-1,-1,-1
00812,7,1705.62744140625,806.7556762695312,869.00732421875,797.9236450195312,0.9963697195053101,-1,-1,-1
00812,2,1761.269287109375,849.2009887695312,821.463623046875,657.9275512695312,0.969986617565155,-1,-1,-1
00813,2,1563.962158203125,687.3850708007812,420.087158203125,190.09735107421875,0.9993565678596497,-1,-1,-1
00813,2,1819.86669921875,806.9756469726562,701.023193359375,734.3292846679688,0.9967954754829407,-1,-1,-1
00814,2,1508.1201171875,689.1742553710938,390.32958984375,179.1103515625,0.9986188411712646,-1,-1,-1
00814,2,1954.6282958984375,844.0072631835938,590.7305908203125,638.7463989257812,0.9643553495407104,-1,-1,-1
00815,2,1472.681640625,692.2553100585938,340.7315673828125,174.85968017578125,0.9974691867828369,-1,-1,-1
00815,2,2096.296142578125,876.4650268554688,449.114013671875,633.0881958007812,0.973886251449585,-1,-1,-1
00816,2,1411.689697265625,697.4103393554688,332.4571533203125,164.5284423828125,0.9809287190437317,-1,-1,-1
00816,2,2282.0546875,834.577880859375,275.2861328125,672.962646484375,0.9873552918434143,-1,-1,-1
00817,2,1382.748291015625,700.7235107421875,297.6187744140625,148.1212158203125,0.9735410809516907,-1,-1,-1
00818,2,1341.9317626953125,700.4566650390625,274.3834228515625,147.991455078125,0.9732698798179626,-1,-1,-1
00819,2,1307.3023681640625,698.5527954101562,251.802001953125,150.2230224609375,0.9894205331802368,-1,-1,-1
00820,2,1281.1395263671875,706.58740234375,246.8602294921875,138.01959228515625,0.9898126721382141,-1,-1,-1
00821,2,1263.623046875,709.352783203125,221.7506103515625,136.16717529296875,0.9970977306365967,-1,-1,-1
00822,2,1220.060302734375,708.339111328125,219.08203125,133.71783447265625,0.9951533079147339,-1,-1,-1
00823,2,1198.105224609375,714.6922607421875,200.2000732421875,124.036376953125,0.9974499344825745,-1,-1,-1
00824,2,1165.9937744140625,717.3397216796875,195.5277099609375,119.0008544921875,0.9964346885681152,-1,-1,-1
00825,2,1139.1197509765625,719.33642578125,185.837890625,115.080322265625,0.990371823310852,-1,-1,-1
00826,2,1116.6517333984375,722.291748046875,181.1065673828125,109.67706298828125,0.9898165464401245,-1,-1,-1
00827,2,1099.597412109375,721.8364868164062,164.693359375,107.81634521484375,0.9899399876594543,-1,-1,-1
00828,2,1070.08544921875,724.9556884765625,167.0072021484375,104.35504150390625,0.995612621307373,-1,-1,-1
00829,2,1052.6453857421875,724.6986694335938,158.668212890625,104.0269775390625,0.9864469766616821,-1,-1,-1
00830,2,1026.208251953125,728.2841186523438,162.8729248046875,102.18499755859375,0.9952117800712585,-1,-1,-1
00831,2,1006.0863647460938,724.83984375,154.39630126953125,104.3775634765625,0.9876152276992798,-1,-1,-1
00832,2,996.1651000976562,725.26171875,142.11077880859375,109.76885986328125,0.995253324508667,-1,-1,-1
00833,2,976.6860961914062,728.1399536132812,136.95538330078125,102.97015380859375,0.9793726801872253,-1,-1,-1
00834,2,961.0388793945312,730.0294799804688,137.63250732421875,100.27789306640625,0.9764678478240967,-1,-1,-1
00835,2,943.4630737304688,735.12744140625,134.42926025390625,93.8870849609375,0.9620775580406189,-1,-1,-1
00836,2,926.7567138671875,737.552001953125,137.5103759765625,89.841064453125,0.9616060853004456,-1,-1,-1
00837,2,917.715576171875,738.5056762695312,117.41943359375,88.98480224609375,0.9706722497940063,-1,-1,-1
00838,2,904.0725708007812,751.3494262695312,113.7835693359375,70.0540771484375,0.9860700368881226,-1,-1,-1
00839,2,883.3307495117188,743.0462646484375,128.52410888671875,87.991943359375,0.9549363851547241,-1,-1,-1
00840,2,872.0769653320312,746.3472900390625,101.77001953125,80.4315185546875,0.9506153464317322,-1,-1,-1
00841,2,860.03125,759.0172729492188,103.07574462890625,65.98834228515625,0.9838994741439819,-1,-1,-1
00842,2,847.2139892578125,752.0017700195312,109.083984375,74.57684326171875,0.9596164226531982,-1,-1,-1
00843,2,845.7008056640625,760.5025024414062,81.09381103515625,60.83319091796875,0.850672721862793,-1,-1,-1
00844,2,824.1734619140625,762.7528076171875,95.670166015625,62.452392578125,0.9890154004096985,-1,-1,-1
00845,2,811.4110717773438,766.0657958984375,96.86669921875,58.99334716796875,0.9916030764579773,-1,-1,-1
00846,2,794.9944458007812,761.8300170898438,106.337890625,64.98834228515625,0.9661011695861816,-1,-1,-1
00847,2,782.5367431640625,767.6207275390625,86.34222412109375,58.82794189453125,0.9541221857070923,-1,-1,-1
00848,2,771.741455078125,769.0181884765625,90.43951416015625,56.4862060546875,0.9708818793296814,-1,-1,-1
00849,2,769.3974609375,770.370849609375,82.70086669921875,51.190185546875,0.96082603931427,-1,-1,-1
00850,2,751.659423828125,771.6552734375,92.10797119140625,51.67388916015625,0.838880181312561,-1,-1,-1
00851,2,724.5712280273438,772.9970092773438,100.21978759765625,54.15826416015625,0.9432053565979004,-1,-1,-1
00852,2,726.4065551757812,771.7062377929688,86.92083740234375,53.3677978515625,0.9284733533859253,-1,-1,-1
00931,2,1.0064672231674194,1317.59521484375,194.9120661020279,174.8702392578125,0.965966522693634,-1,-1,-1
00932,2,-2.656049966812134,1311.4766845703125,240.0545027256012,182.2237548828125,0.9946945309638977,-1,-1,-1
00933,2,4.038982391357422,1307.2181396484375,257.6097602844238,185.8013916015625,0.99839848279953,-1,-1,-1
00934,2,3.9554474353790283,1288.76611328125,291.8630950450897,195.23828125,0.9461133480072021,-1,-1,-1
00935,2,8.386678695678711,1286.3956298828125,323.6968479156494,190.8861083984375,0.988396167755127,-1,-1,-1
00936,2,1.7525475025177002,1272.7852783203125,345.6717689037323,205.373291015625,0.9866014122962952,-1,-1,-1
00937,2,3.3217451572418213,1268.714111328125,373.0513322353363,217.4552001953125,0.9860821962356567,-1,-1,-1
00938,2,1.3940434455871582,1256.2860107421875,403.18765211105347,215.5931396484375,0.9924973249435425,-1,-1,-1
00939,2,-8.557966232299805,1249.582275390625,426.05579948425293,225.100341796875,0.9978803396224976,-1,-1,-1
00940,2,-14.263649940490723,1241.6368408203125,434.19385623931885,234.2493896484375,0.9986414313316345,-1,-1,-1
00941,2,-14.566009521484375,1243.21533203125,460.57989501953125,232.476318359375,0.9994807839393616,-1,-1,-1
00942,2,-11.281436920166016,1248.351318359375,469.5852699279785,223.51123046875,0.9991920590400696,-1,-1,-1
00943,2,-4.734978199005127,1250.5623779296875,463.6658864021301,218.6749267578125,0.9983395338058472,-1,-1,-1
00944,2,0.9064773321151733,1250.0032958984375,456.5382858514786,215.133544921875,0.9965760111808777,-1,-1,-1
00944,2,95.12788391113281,1210.8323974609375,476.4863739013672,188.474609375,0.8061743974685669,-1,-1,-1
00945,2,22.0565128326416,1239.633056640625,459.37299156188965,225.633544921875,0.9932407140731812,-1,-1,-1
00945,2,65.86138916015625,1205.6226806640625,525.998046875,210.2142333984375,0.830715537071228,-1,-1,-1
00946,2,41.91523742675781,1225.8565673828125,497.19932556152344,232.0506591796875,0.9828596711158752,-1,-1,-1
00947,2,62.32853698730469,1198.09326171875,583.5440216064453,239.6005859375,0.9952526092529297,-1,-1,-1
00948,2,98.63373565673828,1192.919921875,581.5990524291992,224.833984375,0.9910897016525269,-1,-1,-1
00949,2,106.9820556640625,1190.9088134765625,572.904052734375,225.030029296875,0.9694241881370544,-1,-1,-1
00950,2,99.46761322021484,1197.6162109375,593.8566055297852,218.7030029296875,0.960181474685669,-1,-1,-1
00951,2,119.05510711669922,1190.7103271484375,577.466194152832,221.9581298828125,0.9922915101051331,-1,-1,-1
00952,2,219.8157958984375,1174.293212890625,524.9903564453125,216.82421875,0.9825258255004883,-1,-1,-1
00953,2,200.16946411132812,1178.295166015625,573.7658386230469,220.7347412109375,0.9891696572303772,-1,-1,-1
00954,2,203.07249450683594,1169.7464599609375,571.4306182861328,222.261474609375,0.9763230681419373,-1,-1,-1
00955,2,194.43373107910156,1174.77392578125,590.8276824951172,217.115478515625,0.9483540654182434,-1,-1,-1
00955,2,260.88507080078125,1141.314697265625,545.7929077148438,205.41357421875,0.8908699750900269,-1,-1,-1
00956,2,228.42996215820312,1163.5189208984375,560.5065002441406,212.1832275390625,0.9948640465736389,-1,-1,-1
00957,2,246.86532592773438,1172.496826171875,531.0682067871094,203.3046875,0.9862706661224365,-1,-1,-1
00958,2,257.0000915527344,1151.150634765625,585.3845520019531,211.9990234375,0.9724550247192383,-1,-1,-1
00959,2,300.95196533203125,1142.296630859375,557.8117065429688,214.308837890625,0.9903661012649536,-1,-1,-1
00960,2,312.512939453125,1144.4566650390625,548.2959594726562,214.798828125,0.985787034034729,-1,-1,-1
00961,2,321.11383056640625,1144.73876953125,545.9352416992188,210.8489990234375,0.9966609477996826,-1,-1,-1
00962,2,317.54443359375,1138.1163330078125,554.9710083007812,222.0313720703125,0.9977849721908569,-1,-1,-1
00963,2,330.278076171875,1145.0335693359375,532.1140747070312,207.6627197265625,0.9976935982704163,-1,-1,-1
00964,2,349.61480712890625,1132.6717529296875,505.99859619140625,207.21630859375,0.9979307651519775,-1,-1,-1
00965,2,353.08416748046875,1130.4061279296875,507.75341796875,207.4117431640625,0.9987298846244812,-1,-1,-1
00966,2,392.3433837890625,1135.5238037109375,507.4512939453125,223.0191650390625,0.9985660910606384,-1,-1,-1
00967,2,408.659912109375,1122.6219482421875,518.8949584960938,230.386962890625,0.9990246295928955,-1,-1,-1
00968,2,409.9972229003906,1126.0926513671875,516.8309020996094,228.1279296875,0.9987426400184631,-1,-1,-1
00969,2,402.8238525390625,1118.5203857421875,545.891357421875,239.58056640625,0.9981876015663147,-1,-1,-1
00970,2,405.75494384765625,1123.317138671875,543.0216064453125,231.787353515625,0.9977338314056396,-1,-1,-1
00971,2,411.7825927734375,1105.25146484375,551.8155517578125,240.388671875,0.9981623291969299,-1,-1,-1
00972,2,413.3895568847656,1104.1346435546875,551.6500549316406,242.908203125,0.9983664155006409,-1,-1,-1
00973,2,419.2337341308594,1108.8624267578125,549.9129333496094,233.116455078125,0.99925297498703,-1,-1,-1
00974,2,427.76898193359375,1107.5745849609375,554.03125,233.5972900390625,0.9992677569389343,-1,-1,-1
00975,2,475.8713073730469,1091.662109375,610.6947326660156,237.969970703125,0.9994176626205444,-1,-1,-1
00976,2,471.77862548828125,1088.6856689453125,626.8828735351562,238.059326171875,0.999147891998291,-1,-1,-1
00977,2,482.7353210449219,1091.9376220703125,606.1636047363281,229.1031494140625,0.997771143913269,-1,-1,-1
00978,2,511.02392578125,1081.806396484375,574.22021484375,234.9945068359375,0.9991329312324524,-1,-1,-1
00979,2,541.935791015625,1081.767578125,535.7578125,230.6505126953125,0.9974408149719238,-1,-1,-1
00980,2,571.91748046875,1044.0814208984375,626.0096435546875,283.2872314453125,0.9980427026748657,-1,-1,-1
00981,2,603.9754638671875,1050.44287109375,586.4227294921875,237.957275390625,0.9972061514854431,-1,-1,-1
00982,2,633.8422241210938,1036.693115234375,624.2206420898438,242.65380859375,0.9975733160972595,-1,-1,-1
00983,2,667.626220703125,1037.7310791015625,612.3690185546875,243.394775390625,0.996777355670929,-1,-1,-1
00984,2,687.3438110351562,1034.5572509765625,597.6553344726562,241.2598876953125,0.9949146509170532,-1,-1,-1
00985,2,725.1236572265625,1023.6557006835938,584.189453125,275.56768798828125,0.9987302422523499,-1,-1,-1
00986,2,757.1649780273438,1014.8057861328125,629.0097045898438,274.5029296875,0.9979384541511536,-1,-1,-1
00987,2,788.7490844726562,1010.063232421875,589.8549194335938,274.7589111328125,0.9953487515449524,-1,-1,-1
00988,2,806.6637573242188,1004.263671875,678.2106323242188,254.422119140625,0.9990443587303162,-1,-1,-1
00989,2,844.4613037109375,990.5264282226562,662.1024169921875,280.71807861328125,0.9974356293678284,-1,-1,-1
00990,2,865.9862060546875,984.78857421875,654.4046630859375,283.587158203125,0.999386191368103,-1,-1,-1
00991,2,915.1952514648438,985.1998901367188,698.6895141601562,276.10601806640625,0.9997366070747375,-1,-1,-1
00992,2,943.2254028320312,980.8490600585938,685.0155639648438,279.70001220703125,0.9981101751327515,-1,-1,-1
00993,2,985.3681640625,972.947265625,695.9437255859375,296.7454833984375,0.9998747110366821,-1,-1,-1
00994,2,1044.870361328125,958.0946655273438,660.183349609375,310.12799072265625,0.9993999004364014,-1,-1,-1
00995,2,1042.4620361328125,972.3900756835938,685.0391845703125,304.24041748046875,0.9995156526565552,-1,-1,-1
00996,2,1102.047607421875,970.6297607421875,710.8934326171875,302.8140869140625,0.9993971586227417,-1,-1,-1
00997,2,1124.8505859375,971.7684326171875,719.0899658203125,315.000244140625,0.9995303153991699,-1,-1,-1
00998,2,1215.804931640625,962.4745483398438,693.72998046875,353.42291259765625,0.9996473789215088,-1,-1,-1
00999,2,1223.950439453125,951.6759033203125,721.4349365234375,384.557861328125,0.9997438788414001,-1,-1,-1
01000,2,1284.9212646484375,944.138916015625,755.542236328125,417.203125,0.9998693466186523,-1,-1,-1
01001,2,1368.48876953125,932.7944946289062,767.267333984375,465.36859130859375,0.9998428821563721,-1,-1,-1
01002,2,1388.408447265625,941.3973999023438,780.923095703125,484.13592529296875,0.9997802376747131,-1,-1,-1
01003,2,1448.2105712890625,944.50244140625,813.0455322265625,521.0257568359375,0.9998557567596436,-1,-1,-1
01004,2,1490.6695556640625,977.6878662109375,940.8116455078125,527.9862060546875,0.9999212026596069,-1,-1,-1
01005,2,1527.1246337890625,974.8170166015625,991.9749755859375,551.6160888671875,0.9999163150787354,-1,-1,-1
01006,2,1602.552734375,969.7221069335938,939.865478515625,575.5499877929688,0.9998713731765747,-1,-1,-1
01007,2,1658.942138671875,964.1766357421875,888.508056640625,649.6466064453125,0.999933123588562,-1,-1,-1
01008,2,1729.574951171875,1008.197265625,841.771240234375,680.3543701171875,0.9994914531707764,-1,-1,-1
01009,2,1790.3070068359375,1053.5302734375,765.5614013671875,615.851806640625,0.9986067414283752,-1,-1,-1
01010,2,1882.837158203125,1046.3682861328125,665.102294921875,610.31640625,0.9968330264091492,-1,-1,-1
01011,2,1966.7734375,1027.0908203125,593.7861328125,640.123291015625,0.9946876764297485,-1,-1,-1
01012,2,2082.717529296875,1022.6864013671875,474.29833984375,668.95068359375,0.9845841526985168,-1,-1,-1
01013,2,2222.6806640625,1045.78955078125,336.361083984375,634.7274169921875,0.9937977194786072,-1,-1,-1
01014,2,2358.718505859375,1111.8865966796875,201.59228515625,557.2724609375,0.9957128763198853,-1,-1,-1
01089,2,2385.6728515625,667.8675537109375,174.994140625,337.00372314453125,0.985630989074707,-1,-1,-1
01090,2,2258.700439453125,613.5463256835938,299.605712890625,377.0518798828125,0.9825134873390198,-1,-1,-1
01091,2,2162.156005859375,586.1036376953125,388.681396484375,405.16607666015625,0.9981544613838196,-1,-1,-1
01092,2,2055.043212890625,560.1823120117188,493.57177734375,416.15875244140625,0.9876869320869446,-1,-1,-1
01093,2,1993.573974609375,571.3001708984375,562.015380859375,433.61663818359375,0.9986971020698547,-1,-1,-1
01094,2,1948.6279296875,601.263427734375,604.16748046875,369.69512939453125,0.9988632202148438,-1,-1,-1
01095,2,1845.2467041015625,594.840576171875,668.7962646484375,375.80828857421875,0.9986612796783447,-1,-1,-1
01096,2,1797.1307373046875,604.9913330078125,665.7208251953125,326.0445556640625,0.9948546886444092,-1,-1,-1
01096,7,1791.489501953125,628.0419921875,655.859130859375,294.13214111328125,0.9890487194061279,-1,-1,-1
01097,2,1728.44091796875,607.1242065429688,632.38916015625,321.3084716796875,0.9943473935127258,-1,-1,-1
01097,7,1773.010986328125,625.5524291992188,611.51611328125,296.8323974609375,0.8446860313415527,-1,-1,-1
01098,2,1657.4228515625,613.1807861328125,597.78466796875,297.0059814453125,0.9960283041000366,-1,-1,-1
01098,7,1685.1927490234375,600.5944213867188,575.9678955078125,338.22784423828125,0.9298850297927856,-1,-1,-1
01099,2,1625.776611328125,621.522705078125,510.989013671875,299.510986328125,0.9662777781486511,-1,-1,-1
01099,7,1617.4205322265625,613.7762451171875,547.7879638671875,283.144775390625,0.9987908005714417,-1,-1,-1
01100,7,1556.476806640625,619.0142211914062,535.30908203125,272.2398681640625,0.9975177049636841,-1,-1,-1
01100,2,1562.6591796875,643.8255004882812,540.022705078125,251.1126708984375,0.9946548938751221,-1,-1,-1
01101,7,1532.9742431640625,633.4530639648438,499.7076416015625,249.875,0.9974333643913269,-1,-1,-1
01101,2,1517.6361083984375,630.6171875,495.9859619140625,255.39068603515625,0.9965035915374756,-1,-1,-1
01102,7,1501.20556640625,641.3751220703125,455.622314453125,233.86767578125,0.9968956708908081,-1,-1,-1
01103,7,1450.279296875,645.5277709960938,451.321533203125,225.8370361328125,0.9971086382865906,-1,-1,-1
01104,7,1413.691650390625,650.4295043945312,428.7216796875,212.3720703125,0.9825057983398438,-1,-1,-1
01105,7,1374.1285400390625,646.0477905273438,414.656005859375,217.58892822265625,0.9915655851364136,-1,-1,-1
01106,2,1362.43408203125,655.8146362304688,383.6771240234375,207.442626953125,0.9969698786735535,-1,-1,-1
01107,2,1343.27978515625,654.6190185546875,344.6279296875,206.8653564453125,0.9888073205947876,-1,-1,-1
01108,2,1321.3245849609375,667.7410888671875,315.6502685546875,175.097900390625,0.9707546234130859,-1,-1,-1
01109,2,1304.71337890625,667.005615234375,299.6595458984375,182.5975341796875,0.9953072667121887,-1,-1,-1
01110,2,1278.2359619140625,660.7088623046875,291.6824951171875,181.92926025390625,0.9768376350402832,-1,-1,-1
01111,2,1245.2791748046875,667.0999145507812,287.0201416015625,172.74273681640625,0.9979484677314758,-1,-1,-1
01112,2,1231.378662109375,667.3911743164062,267.2567138671875,173.82177734375,0.998222291469574,-1,-1,-1
01113,2,1200.8231201171875,664.266845703125,271.5401611328125,170.5257568359375,0.9964752793312073,-1,-1,-1
01114,2,1198.383056640625,679.0682983398438,249.859130859375,157.9207763671875,0.9977109432220459,-1,-1,-1
01115,2,1165.0377197265625,687.5888671875,261.8402099609375,146.711669921875,0.9962719678878784,-1,-1,-1
01116,2,1162.2635498046875,685.2516479492188,226.89453125,145.3966064453125,0.9947082996368408,-1,-1,-1
01117,2,1133.455322265625,689.39892578125,245.353515625,142.29473876953125,0.9972835779190063,-1,-1,-1
01118,2,1121.2470703125,689.2369384765625,220.6922607421875,142.0322265625,0.998176097869873,-1,-1,-1
01119,2,1108.45361328125,688.0357666015625,217.710205078125,143.91778564453125,0.9981676340103149,-1,-1,-1
01120,2,1083.80810546875,689.1184692382812,211.171142578125,139.6263427734375,0.9978093504905701,-1,-1,-1
01121,2,1080.27490234375,691.1640625,199.1527099609375,135.7623291015625,0.9962682127952576,-1,-1,-1
01122,2,1062.6414794921875,693.462890625,199.81689453125,134.400634765625,0.9974908828735352,-1,-1,-1
01123,2,1043.45361328125,699.8271484375,189.40478515625,121.64752197265625,0.9973867535591125,-1,-1,-1
01124,2,1038.675537109375,702.1953735351562,184.4779052734375,119.56268310546875,0.9977978467941284,-1,-1,-1
01125,2,1013.5501098632812,703.0856323242188,197.20379638671875,118.52178955078125,0.9978101849555969,-1,-1,-1
01126,2,997.700927734375,705.0845336914062,181.85302734375,112.55487060546875,0.9973334074020386,-1,-1,-1
01127,2,995.2680053710938,703.7972412109375,174.77215576171875,117.8360595703125,0.9891757369041443,-1,-1,-1
01128,2,979.561767578125,706.0859375,181.345703125,114.85845947265625,0.996992826461792,-1,-1,-1
01129,2,971.2927856445312,705.6546020507812,166.82830810546875,114.85504150390625,0.995831310749054,-1,-1,-1
01130,2,959.8966064453125,706.6807250976562,151.6455078125,112.8387451171875,0.9939616322517395,-1,-1,-1
01131,2,956.7920532226562,707.04345703125,153.81622314453125,113.21527099609375,0.9834960103034973,-1,-1,-1
01132,2,934.6932373046875,705.0324096679688,158.1334228515625,115.8428955078125,0.995685338973999,-1,-1,-1
01133,2,924.7496337890625,705.6392822265625,154.99951171875,115.71923828125,0.9888159036636353,-1,-1,-1
01134,2,919.2716064453125,708.5301513671875,143.1192626953125,110.40618896484375,0.9926211833953857,-1,-1,-1
01135,2,913.832275390625,709.1774291992188,141.1790771484375,109.64715576171875,0.9875818490982056,-1,-1,-1
01136,2,903.2646484375,708.533935546875,135.56396484375,114.52996826171875,0.9901403784751892,-1,-1,-1
01137,2,881.0492553710938,706.839111328125,146.30743408203125,115.06549072265625,0.9909105896949768,-1,-1,-1
01138,2,875.331298828125,717.2015991210938,137.0802001953125,108.254638671875,0.9931983351707458,-1,-1,-1
01139,2,868.6136474609375,720.082763671875,143.961181640625,101.33819580078125,0.9637058973312378,-1,-1,-1
01140,2,862.1447143554688,715.50048828125,137.6595458984375,108.98455810546875,0.9795289039611816,-1,-1,-1
01141,2,853.43310546875,717.7764892578125,147.1611328125,109.26239013671875,0.983959972858429,-1,-1,-1
01141,2,2369.864990234375,750.7369995117188,190.310546875,235.39434814453125,0.9675725102424622,-1,-1,-1
01142,2,834.3676147460938,720.1906127929688,155.24371337890625,106.89019775390625,0.957184374332428,-1,-1,-1
01142,2,2237.8583984375,704.9175415039062,322.2841796875,275.8680419921875,0.9788615107536316,-1,-1,-1
01143,2,2159.580078125,679.105712890625,402.298828125,295.76177978515625,0.9966926574707031,-1,-1,-1
01143,2,830.1538696289062,726.2305908203125,135.16790771484375,100.95770263671875,0.9552059173583984,-1,-1,-1
01144,2,2048.13525390625,707.1738891601562,498.45263671875,279.77960205078125,0.9981426000595093,-1,-1,-1
01144,2,815.858154296875,724.6978759765625,156.4661865234375,99.73046875,0.9638827443122864,-1,-1,-1
01145,2,1969.43212890625,674.60009765625,593.7646484375,306.072998046875,0.9996368885040283,-1,-1,-1
01145,2,809.3783569335938,738.4061889648438,131.20245361328125,89.2889404296875,0.8427167534828186,-1,-1,-1
01146,2,1889.9144287109375,673.8827514648438,599.2391357421875,291.71466064453125,0.9998749494552612,-1,-1,-1
01146,2,799.2349853515625,734.07763671875,130.86773681640625,94.76739501953125,0.9239580631256104,-1,-1,-1
01147,2,1821.228271484375,665.6721801757812,580.458740234375,310.90057373046875,0.9998358488082886,-1,-1,-1
01147,2,795.6845092773438,741.1619262695312,121.67303466796875,86.40301513671875,0.9592041969299316,-1,-1,-1
01148,2,1734.5892333984375,695.0861206054688,575.4222412109375,224.61383056640625,0.9991546869277954,-1,-1,-1
01148,2,785.5743408203125,743.2420043945312,130.4947509765625,84.57196044921875,0.9558914303779602,-1,-1,-1
01149,2,1712.602783203125,693.762939453125,500.201171875,214.3651123046875,0.9994012117385864,-1,-1,-1
01149,2,786.1791381835938,748.3026733398438,122.763671875,74.5972900390625,0.9227135181427002,-1,-1,-1
01150,2,1634.49365234375,698.1373901367188,481.7607421875,211.257080078125,0.9991028308868408,-1,-1,-1
01150,2,776.3678588867188,747.718017578125,107.02923583984375,80.8895263671875,0.8967098593711853,-1,-1,-1
01151,2,1594.1053466796875,707.2880859375,440.623291015625,179.45587158203125,0.9992567896842957,-1,-1,-1
01151,2,761.7069091796875,750.7512817382812,130.00543212890625,76.7386474609375,0.9325142502784729,-1,-1,-1
01152,2,1549.02734375,715.0169067382812,437.6312255859375,169.89849853515625,0.9991874098777771,-1,-1,-1
01152,2,761.2598266601562,750.3977661132812,109.21209716796875,76.16412353515625,0.9712662696838379,-1,-1,-1
01153,2,1498.8184814453125,715.1918334960938,401.2789306640625,167.43963623046875,0.9989250302314758,-1,-1,-1
01153,2,758.0965576171875,752.9813842773438,106.72454833984375,71.43658447265625,0.9666851758956909,-1,-1,-1
01154,2,1483.9281005859375,714.7271118164062,362.05419921875,167.10858154296875,0.9983421564102173,-1,-1,-1
01154,2,762.1939086914062,757.9179077148438,93.868896484375,65.424560546875,0.9389954805374146,-1,-1,-1
01155,2,1455.465087890625,713.7941284179688,330.3988037109375,169.11328125,0.9932182431221008,-1,-1,-1
01155,2,747.3594970703125,754.0869140625,104.515869140625,69.20037841796875,0.9202682971954346,-1,-1,-1
01156,2,1409.3492431640625,713.3004150390625,330.7760009765625,169.78314208984375,0.9914727210998535,-1,-1,-1
01156,2,720.4943237304688,756.534423828125,117.4227294921875,68.2843017578125,0.8559481501579285,-1,-1,-1
01157,2,1384.498779296875,710.9913330078125,293.25244140625,157.58013916015625,0.9943807721138,-1,-1,-1
01157,2,723.60986328125,759.8150024414062,108.4456787109375,63.3751220703125,0.8678798675537109,-1,-1,-1
01158,2,1355.275634765625,712.767333984375,299.7301025390625,153.7332763671875,0.9958581328392029,-1,-1,-1
01158,2,725.4589233398438,759.4813232421875,91.63201904296875,62.83416748046875,0.8845997452735901,-1,-1,-1
01159,2,1333.2403564453125,708.4876708984375,285.0546875,155.690673828125,0.9934586882591248,-1,-1,-1
01159,2,723.0006103515625,759.632080078125,91.26483154296875,63.34228515625,0.9144647121429443,-1,-1,-1
01160,2,1309.367919921875,709.6449584960938,279.400634765625,147.38055419921875,0.9949926733970642,-1,-1,-1
01160,2,721.6336669921875,762.9899291992188,85.67333984375,60.0755615234375,0.8836131691932678,-1,-1,-1
01161,2,1300.9898681640625,711.2098999023438,249.9854736328125,143.14593505859375,0.9976611137390137,-1,-1,-1
01161,2,725.9049072265625,761.9667358398438,73.0938720703125,57.78265380859375,0.8059651851654053,-1,-1,-1
01162,2,1268.6610107421875,714.3143310546875,230.7265625,144.45245361328125,0.9977189898490906,-1,-1,-1
01163,2,1259.2725830078125,716.2388305664062,233.87353515625,139.51873779296875,0.9975758194923401,-1,-1,-1
01164,2,1244.9512939453125,714.6038208007812,218.8397216796875,133.40179443359375,0.9974672794342041,-1,-1,-1
01165,2,1226.3935546875,717.2824096679688,209.0084228515625,127.17108154296875,0.9973031282424927,-1,-1,-1
01166,2,1223.044677734375,716.7395629882812,187.087158203125,122.4508056640625,0.9970669150352478,-1,-1,-1
01167,2,1214.2744140625,716.6859741210938,184.9434814453125,122.83892822265625,0.995148241519928,-1,-1,-1
01168,2,1208.9005126953125,712.3629150390625,177.7474365234375,124.26904296875,0.9928697943687439,-1,-1,-1
01169,2,1203.9046630859375,711.4248046875,156.232421875,122.79473876953125,0.9896544218063354,-1,-1,-1
01170,2,1209.6702880859375,706.7681884765625,145.1842041015625,119.961181640625,0.977002739906311,-1,-1,-1
01171,2,1208.9476318359375,706.368896484375,134.3380126953125,117.314453125,0.9576575756072998,-1,-1,-1
01172,2,1209.461669921875,707.140380859375,129.3680419921875,111.72808837890625,0.9655958414077759,-1,-1,-1
01173,2,1212.83740234375,709.018798828125,123.474365234375,103.49749755859375,0.9823322892189026,-1,-1,-1
01174,2,1213.3974609375,709.307861328125,121.030517578125,97.0693359375,0.9811908602714539,-1,-1,-1
01175,2,1215.4649658203125,704.03759765625,118.42431640625,95.01275634765625,0.9611616134643555,-1,-1,-1
01176,2,1217.2926025390625,696.5519409179688,115.41943359375,94.90765380859375,0.9651216864585876,-1,-1,-1
01177,2,1221.0379638671875,691.944091796875,113.6463623046875,91.19488525390625,0.927555501461029,-1,-1,-1
01178,2,1223.4915771484375,684.7313842773438,124.600830078125,99.9056396484375,0.9506667256355286,-1,-1,-1
01179,2,1229.114501953125,678.9967651367188,122.935791015625,97.859130859375,0.9673205018043518,-1,-1,-1
01180,2,1232.1983642578125,678.9962768554688,123.1795654296875,86.1983642578125,0.8809822201728821,-1,-1,-1
01181,2,1245.6923828125,676.8408813476562,110.82421875,84.481689453125,0.8318852782249451,-1,-1,-1
01182,2,1249.78076171875,662.9319458007812,126.3072509765625,87.394775390625,0.8791216611862183,-1,-1,-1
01183,2,1261.8360595703125,668.1559448242188,108.1424560546875,73.78118896484375,0.9556513428688049,-1,-1,-1
01184,2,1277.0767822265625,665.256591796875,87.5452880859375,70.13446044921875,0.9110782146453857,-1,-1,-1
01184,2,1294.36376953125,655.4922485351562,99.00439453125,66.31170654296875,0.8574680089950562,-1,-1,-1
01185,2,1290.5035400390625,649.7133178710938,110.688232421875,71.63812255859375,0.9379789233207703,-1,-1,-1
01186,2,1296.0523681640625,644.3856201171875,110.242919921875,75.88427734375,0.9414324164390564,-1,-1,-1
01187,2,1311.8499755859375,634.3394165039062,107.324462890625,77.3048095703125,0.8616296052932739,-1,-1,-1
01188,2,1322.533935546875,641.3566284179688,86.5224609375,59.9993896484375,0.8643049597740173,-1,-1,-1
01195,2,1435.248291015625,573.6117553710938,114.1519775390625,69.3453369140625,0.8585138320922852,-1,-1,-1
01198,2,1487.28271484375,541.5536499023438,113.724365234375,79.06439208984375,0.8236851692199707,-1,-1,-1
01199,2,1486.8516845703125,544.5455322265625,118.6114501953125,70.05816650390625,0.9028312563896179,-1,-1,-1
01202,2,1547.0850830078125,522.8989868164062,101.7593994140625,63.764404296875,0.8245479464530945,-1,-1,-1
01203,2,1548.1654052734375,525.8421630859375,106.7613525390625,59.365234375,0.8817141056060791,-1,-1,-1
01204,2,1551.7515869140625,519.3963623046875,104.8707275390625,62.9434814453125,0.8702429533004761,-1,-1,-1
01205,2,1551.68701171875,515.1483764648438,99.5955810546875,58.54168701171875,0.8581595420837402,-1,-1,-1
01212,2,2357.895751953125,701.5750122070312,202.28955078125,278.282470703125,0.9907323122024536,-1,-1,-1
01213,2,2238.8330078125,648.8799438476562,315.560546875,320.624267578125,0.9950911998748779,-1,-1,-1
01213,2,1673.063720703125,466.87567138671875,70.6533203125,58.73541259765625,0.8664826154708862,-1,-1,-1
01214,2,2158.553955078125,629.3799438476562,402.113037109375,337.3848876953125,0.9988647699356079,-1,-1,-1
01215,2,2039.5806884765625,673.5536499023438,487.5128173828125,279.32818603515625,0.9994449019432068,-1,-1,-1
01216,2,1994.7694091796875,631.5669555664062,554.6175537109375,337.1925048828125,0.997512936592102,-1,-1,-1
01217,2,1953.977783203125,630.6926879882812,582.8427734375,328.4881591796875,0.9991853833198547,-1,-1,-1
01218,2,1871.04736328125,639.0811157226562,570.201416015625,315.54168701171875,0.999482274055481,-1,-1,-1
01219,2,1777.9393310546875,649.0878295898438,578.0010986328125,273.79632568359375,0.9989315867424011,-1,-1,-1
01220,2,1709.5477294921875,653.3123779296875,529.4993896484375,259.072265625,0.9990838766098022,-1,-1,-1
01221,2,1673.036865234375,636.3375244140625,478.2490234375,266.35479736328125,0.9990135431289673,-1,-1,-1
01222,2,1630.7701416015625,646.03076171875,462.7625732421875,246.1646728515625,0.9993659853935242,-1,-1,-1
01222,2,1659.8096923828125,457.8468017578125,56.9364013671875,43.44403076171875,0.8486082553863525,-1,-1,-1
01223,2,1573.552001953125,649.939697265625,422.364013671875,241.81732177734375,0.9994320273399353,-1,-1,-1
01224,2,1547.8565673828125,653.0198974609375,383.7633056640625,229.30670166015625,0.9977083206176758,-1,-1,-1
01225,2,1486.41650390625,664.0130615234375,387.053955078125,214.21844482421875,0.9960344433784485,-1,-1,-1
01226,2,1469.496826171875,682.2937622070312,351.221435546875,201.9259033203125,0.9972207546234131,-1,-1,-1
01227,2,1425.1942138671875,684.0575561523438,340.4368896484375,192.31829833984375,0.9932623505592346,-1,-1,-1
01228,2,1403.4996337890625,683.416748046875,308.1007080078125,187.15728759765625,0.9849845170974731,-1,-1,-1
01229,2,1376.103515625,682.8367309570312,289.5943603515625,180.669189453125,0.9461726546287537,-1,-1,-1
01230,2,1344.3328857421875,685.3086547851562,267.1865234375,173.60302734375,0.9806972742080688,-1,-1,-1
01231,2,1316.877685546875,685.1611328125,271.91943359375,161.19842529296875,0.9921743869781494,-1,-1,-1
01232,2,1302.9920654296875,690.377685546875,244.9818115234375,163.63800048828125,0.992682158946991,-1,-1,-1
01233,2,1266.2911376953125,697.7012329101562,230.897216796875,154.18798828125,0.9943158030509949,-1,-1,-1
01234,2,1242.7430419921875,687.7186279296875,230.4769287109375,157.12689208984375,0.99366295337677,-1,-1,-1
01235,2,1216.37158203125,697.630126953125,227.3878173828125,151.663818359375,0.9952465891838074,-1,-1,-1
01236,2,1199.3028564453125,696.0328369140625,211.8726806640625,142.54986572265625,0.9895036220550537,-1,-1,-1
01237,2,1179.829833984375,702.8689575195312,203.423828125,141.16766357421875,0.9939541220664978,-1,-1,-1
01238,2,1161.64892578125,693.9925537109375,199.170166015625,144.98541259765625,0.9958796501159668,-1,-1,-1
01239,2,1136.751953125,707.1976928710938,192.9698486328125,132.60968017578125,0.9949028491973877,-1,-1,-1
01240,2,1116.8270263671875,712.6773681640625,193.272216796875,128.38916015625,0.9965928196907043,-1,-1,-1
01241,2,1101.3797607421875,713.3538208007812,186.9632568359375,126.952880859375,0.995770275592804,-1,-1,-1
01242,2,1086.8525390625,719.4577026367188,170.3612060546875,114.525390625,0.9943286776542664,-1,-1,-1
01243,2,1063.1898193359375,716.7891845703125,177.3001708984375,120.38140869140625,0.9960821270942688,-1,-1,-1
01244,2,1054.8463134765625,719.2152709960938,154.9202880859375,114.38671875,0.9902120232582092,-1,-1,-1
01245,2,1038.484130859375,719.2078247070312,155.7789306640625,111.09149169921875,0.9952357411384583,-1,-1,-1
01246,2,1018.8348999023438,721.0458984375,159.37628173828125,112.3258056640625,0.9960544109344482,-1,-1,-1
01247,2,1003.7540283203125,717.9313354492188,158.4471435546875,114.33544921875,0.9955795407295227,-1,-1,-1
01247,2,623.0914916992188,802.765380859375,84.11529541015625,63.76141357421875,0.8251378536224365,-1,-1,-1
01248,2,988.3462524414062,719.50244140625,154.21246337890625,113.85357666015625,0.9965711832046509,-1,-1,-1
01249,2,981.8230590820312,721.7450561523438,136.10125732421875,108.49993896484375,0.9867677092552185,-1,-1,-1
01250,2,966.04052734375,720.4525146484375,136.9344482421875,109.95025634765625,0.9863000512123108,-1,-1,-1
01251,2,954.370849609375,718.2636108398438,133.9373779296875,117.0599365234375,0.9913962483406067,-1,-1,-1
01252,2,936.695556640625,724.7969360351562,136.2401123046875,109.42462158203125,0.969585657119751,-1,-1,-1
01253,2,930.4774169921875,730.8123168945312,129.1644287109375,97.29290771484375,0.9730662703514099,-1,-1,-1
01253,2,649.7772216796875,804.9918212890625,95.662353515625,62.41961669921875,0.8001100420951843,-1,-1,-1
01254,2,916.3007202148438,728.096435546875,128.38140869140625,103.74188232421875,0.9793205261230469,-1,-1,-1
01254,2,655.1384887695312,805.8931884765625,105.09991455078125,64.6572265625,0.8682762384414673,-1,-1,-1
01255,2,903.2711791992188,732.1130981445312,122.56854248046875,99.549072265625,0.9675962924957275,-1,-1,-1
01255,2,664.14501953125,807.35009765625,97.059326171875,67.95458984375,0.8359795212745667,-1,-1,-1
01256,2,892.4551391601562,737.650634765625,117.25830078125,89.8927001953125,0.9113873839378357,-1,-1,-1
01257,2,880.4805908203125,735.8577880859375,127.95111083984375,92.27911376953125,0.8964311480522156,-1,-1,-1
01258,2,864.8217163085938,740.0217895507812,116.260009765625,90.4527587890625,0.9496679902076721,-1,-1,-1
01259,2,856.7892456054688,753.5121459960938,104.8431396484375,72.000244140625,0.9837762713432312,-1,-1,-1
01260,2,845.3602294921875,743.0755004882812,114.08221435546875,88.31097412109375,0.9597219228744507,-1,-1,-1
01260,2,718.303466796875,802.7504272460938,98.53564453125,72.2364501953125,0.8809636235237122,-1,-1,-1
01261,2,835.7384643554688,748.096435546875,118.80877685546875,79.50079345703125,0.9616159796714783,-1,-1,-1
01261,2,722.2923583984375,799.4141845703125,97.62939453125,80.99761962890625,0.9135158658027649,-1,-1,-1
01262,2,829.4986572265625,755.7840576171875,95.0296630859375,73.4532470703125,0.9722855091094971,-1,-1,-1
01262,2,719.7926025390625,795.021484375,116.80340576171875,80.04522705078125,0.8566303849220276,-1,-1,-1
01263,2,823.4833374023438,759.5816650390625,95.755126953125,66.50140380859375,0.9791771769523621,-1,-1,-1
01263,2,738.5376586914062,802.1595458984375,118.92596435546875,83.16473388671875,0.8378607034683228,-1,-1,-1
01264,2,815.2966918945312,759.6304931640625,93.84539794921875,65.01837158203125,0.9613696932792664,-1,-1,-1
01264,2,742.7784423828125,797.63916015625,119.19024658203125,90.59588623046875,0.8228384256362915,-1,-1,-1
01265,2,812.4893188476562,760.6359252929688,83.887939453125,59.02081298828125,0.8658944368362427,-1,-1,-1
01265,2,736.0681762695312,796.0939331054688,136.09527587890625,89.68487548828125,0.8448163270950317,-1,-1,-1
01266,2,735.3770751953125,782.5296630859375,142.6102294921875,100.64007568359375,0.8565112948417664,-1,-1,-1
01267,2,756.004150390625,787.3035888671875,138.12481689453125,96.45068359375,0.9420718550682068,-1,-1,-1
01268,2,768.8436279296875,788.9981079101562,137.71112060546875,95.80877685546875,0.9206538796424866,-1,-1,-1
01269,2,776.3005981445312,795.4278564453125,141.08453369140625,95.806884765625,0.9615359902381897,-1,-1,-1
01270,2,782.532470703125,799.0040893554688,146.45697021484375,95.4761962890625,0.9861778020858765,-1,-1,-1
01271,2,803.9420166015625,801.322265625,135.84954833984375,97.229736328125,0.9932565689086914,-1,-1,-1
01271,2,726.319091796875,765.099609375,95.0057373046875,61.62213134765625,0.895318865776062,-1,-1,-1
01272,2,811.9776000976562,801.747314453125,150.0093994140625,99.7193603515625,0.9823145866394043,-1,-1,-1
01272,2,731.5352783203125,765.6476440429688,82.4058837890625,58.2122802734375,0.9071508646011353,-1,-1,-1
01273,2,806.5858154296875,797.469482421875,161.97003173828125,106.802001953125,0.9892141222953796,-1,-1,-1
01273,2,726.0067749023438,769.3397216796875,74.63873291015625,56.4974365234375,0.855172872543335,-1,-1,-1
01274,2,831.8602294921875,799.7972412109375,165.6802978515625,106.28662109375,0.989988386631012,-1,-1,-1
01274,2,719.5128173828125,767.767822265625,75.650634765625,55.12255859375,0.9009385108947754,-1,-1,-1
01275,2,843.867919921875,797.8189086914062,173.8983154296875,120.358642578125,0.9938276410102844,-1,-1,-1
01276,2,848.5930786132812,799.3206787109375,174.7049560546875,122.13531494140625,0.9864329695701599,-1,-1,-1
01277,2,863.3275756835938,799.4122314453125,172.45355224609375,125.2884521484375,0.9787840247154236,-1,-1,-1
01278,2,875.0789794921875,799.3094482421875,182.0916748046875,126.99163818359375,0.9895057082176208,-1,-1,-1
01279,2,884.862060546875,792.1334228515625,196.2491455078125,143.4124755859375,0.980492115020752,-1,-1,-1
01280,2,893.4908447265625,786.6892700195312,205.208984375,152.7125244140625,0.9873731732368469,-1,-1,-1
01281,2,909.7949829101562,786.2327880859375,210.76702880859375,153.7900390625,0.9928281903266907,-1,-1,-1
01282,2,920.2892456054688,792.74169921875,224.61700439453125,159.65924072265625,0.9949406385421753,-1,-1,-1
01283,2,928.5757446289062,790.2119140625,224.01519775390625,167.68170166015625,0.9949148893356323,-1,-1,-1
01284,2,955.7321166992188,793.9292602539062,245.96893310546875,171.1148681640625,0.9978481531143188,-1,-1,-1
01285,2,956.7418212890625,789.939453125,255.671630859375,185.7017822265625,0.9751401543617249,-1,-1,-1
01286,2,966.385986328125,791.4365844726562,283.5858154296875,194.8621826171875,0.9965528249740601,-1,-1,-1
01287,2,990.9485473632812,792.2607421875,278.68475341796875,204.536865234375,0.9937835931777954,-1,-1,-1
01287,2,630.399169921875,784.7522583007812,67.8875732421875,42.35369873046875,0.8572498559951782,-1,-1,-1
01288,2,1011.2105712890625,798.3348388671875,287.2508544921875,201.48248291015625,0.9944353103637695,-1,-1,-1
01289,2,1025.398193359375,794.781982421875,314.7576904296875,219.6483154296875,0.9894746541976929,-1,-1,-1
01290,2,1046.8883056640625,793.3709106445312,337.148681640625,238.35430908203125,0.9965586066246033,-1,-1,-1
01291,2,1084.390380859375,795.1824951171875,379.6484375,258.4603271484375,0.99739670753479,-1,-1,-1
01292,2,1087.3707275390625,800.284423828125,404.866455078125,265.3594970703125,0.9983052015304565,-1,-1,-1
01293,2,1129.967041015625,808.575439453125,412.2757568359375,287.6044921875,0.9984329342842102,-1,-1,-1
01294,2,1152.2449951171875,807.9153442382812,461.614990234375,301.13360595703125,0.9951884746551514,-1,-1,-1
01295,2,1191.4150390625,803.9109497070312,486.3681640625,319.95013427734375,0.9977931976318359,-1,-1,-1
01296,2,1239.825927734375,809.0841674804688,501.6280517578125,367.67596435546875,0.9996024966239929,-1,-1,-1
01297,2,1305.2935791015625,799.3162841796875,522.907958984375,404.7596435546875,0.9985634684562683,-1,-1,-1
01298,2,1343.576904296875,841.5755615234375,610.173828125,396.80078125,0.999614953994751,-1,-1,-1
01299,2,1441.654296875,831.9048461914062,651.120849609375,450.65216064453125,0.999700665473938,-1,-1,-1
01300,2,1475.959228515625,827.2646484375,761.0703125,483.2567138671875,0.99982088804245,-1,-1,-1
01301,2,1581.11474609375,849.3900756835938,805.7509765625,542.1708374023438,0.9996057152748108,-1,-1,-1
01302,2,1670.3919677734375,810.5381469726562,904.7679443359375,698.9789428710938,0.9995244741439819,-1,-1,-1
01303,2,1759.786865234375,876.5811157226562,799.102783203125,752.1434936523438,0.9986585378646851,-1,-1,-1
01304,2,1870.197021484375,893.2984619140625,669.366455078125,716.427490234375,0.9970765113830566,-1,-1,-1
01305,2,2033.9512939453125,901.9473266601562,515.6763916015625,707.1871948242188,0.9693570137023926,-1,-1,-1
01306,2,2248.2421875,889.7112426757812,299.7568359375,745.6251831054688,0.9895778894424438,-1,-1,-1
01401,2,1657.7125244140625,467.97833251953125,63.069580078125,42.2587890625,0.8658908605575562,-1,-1,-1
01402,2,1663.77587890625,465.7770690917969,57.1741943359375,42.1259765625,0.8060150146484375,-1,-1,-1
01403,2,1660.072998046875,463.561767578125,66.76171875,46.147735595703125,0.8287187814712524,-1,-1,-1
01462,2,2417.682861328125,775.0719604492188,138.4375,320.69415283203125,0.931745707988739,-1,-1,-1
01463,2,2269.929443359375,777.7406616210938,278.078369140625,305.66107177734375,0.9898123145103455,-1,-1,-1
01464,2,2137.8984375,731.6809692382812,430.7900390625,355.54986572265625,0.9993240833282471,-1,-1,-1
01465,2,1976.21240234375,748.8474731445312,587.1455078125,340.00372314453125,0.9984169006347656,-1,-1,-1
01466,2,1860.01123046875,780.109375,698.13623046875,314.6619873046875,0.9981245398521423,-1,-1,-1
01467,2,1775.189453125,763.8622436523438,753.082763671875,327.71600341796875,0.9989412426948547,-1,-1,-1
01468,2,1614.210693359375,774.12890625,760.36328125,326.7744140625,0.9963605999946594,-1,-1,-1
01469,2,1528.740966796875,804.2042236328125,703.934326171875,291.4403076171875,0.9920291900634766,-1,-1,-1
01470,2,1449.167236328125,807.7169189453125,648.833251953125,296.200927734375,0.9820718169212341,-1,-1,-1
01471,2,1361.968994140625,817.4318237304688,618.9022216796875,302.35369873046875,0.9957393407821655,-1,-1,-1
01472,2,1090.4527587890625,862.2890014648438,588.3653564453125,287.44598388671875,0.9994083642959595,-1,-1,-1
01473,2,1019.5751342773438,885.35888671875,553.9408569335938,282.938720703125,0.9997614026069641,-1,-1,-1
01474,2,931.9801025390625,926.1338500976562,519.0150146484375,242.46209716796875,0.9997603297233582,-1,-1,-1
01475,2,832.7446899414062,937.8641357421875,529.3209838867188,249.4918212890625,0.9995635151863098,-1,-1,-1
01476,2,761.4752807617188,954.567626953125,533.5004272460938,257.18359375,0.9990525841712952,-1,-1,-1
01477,2,727.2215576171875,975.1708374023438,498.4849853515625,236.42095947265625,0.9985483288764954,-1,-1,-1
01478,2,638.3306884765625,999.7117919921875,484.4923095703125,234.80517578125,0.9990437626838684,-1,-1,-1
01479,2,537.3409423828125,1033.1351318359375,474.25750732421875,222.2640380859375,0.9985544085502625,-1,-1,-1
01480,2,447.0242919921875,1045.8658447265625,487.7607421875,219.3421630859375,0.9942017197608948,-1,-1,-1
01481,2,377.2941589355469,1065.898193359375,468.4009704589844,213.8773193359375,0.9986456036567688,-1,-1,-1
01482,2,347.19586181640625,1086.2706298828125,458.02911376953125,205.4180908203125,0.9893820285797119,-1,-1,-1
01483,2,274.5290222167969,1114.369140625,444.0571594238281,187.8817138671875,0.9857122302055359,-1,-1,-1
01484,2,174.02401733398438,1127.696533203125,457.1350402832031,199.812255859375,0.9192696809768677,-1,-1,-1
01485,2,66.5971908569336,1188.095703125,345.45450592041016,186.1522216796875,0.978411853313446,-1,-1,-1
01486,2,15.755794525146484,1200.38134765625,368.08932876586914,170.982666015625,0.9989446997642517,-1,-1,-1
01487,2,9.45057487487793,1188.16015625,362.7039051055908,194.7210693359375,0.9943162798881531,-1,-1,-1
01488,2,12.528227806091309,1201.5196533203125,293.5373239517212,175.810546875,0.9934552311897278,-1,-1,-1
01489,2,4.55356502532959,1207.3489990234375,263.2930841445923,190.4395751953125,0.9908427000045776,-1,-1,-1
01490,2,0.07250859588384628,1242.1392822265625,167.11872980743647,156.837890625,0.9673534035682678,-1,-1,-1
01643,2,748.2245483398438,799.3807983398438,117.03173828125,71.36474609375,0.9005011916160583,-1,-1,-1
01644,2,763.4337158203125,799.2881469726562,105.65533447265625,72.01165771484375,0.9490887522697449,-1,-1,-1
01645,2,771.9186401367188,800.6399536132812,106.9747314453125,76.19940185546875,0.8308635950088501,-1,-1,-1
01646,2,786.7383422851562,797.4315185546875,118.7569580078125,76.9005126953125,0.8412050604820251,-1,-1,-1
01647,2,791.1798706054688,793.5216674804688,123.7440185546875,88.55389404296875,0.9258902072906494,-1,-1,-1
01648,2,800.3934326171875,788.4910278320312,132.61090087890625,101.6319580078125,0.833105206489563,-1,-1,-1
01649,2,812.1200561523438,791.1648559570312,129.76361083984375,98.808837890625,0.8991587162017822,-1,-1,-1
01650,2,820.811279296875,795.106201171875,130.108642578125,97.2769775390625,0.9246435165405273,-1,-1,-1
01651,2,834.9832763671875,798.0527954101562,142.33453369140625,98.8853759765625,0.9680353403091431,-1,-1,-1
01652,2,844.2540893554688,804.1041259765625,148.4002685546875,97.538818359375,0.9816938042640686,-1,-1,-1
01653,2,855.0556030273438,799.5206298828125,161.1483154296875,110.0565185546875,0.8892598748207092,-1,-1,-1
01654,2,869.6442260742188,805.11669921875,155.05682373046875,112.14794921875,0.9661648273468018,-1,-1,-1
01655,2,879.2782592773438,795.7822265625,168.80914306640625,123.132080078125,0.8145127892494202,-1,-1,-1
01656,2,895.7935791015625,798.1341552734375,177.1268310546875,138.053466796875,0.9495615363121033,-1,-1,-1
01657,2,902.5778198242188,797.6708374023438,187.66937255859375,141.177490234375,0.94416344165802,-1,-1,-1
01658,2,921.8798217773438,792.88818359375,188.81744384765625,144.4537353515625,0.9848073720932007,-1,-1,-1
01659,2,933.5095825195312,798.8406982421875,205.58905029296875,149.56884765625,0.9849360585212708,-1,-1,-1
01660,2,957.3226928710938,801.0621337890625,212.09600830078125,155.24786376953125,0.9880318641662598,-1,-1,-1
01661,2,974.7301635742188,804.9603881835938,223.20135498046875,168.93548583984375,0.9891942739486694,-1,-1,-1
01662,2,999.5345458984375,809.348876953125,254.78955078125,174.4736328125,0.9939711093902588,-1,-1,-1
01663,2,1022.2554931640625,819.995361328125,265.6219482421875,175.4849853515625,0.9970073103904724,-1,-1,-1
01664,2,1040.9473876953125,813.2383422851562,287.142333984375,183.8419189453125,0.9454811215400696,-1,-1,-1
01665,2,1072.1107177734375,815.00439453125,305.2584228515625,198.73248291015625,0.9948973059654236,-1,-1,-1
01666,2,1107.9677734375,802.5787963867188,345.3359375,236.68865966796875,0.9892043471336365,-1,-1,-1
01667,2,1155.0318603515625,803.2826538085938,363.8634033203125,262.52606201171875,0.9945384860038757,-1,-1,-1
01668,2,1180.5863037109375,816.8838500976562,423.61865234375,265.05035400390625,0.9986451268196106,-1,-1,-1
01669,2,1238.0677490234375,820.0081176757812,476.32470703125,275.75164794921875,0.9981017708778381,-1,-1,-1
01670,2,1303.194580078125,797.5756225585938,522.3763427734375,348.36187744140625,0.9997870326042175,-1,-1,-1
01671,2,1375.6055908203125,815.6246948242188,583.080078125,361.37103271484375,0.9973356127738953,-1,-1,-1
01672,2,1472.3773193359375,842.716064453125,606.1395263671875,392.614990234375,0.9999055862426758,-1,-1,-1
01673,2,1593.08447265625,843.2933959960938,735.62158203125,435.02349853515625,0.999722421169281,-1,-1,-1
01674,2,1700.0904541015625,844.6813354492188,838.8411865234375,518.3309936523438,0.9998360872268677,-1,-1,-1
01675,2,1818.272216796875,862.1058959960938,722.576904296875,613.7383422851562,0.9980536699295044,-1,-1,-1
01676,2,2013.2996826171875,875.6014404296875,540.8961181640625,602.471435546875,0.9911780953407288,-1,-1,-1
01677,2,2276.010009765625,916.2442626953125,287.93408203125,587.2755126953125,0.9709757566452026,-1,-1,-1
01799,2,761.8638916015625,800.5218505859375,118.167724609375,88.3763427734375,0.8948225378990173,-1,-1,-1
01801,2,783.9215698242188,798.12744140625,129.84991455078125,92.975341796875,0.926418662071228,-1,-1,-1
01802,2,791.7839965820312,797.0592651367188,134.3316650390625,99.959716796875,0.9473029375076294,-1,-1,-1
01803,2,807.130859375,796.4561767578125,131.25738525390625,106.56756591796875,0.982187032699585,-1,-1,-1
01804,2,815.0774536132812,795.4115600585938,144.55780029296875,110.64996337890625,0.9540895223617554,-1,-1,-1
01805,2,828.8896484375,801.09228515625,154.413818359375,117.221435546875,0.9631029963493347,-1,-1,-1
01806,2,843.5697021484375,799.92333984375,159.7257080078125,121.73876953125,0.9626132249832153,-1,-1,-1
01807,2,853.6618041992188,799.6298217773438,163.33929443359375,125.485595703125,0.9443684816360474,-1,-1,-1
01808,2,864.8155517578125,802.0126342773438,166.1610107421875,126.62176513671875,0.9839502573013306,-1,-1,-1
01809,2,886.2939453125,799.5701904296875,172.775390625,144.55859375,0.9716516733169556,-1,-1,-1
01810,2,894.1068115234375,798.6879272460938,181.9952392578125,154.38958740234375,0.9809407591819763,-1,-1,-1
01811,2,910.4320678710938,800.6421508789062,192.07171630859375,155.702392578125,0.9943200349807739,-1,-1,-1
01812,2,927.1957397460938,800.2033081054688,207.75933837890625,167.2227783203125,0.9808651804924011,-1,-1,-1
01813,2,946.4915771484375,796.642578125,212.1182861328125,176.8359375,0.9893999695777893,-1,-1,-1
01814,2,967.7127075195312,804.0850830078125,227.03338623046875,185.964111328125,0.9654868245124817,-1,-1,-1
01815,2,977.8262939453125,815.622802734375,256.2943115234375,184.7413330078125,0.9913203120231628,-1,-1,-1
01816,2,1005.6234741210938,813.797607421875,257.44439697265625,193.84564208984375,0.9815757274627686,-1,-1,-1
01817,2,1028.9320068359375,815.5725708007812,297.0267333984375,211.51885986328125,0.9898453950881958,-1,-1,-1
01818,2,1044.7679443359375,814.931640625,326.1268310546875,229.677734375,0.9946593642234802,-1,-1,-1
01819,2,1090.8226318359375,812.5864868164062,368.900634765625,255.74334716796875,0.9934273958206177,-1,-1,-1
01820,2,1122.7916259765625,818.6068115234375,389.6397705078125,283.1932373046875,0.9921205043792725,-1,-1,-1
01821,2,1162.2633056640625,809.4521484375,445.0760498046875,304.4197998046875,0.9930892586708069,-1,-1,-1
01822,2,1228.1778564453125,800.8505859375,488.2996826171875,360.1396484375,0.9981125593185425,-1,-1,-1
01823,2,1297.2646484375,804.1350708007812,534.9449462890625,414.82122802734375,0.9933244585990906,-1,-1,-1
01824,2,1357.9534912109375,825.845458984375,625.847900390625,456.7125244140625,0.9983587861061096,-1,-1,-1
01825,2,1435.912841796875,823.809814453125,709.366455078125,491.9232177734375,0.9983751773834229,-1,-1,-1
01826,2,1554.2579345703125,837.8339233398438,842.2855224609375,559.0608520507812,0.9990988969802856,-1,-1,-1
01827,2,1700.4384765625,846.8308715820312,865.35888671875,661.4089965820312,0.9955999851226807,-1,-1,-1
01828,2,1857.271240234375,900.8084716796875,709.162841796875,686.1968994140625,0.9957423806190491,-1,-1,-1
01829,2,2091.50244140625,876.6062622070312,461.330810546875,684.4558715820312,0.8280255794525146,-1,-1,-1
01830,2,2385.569091796875,960.4041137695312,174.2353515625,502.08282470703125,0.9660162925720215,-1,-1,-1
02125,2,2380.20947265625,687.4498291015625,180.1455078125,300.35076904296875,0.9529549479484558,-1,-1,-1
02126,2,2259.875244140625,612.3177490234375,294.60595703125,367.81988525390625,0.9149063229560852,-1,-1,-1
02127,2,2169.723388671875,613.329345703125,386.341552734375,359.41937255859375,0.9964434504508972,-1,-1,-1
02128,2,2073.15087890625,582.7164306640625,473.427978515625,427.795654296875,0.9947488903999329,-1,-1,-1
02129,2,1989.6441650390625,611.2136840820312,566.0877685546875,365.735595703125,0.9850212931632996,-1,-1,-1
02130,2,1933.147216796875,612.3118896484375,607.64013671875,355.03729248046875,0.9908353090286255,-1,-1,-1
02131,2,1866.4267578125,618.897216796875,589.02685546875,328.07733154296875,0.9949138164520264,-1,-1,-1
02132,2,1781.862060546875,626.9972534179688,567.0439453125,282.5352783203125,0.9916415214538574,-1,-1,-1
02133,2,1719.3321533203125,621.5853271484375,527.4012451171875,283.927734375,0.991820216178894,-1,-1,-1
02134,2,1678.199951171875,626.7640380859375,487.141845703125,274.45758056640625,0.985153317451477,-1,-1,-1
02135,2,1638.3310546875,638.7821655273438,462.79638671875,245.22503662109375,0.987832248210907,-1,-1,-1
02136,2,1593.391845703125,643.8692626953125,404.0399169921875,236.8587646484375,0.9861792325973511,-1,-1,-1
02137,2,1558.805908203125,647.6573486328125,387.6834716796875,228.7703857421875,0.875872790813446,-1,-1,-1
02138,2,1515.7781982421875,657.296875,357.3082275390625,213.5018310546875,0.9382407665252686,-1,-1,-1
02139,2,1472.1722412109375,661.16455078125,362.698486328125,204.70892333984375,0.9871557950973511,-1,-1,-1
02140,2,1429.0269775390625,647.6265869140625,353.8741455078125,213.28662109375,0.8115066289901733,-1,-1,-1
02141,2,1388.72900390625,666.598388671875,350.566162109375,188.4609375,0.9038946628570557,-1,-1,-1
02142,2,1370.8912353515625,671.23486328125,317.8819580078125,184.7169189453125,0.9520270228385925,-1,-1,-1
02143,2,1351.5789794921875,670.6497192382812,290.05517578125,178.906005859375,0.9425202012062073,-1,-1,-1
02144,2,1331.9237060546875,677.3809204101562,270.7503662109375,171.62591552734375,0.9685433506965637,-1,-1,-1
02145,2,1302.990478515625,676.1777954101562,277.2611083984375,168.1231689453125,0.9620223641395569,-1,-1,-1
02146,2,1280.4700927734375,676.3154296875,267.5732421875,171.8424072265625,0.9651327729225159,-1,-1,-1
02147,2,1256.9102783203125,679.2401123046875,245.08154296875,167.2275390625,0.9716342091560364,-1,-1,-1
02148,2,1242.2852783203125,680.9031372070312,235.262451171875,161.8485107421875,0.9692478179931641,-1,-1,-1
02149,2,1220.5836181640625,686.5648193359375,220.296875,154.1328125,0.9690394401550293,-1,-1,-1
02150,2,1205.03125,692.01416015625,211.8726806640625,142.26324462890625,0.992035448551178,-1,-1,-1
02151,2,1179.198486328125,688.4039306640625,206.0445556640625,150.17498779296875,0.9896097183227539,-1,-1,-1
02152,2,1168.3505859375,690.0608520507812,200.40869140625,146.7181396484375,0.9888652563095093,-1,-1,-1
02153,2,1150.74658203125,696.40625,188.52197265625,134.812744140625,0.994657039642334,-1,-1,-1
02154,2,1137.5013427734375,697.1116943359375,186.1993408203125,133.68609619140625,0.9857063889503479,-1,-1,-1
02155,2,1118.1956787109375,695.8170166015625,181.5618896484375,136.63665771484375,0.9775418043136597,-1,-1,-1
02156,2,1101.4619140625,698.051513671875,180.98193359375,132.56610107421875,0.9830238223075867,-1,-1,-1
02157,2,1089.54150390625,698.22802734375,181.91357421875,130.6556396484375,0.9787585735321045,-1,-1,-1
02158,2,1070.4256591796875,704.4963989257812,172.9112548828125,118.00787353515625,0.9839497804641724,-1,-1,-1
02159,2,1054.13623046875,702.8024291992188,171.693359375,121.455322265625,0.9304823279380798,-1,-1,-1
02160,2,1039.4339599609375,707.859619140625,166.2841796875,112.6185302734375,0.9415509700775146,-1,-1,-1
02161,2,1021.9634399414062,710.0488891601562,167.71844482421875,107.90020751953125,0.8753092288970947,-1,-1,-1
02162,2,1005.6260986328125,708.8324584960938,161.51904296875,112.55401611328125,0.9772575497627258,-1,-1,-1
02163,2,995.3842163085938,708.0327758789062,170.66021728515625,115.11676025390625,0.9818466305732727,-1,-1,-1
02164,2,980.8214721679688,710.3590698242188,162.70770263671875,107.435302734375,0.9739760160446167,-1,-1,-1
02165,2,975.6078491210938,710.2869262695312,154.80108642578125,106.55096435546875,0.9661611318588257,-1,-1,-1
02166,2,969.1253051757812,710.191162109375,143.62591552734375,107.34344482421875,0.9738224744796753,-1,-1,-1
02167,2,959.0645751953125,710.4443359375,133.501708984375,110.2919921875,0.8289430141448975,-1,-1,-1
02168,2,941.8604125976562,706.3480834960938,143.93048095703125,103.96588134765625,0.9120323061943054,-1,-1,-1
02169,2,930.4161376953125,711.240966796875,149.39013671875,106.173095703125,0.8082451820373535,-1,-1,-1
02170,2,923.2953491210938,711.5419311523438,140.26947021484375,117.027099609375,0.8701748847961426,-1,-1,-1
02171,2,913.0550537109375,711.5712280273438,130.857177734375,118.49066162109375,0.8295506834983826,-1,-1,-1
02172,2,903.4152221679688,715.8593139648438,133.48687744140625,110.111572265625,0.9100445508956909,-1,-1,-1
02173,2,882.68017578125,719.5469360351562,146.2457275390625,106.88916015625,0.8085808157920837,-1,-1,-1
02174,2,882.5381469726562,718.1288452148438,124.3663330078125,106.67425537109375,0.8948105573654175,-1,-1,-1
02175,2,865.2853393554688,731.0510864257812,154.2049560546875,92.98809814453125,0.9317165017127991,-1,-1,-1
02176,2,863.6066284179688,729.6170043945312,153.51031494140625,89.41064453125,0.8281263709068298,-1,-1,-1
02177,2,852.9723510742188,742.7381591796875,118.6318359375,75.822509765625,0.9121444225311279,-1,-1,-1
02178,2,831.2075805664062,730.998779296875,159.54266357421875,96.75311279296875,0.9163224697113037,-1,-1,-1
02179,2,831.5011596679688,739.5496826171875,138.89739990234375,86.1683349609375,0.8604862093925476,-1,-1,-1
02180,2,819.84912109375,745.8615112304688,111.755126953125,79.428955078125,0.9262888431549072,-1,-1,-1
02181,2,807.8827514648438,754.9696655273438,110.769775390625,65.44805908203125,0.9853715300559998,-1,-1,-1
02182,2,802.4112548828125,755.3615112304688,109.839599609375,63.70904541015625,0.9811660647392273,-1,-1,-1
02183,2,790.6314697265625,750.6943359375,115.11212158203125,70.667724609375,0.970085859298706,-1,-1,-1
02184,2,777.4490356445312,753.1641845703125,118.994140625,70.22607421875,0.8529210090637207,-1,-1,-1
02185,2,779.0682983398438,753.4232177734375,101.3568115234375,69.3582763671875,0.9659929275512695,-1,-1,-1
02186,2,774.2296752929688,758.81640625,96.386962890625,63.176025390625,0.9471670985221863,-1,-1,-1
02187,2,771.0324096679688,765.748291015625,89.19976806640625,55.571044921875,0.9531234502792358,-1,-1,-1
02188,2,766.0952758789062,765.0145263671875,87.52923583984375,52.285888671875,0.8716431260108948,-1,-1,-1
02189,2,764.2855834960938,762.3350219726562,79.01165771484375,53.3353271484375,0.8943663239479065,-1,-1,-1
02191,2,728.773193359375,763.7942504882812,90.19610595703125,56.125244140625,0.9145991206169128,-1,-1,-1
02192,2,725.6287841796875,762.5628051757812,86.33856201171875,56.6751708984375,0.8516921401023865,-1,-1,-1
02279,2,809.095458984375,815.8297729492188,139.86322021484375,109.3114013671875,0.8217602372169495,-1,-1,-1
02280,2,827.6587524414062,820.424560546875,131.81658935546875,110.18255615234375,0.9003530144691467,-1,-1,-1
02281,2,837.2924194335938,822.9359741210938,132.91253662109375,115.89141845703125,0.9696962833404541,-1,-1,-1
02282,2,850.8450927734375,824.5079345703125,146.052978515625,119.71490478515625,0.9692073464393616,-1,-1,-1
02283,2,860.148193359375,829.2413330078125,150.57586669921875,119.3984375,0.9687446355819702,-1,-1,-1
02284,2,873.0932006835938,829.0853271484375,157.29815673828125,124.22509765625,0.98887038230896,-1,-1,-1
02285,2,891.0042724609375,829.9439697265625,169.7991943359375,131.740478515625,0.9919496774673462,-1,-1,-1
02286,2,901.5961303710938,842.0249633789062,174.79644775390625,132.35406494140625,0.99092698097229,-1,-1,-1
02287,2,921.5111083984375,833.870361328125,188.1456298828125,155.8804931640625,0.9834951758384705,-1,-1,-1
02288,2,936.570556640625,845.3176879882812,197.773681640625,157.625244140625,0.9857121109962463,-1,-1,-1
02289,2,962.423583984375,851.9815673828125,202.69677734375,157.11199951171875,0.9894596338272095,-1,-1,-1
02290,2,983.7311401367188,853.306396484375,237.44354248046875,176.380126953125,0.9940081834793091,-1,-1,-1
02291,2,1004.2046508789062,866.552001953125,245.42706298828125,178.246826171875,0.9584932327270508,-1,-1,-1
02292,2,1021.7788696289062,870.6402587890625,275.69110107421875,185.2969970703125,0.9532516598701477,-1,-1,-1
02293,2,1054.0654296875,870.9935913085938,295.68310546875,208.08697509765625,0.988491415977478,-1,-1,-1
02294,2,1100.520751953125,875.1384887695312,311.4637451171875,217.38531494140625,0.9974639415740967,-1,-1,-1
02295,2,1105.625244140625,879.4483642578125,365.03076171875,248.51904296875,0.9968318343162537,-1,-1,-1
02296,2,1175.9361572265625,879.774658203125,398.2437744140625,279.214111328125,0.9930121302604675,-1,-1,-1
02297,2,1220.2320556640625,896.403076171875,444.671630859375,309.3468017578125,0.9982554316520691,-1,-1,-1
02298,2,1289.12060546875,881.0923461914062,492.2242431640625,371.22357177734375,0.9992316961288452,-1,-1,-1
02299,2,1360.1787109375,905.616943359375,593.304931640625,390.537841796875,0.9958914518356323,-1,-1,-1
02300,2,1474.8814697265625,905.029541015625,602.9254150390625,464.034423828125,0.9998216032981873,-1,-1,-1
02301,2,1594.52978515625,929.7261962890625,752.36669921875,542.6812744140625,0.9994041919708252,-1,-1,-1
02302,2,1743.14453125,961.4114990234375,831.3974609375,593.149658203125,0.9996967315673828,-1,-1,-1
02303,2,1905.41748046875,974.4901733398438,644.695556640625,725.3966674804688,0.9964119791984558,-1,-1,-1
02304,2,2153.02294921875,1009.6474609375,406.508056640625,641.6246337890625,0.991132915019989,-1,-1,-1
02305,2,2464.284423828125,1130.8525390625,91.517822265625,532.56201171875,0.8531334400177002,-1,-1,-1
02362,2,2433.6953125,708.7091674804688,131.5517578125,299.60137939453125,0.9504802823066711,-1,-1,-1
02363,2,2235.7587890625,681.4088745117188,320.8515625,296.12005615234375,0.9962887763977051,-1,-1,-1
02364,2,2066.513916015625,680.2630615234375,477.634033203125,281.79779052734375,0.9993448853492737,-1,-1,-1
02365,2,1952.73828125,666.3223876953125,619.045166015625,300.3590087890625,0.9996765851974487,-1,-1,-1
02366,2,1639.5250244140625,689.8409423828125,472.0975341796875,214.5516357421875,0.998420238494873,-1,-1,-1
02367,2,1556.095947265625,704.2927856445312,440.552734375,182.17071533203125,0.9981075525283813,-1,-1,-1
02368,2,1469.88330078125,709.4153442382812,429.4962158203125,169.501708984375,0.998778760433197,-1,-1,-1
02369,2,1457.37646484375,708.0689697265625,342.430419921875,166.273681640625,0.995710015296936,-1,-1,-1
02370,2,1416.050537109375,704.837646484375,301.878173828125,170.61090087890625,0.9974225759506226,-1,-1,-1
02371,2,1352.3914794921875,698.9674682617188,315.147216796875,167.4591064453125,0.9940524697303772,-1,-1,-1
02372,2,1327.25927734375,696.9735717773438,272.8160400390625,162.29248046875,0.9869405627250671,-1,-1,-1
02373,2,1297.68701171875,702.0309448242188,259.6116943359375,152.40673828125,0.9971791505813599,-1,-1,-1
02374,2,1260.6773681640625,712.9848022460938,239.126220703125,141.931640625,0.9888968467712402,-1,-1,-1
02375,2,1225.135009765625,711.6013793945312,223.752197265625,133.97174072265625,0.9975616931915283,-1,-1,-1
02376,2,1216.099853515625,713.1852416992188,214.48388671875,130.0015869140625,0.9988425970077515,-1,-1,-1
02377,2,1179.6102294921875,714.6417236328125,204.4381103515625,128.880859375,0.9963935017585754,-1,-1,-1
02378,2,1161.7381591796875,717.6129150390625,191.5101318359375,120.4578857421875,0.998204231262207,-1,-1,-1
02379,2,1136.74072265625,718.8455810546875,190.844482421875,119.331787109375,0.996042013168335,-1,-1,-1
02380,2,1121.1376953125,721.676513671875,181.638671875,109.72479248046875,0.99733966588974,-1,-1,-1
02381,2,1098.8060302734375,716.6187133789062,170.5418701171875,118.9696044921875,0.9972604513168335,-1,-1,-1
02382,2,1080.845458984375,721.7218017578125,168.5738525390625,108.58172607421875,0.996921718120575,-1,-1,-1
02382,2,714.451416015625,805.9146728515625,89.81756591796875,63.38958740234375,0.8416098952293396,-1,-1,-1
02383,2,1065.6297607421875,722.462646484375,158.25146484375,106.716064453125,0.9934595823287964,-1,-1,-1
02384,2,1052.4833984375,726.9430541992188,157.26953125,99.6837158203125,0.9926779270172119,-1,-1,-1
02384,2,736.263916015625,806.2577514648438,79.20867919921875,68.29541015625,0.8320668935775757,-1,-1,-1
02385,2,1031.1494140625,723.5592651367188,153.2977294921875,102.70660400390625,0.9904820919036865,-1,-1,-1
02385,2,727.312744140625,802.8826293945312,102.43536376953125,72.67657470703125,0.8258267641067505,-1,-1,-1
02386,2,1016.3834228515625,722.3405151367188,149.251953125,105.3092041015625,0.9874747395515442,-1,-1,-1
02387,2,1007.8412475585938,723.0990600585938,148.79766845703125,101.096435546875,0.9913222789764404,-1,-1,-1
02387,2,743.8504028320312,799.6466064453125,112.12591552734375,83.5709228515625,0.822357714176178,-1,-1,-1
02388,2,993.98681640625,729.2060546875,135.1182861328125,95.49066162109375,0.9808290600776672,-1,-1,-1
02388,2,745.3280639648438,797.3440551757812,120.79083251953125,86.9781494140625,0.9176334738731384,-1,-1,-1
02389,2,760.499267578125,798.6102905273438,106.78314208984375,81.89990234375,0.9691913723945618,-1,-1,-1
02389,2,978.4444580078125,728.8613891601562,133.025634765625,90.930419921875,0.9625298976898193,-1,-1,-1
02390,2,769.7203369140625,794.7562255859375,113.938720703125,92.4169921875,0.9428505301475525,-1,-1,-1
02390,2,961.2760009765625,731.6951904296875,138.7044677734375,90.2198486328125,0.927868664264679,-1,-1,-1
02391,2,950.3357543945312,731.2415161132812,136.16424560546875,92.4576416015625,0.9648786783218384,-1,-1,-1
02391,2,771.5792846679688,797.8126831054688,114.7520751953125,87.31268310546875,0.8121122717857361,-1,-1,-1
02392,2,939.3816528320312,733.184814453125,135.66168212890625,85.50372314453125,0.969541609287262,-1,-1,-1
02392,2,784.388671875,798.9522705078125,132.2581787109375,90.37200927734375,0.9556120038032532,-1,-1,-1
02393,2,923.8689575195312,739.0460815429688,140.62213134765625,72.40582275390625,0.9818245768547058,-1,-1,-1
02393,2,790.6145629882812,802.2884521484375,132.33978271484375,89.6976318359375,0.9410387873649597,-1,-1,-1
02394,2,809.8359375,800.9217529296875,130.47161865234375,98.40924072265625,0.985015869140625,-1,-1,-1
02394,2,921.438720703125,740.7470703125,122.6373291015625,73.35888671875,0.9543779492378235,-1,-1,-1
02395,2,905.6078491210938,745.0986938476562,119.31927490234375,64.477294921875,0.9863551259040833,-1,-1,-1
02395,2,816.2010498046875,805.1442260742188,133.10302734375,95.17584228515625,0.9793224930763245,-1,-1,-1
02396,2,889.0949096679688,747.003662109375,130.47076416015625,63.30126953125,0.9639543890953064,-1,-1,-1
02396,2,828.41796875,793.8175659179688,153.21551513671875,103.406982421875,0.9196937084197998,-1,-1,-1
02397,2,841.3359375,790.6053466796875,155.622802734375,110.65374755859375,0.9049057960510254,-1,-1,-1
02398,2,848.009521484375,790.2739868164062,153.90728759765625,120.8609619140625,0.8201377391815186,-1,-1,-1
02399,2,857.33837890625,800.035400390625,167.746826171875,117.920654296875,0.8290641903877258,-1,-1,-1
02400,2,861.4022827148438,801.1968994140625,167.69842529296875,124.9229736328125,0.9719361662864685,-1,-1,-1
02400,2,848.6282348632812,754.4492797851562,113.44757080078125,59.56689453125,0.9030547142028809,-1,-1,-1
02401,2,872.1057739257812,807.4142456054688,173.08355712890625,132.6566162109375,0.9878498911857605,-1,-1,-1
02401,2,832.9686889648438,759.8890991210938,125.58880615234375,58.2481689453125,0.9277249574661255,-1,-1,-1
02402,2,895.7901000976562,802.7588500976562,171.73406982421875,137.8018798828125,0.9942755103111267,-1,-1,-1
02402,2,823.5123291015625,755.6683349609375,111.40582275390625,70.1749267578125,0.9811375141143799,-1,-1,-1
02403,2,816.326416015625,756.3853149414062,103.4307861328125,66.65631103515625,0.9952238202095032,-1,-1,-1
02403,2,897.8721923828125,803.9657592773438,174.662109375,141.305908203125,0.9883672595024109,-1,-1,-1
02404,2,807.3250732421875,755.59423828125,102.73095703125,64.81964111328125,0.9922892451286316,-1,-1,-1
02404,2,908.634033203125,809.18017578125,193.762939453125,139.62847900390625,0.9961666464805603,-1,-1,-1
02405,2,799.2352905273438,752.0729370117188,102.8248291015625,69.5902099609375,0.9906065464019775,-1,-1,-1
02405,2,931.692626953125,806.6598510742188,194.935546875,150.38787841796875,0.9949260950088501,-1,-1,-1
02406,2,790.040283203125,757.02978515625,95.79339599609375,64.45147705078125,0.9555054903030396,-1,-1,-1
02406,2,934.41162109375,810.61279296875,201.3388671875,149.10595703125,0.9943781495094299,-1,-1,-1
02407,2,781.1176147460938,759.9072265625,94.5390625,67.36761474609375,0.9899459481239319,-1,-1,-1
02407,2,953.8140258789062,810.5690307617188,204.16973876953125,162.78924560546875,0.9937382936477661,-1,-1,-1
02408,2,777.2075805664062,762.3529052734375,88.12347412109375,61.870361328125,0.9892375469207764,-1,-1,-1
02408,2,970.8045654296875,812.411865234375,223.2210693359375,169.05224609375,0.988003134727478,-1,-1,-1
02409,2,984.0432739257812,823.5420532226562,231.71624755859375,172.1429443359375,0.995908260345459,-1,-1,-1
02409,2,772.9552612304688,765.583740234375,80.56494140625,55.91534423828125,0.9793552756309509,-1,-1,-1
02410,2,1006.5383911132812,818.495361328125,244.86700439453125,184.68402099609375,0.9901686906814575,-1,-1,-1
02410,2,761.2508544921875,768.8007202148438,87.0648193359375,53.07147216796875,0.9625418186187744,-1,-1,-1
02411,2,1012.7833251953125,817.2633056640625,259.451904296875,194.04425048828125,0.9979958534240723,-1,-1,-1
02411,2,760.0073852539062,773.0340576171875,81.33203125,46.93353271484375,0.8988149762153625,-1,-1,-1
02412,2,1041.8748779296875,823.4411010742188,276.954833984375,209.09564208984375,0.9927534461021423,-1,-1,-1
02412,2,721.9725341796875,774.7967529296875,109.0770263671875,47.796142578125,0.9192916750907898,-1,-1,-1
02413,2,1069.2384033203125,826.290283203125,286.9090576171875,220.10693359375,0.9987331032752991,-1,-1,-1
02413,2,726.5935668945312,774.7823486328125,96.82171630859375,48.69415283203125,0.873039722442627,-1,-1,-1
02414,2,1094.406005859375,823.0252685546875,327.4251708984375,237.688720703125,0.996955394744873,-1,-1,-1
02414,2,732.3302001953125,772.77587890625,77.68316650390625,48.44610595703125,0.9141792058944702,-1,-1,-1
02415,2,1109.0272216796875,831.9685668945312,362.2017822265625,245.20184326171875,0.9896857142448425,-1,-1,-1
02415,2,725.3329467773438,772.46337890625,79.14208984375,50.43389892578125,0.9042273163795471,-1,-1,-1
